 ************************************************************************************************************************
                         Exem


data

  number of boundary elements= 80

  number of functional nodes= 84

  number of internal source points where the funct. is calculated=144




  coordinates of the source points of the boundary elements

    point          x                  y
        1      0.0000000E+00      0.0000000E+00
        2      0.5000000E-01      0.0000000E+00
        3      0.1000000E+00      0.0000000E+00
        4      0.1500000E+00      0.0000000E+00
        5      0.2000000E+00      0.0000000E+00
        6      0.2500000E+00      0.0000000E+00
        7      0.3000000E+00      0.0000000E+00
        8      0.3500000E+00      0.0000000E+00
        9      0.4000000E+00      0.0000000E+00
       10      0.4500000E+00      0.0000000E+00
       11      0.5000000E+00      0.0000000E+00
       12      0.5500000E+00      0.0000000E+00
       13      0.6000000E+00      0.0000000E+00
       14      0.6500000E+00      0.0000000E+00
       15      0.7000000E+00      0.0000000E+00
       16      0.7500000E+00      0.0000000E+00
       17      0.8000000E+00      0.0000000E+00
       18      0.8500000E+00      0.0000000E+00
       19      0.9000000E+00      0.0000000E+00
       20      0.9500000E+00      0.0000000E+00
       21      0.1000000E+01      0.0000000E+00
       22      0.1000000E+01      0.0000000E+00
       23      0.1000000E+01      0.5000000E-01
       24      0.1000000E+01      0.1000000E+00
       25      0.1000000E+01      0.1500000E+00
       26      0.1000000E+01      0.2000000E+00
       27      0.1000000E+01      0.2500000E+00
       28      0.1000000E+01      0.3000000E+00
       29      0.1000000E+01      0.3500000E+00
       30      0.1000000E+01      0.4000000E+00
       31      0.1000000E+01      0.4500000E+00
       32      0.1000000E+01      0.5000000E+00
       33      0.1000000E+01      0.5500000E+00
       34      0.1000000E+01      0.6000000E+00
       35      0.1000000E+01      0.6500000E+00
       36      0.1000000E+01      0.7000000E+00
       37      0.1000000E+01      0.7500000E+00
       38      0.1000000E+01      0.8000000E+00
       39      0.1000000E+01      0.8500000E+00
       40      0.1000000E+01      0.9000000E+00
       41      0.1000000E+01      0.9500000E+00
       42      0.1000000E+01      0.1000000E+01
       43      0.1000000E+01      0.1000000E+01
       44      0.9500000E+00      0.1000000E+01
       45      0.9000000E+00      0.1000000E+01
       46      0.8500000E+00      0.1000000E+01
       47      0.8000000E+00      0.1000000E+01
       48      0.7500000E+00      0.1000000E+01
       49      0.7000000E+00      0.1000000E+01
       50      0.6500000E+00      0.1000000E+01
       51      0.6000000E+00      0.1000000E+01
       52      0.5500000E+00      0.1000000E+01
       53      0.5000000E+00      0.1000000E+01
       54      0.4500000E+00      0.1000000E+01
       55      0.4000000E+00      0.1000000E+01
       56      0.3500000E+00      0.1000000E+01
       57      0.3000000E+00      0.1000000E+01
       58      0.2500000E+00      0.1000000E+01
       59      0.2000000E+00      0.1000000E+01
       60      0.1500000E+00      0.1000000E+01
       61      0.1000000E+00      0.1000000E+01
       62      0.5000000E-01      0.1000000E+01
       63      0.0000000E+00      0.1000000E+01
       64      0.0000000E+00      0.1000000E+01
       65      0.0000000E+00      0.9500000E+00
       66      0.0000000E+00      0.9000000E+00
       67      0.0000000E+00      0.8500000E+00
       68      0.0000000E+00      0.8000000E+00
       69      0.0000000E+00      0.7500000E+00
       70      0.0000000E+00      0.7000000E+00
       71      0.0000000E+00      0.6500000E+00
       72      0.0000000E+00      0.6000000E+00
       73      0.0000000E+00      0.5500000E+00
       74      0.0000000E+00      0.5000000E+00
       75      0.0000000E+00      0.4500000E+00
       76      0.0000000E+00      0.4000000E+00
       77      0.0000000E+00      0.3500000E+00
       78      0.0000000E+00      0.3000000E+00
       79      0.0000000E+00      0.2500000E+00
       80      0.0000000E+00      0.2000000E+00
       81      0.0000000E+00      0.1500000E+00
       82      0.0000000E+00      0.1000000E+00
       83      0.0000000E+00      0.5000000E-01
       84      0.0000000E+00      0.0000000E+00
       85      0.4167000E-01      0.4167000E-01
       86      0.1250000E+00      0.4167000E-01
       87      0.2083300E+00      0.4167000E-01
       88      0.2916700E+00      0.4167000E-01
       89      0.3750000E+00      0.4167000E-01
       90      0.4583300E+00      0.4167000E-01
       91      0.5416700E+00      0.4167000E-01
       92      0.6250000E+00      0.4167000E-01
       93      0.7083300E+00      0.4167000E-01
       94      0.7916700E+00      0.4167000E-01
       95      0.8750000E+00      0.4167000E-01
       96      0.9583300E+00      0.4167000E-01
       97      0.4167000E-01      0.1250000E+00
       98      0.1250000E+00      0.1250000E+00
       99      0.2083300E+00      0.1250000E+00
      100      0.2916700E+00      0.1250000E+00
      101      0.3750000E+00      0.1250000E+00
      102      0.4583300E+00      0.1250000E+00
      103      0.5416700E+00      0.1250000E+00
      104      0.6250000E+00      0.1250000E+00
      105      0.7083300E+00      0.1250000E+00
      106      0.7916700E+00      0.1250000E+00
      107      0.8750000E+00      0.1250000E+00
      108      0.9583300E+00      0.1250000E+00
      109      0.4167000E-01      0.2083300E+00
      110      0.1250000E+00      0.2083300E+00
      111      0.2083300E+00      0.2083300E+00
      112      0.2916700E+00      0.2083300E+00
      113      0.3750000E+00      0.2083300E+00
      114      0.4583300E+00      0.2083300E+00
      115      0.5416700E+00      0.2083300E+00
      116      0.6250000E+00      0.2083300E+00
      117      0.7083300E+00      0.2083300E+00
      118      0.7916700E+00      0.2083300E+00
      119      0.8750000E+00      0.2083300E+00
      120      0.9583300E+00      0.2083300E+00
      121      0.4167000E-01      0.2916700E+00
      122      0.1250000E+00      0.2916700E+00
      123      0.2083300E+00      0.2916700E+00
      124      0.2916700E+00      0.2916700E+00
      125      0.3750000E+00      0.2916700E+00
      126      0.4583300E+00      0.2916700E+00
      127      0.5416700E+00      0.2916700E+00
      128      0.6250000E+00      0.2916700E+00
      129      0.7083300E+00      0.2916700E+00
      130      0.7916700E+00      0.2916700E+00
      131      0.8750000E+00      0.2916700E+00
      132      0.9583300E+00      0.2916700E+00
      133      0.4167000E-01      0.3750000E+00
      134      0.1250000E+00      0.3750000E+00
      135      0.2083300E+00      0.3750000E+00
      136      0.2916700E+00      0.3750000E+00
      137      0.3750000E+00      0.3750000E+00
      138      0.4583300E+00      0.3750000E+00
      139      0.5416700E+00      0.3750000E+00
      140      0.6250000E+00      0.3750000E+00
      141      0.7083300E+00      0.3750000E+00
      142      0.7916700E+00      0.3750000E+00
      143      0.8750000E+00      0.3750000E+00
      144      0.9583300E+00      0.3750000E+00
      145      0.4167000E-01      0.4583300E+00
      146      0.1250000E+00      0.4583300E+00
      147      0.2083300E+00      0.4583300E+00
      148      0.2916700E+00      0.4583300E+00
      149      0.3750000E+00      0.4583300E+00
      150      0.4583300E+00      0.4583300E+00
      151      0.5416700E+00      0.4583300E+00
      152      0.6250000E+00      0.4583300E+00
      153      0.7083300E+00      0.4583300E+00
      154      0.7916700E+00      0.4583300E+00
      155      0.8750000E+00      0.4583300E+00
      156      0.9583300E+00      0.4583300E+00
      157      0.4167000E-01      0.5416700E+00
      158      0.1250000E+00      0.5416700E+00
      159      0.2083300E+00      0.5416700E+00
      160      0.2916700E+00      0.5416700E+00
      161      0.3750000E+00      0.5416700E+00
      162      0.4583300E+00      0.5416700E+00
      163      0.5416700E+00      0.5416700E+00
      164      0.6250000E+00      0.5416700E+00
      165      0.7083300E+00      0.5416700E+00
      166      0.7916700E+00      0.5416700E+00
      167      0.8750000E+00      0.5416700E+00
      168      0.9583300E+00      0.5416700E+00
      169      0.4167000E-01      0.6250000E+00
      170      0.1250000E+00      0.6250000E+00
      171      0.2083300E+00      0.6250000E+00
      172      0.2916700E+00      0.6250000E+00
      173      0.3750000E+00      0.6250000E+00
      174      0.4583300E+00      0.6250000E+00
      175      0.5416700E+00      0.6250000E+00
      176      0.6250000E+00      0.6250000E+00
      177      0.7083300E+00      0.6250000E+00
      178      0.7916700E+00      0.6250000E+00
      179      0.8750000E+00      0.6250000E+00
      180      0.9583300E+00      0.6250000E+00
      181      0.4167000E-01      0.7083300E+00
      182      0.1250000E+00      0.7083300E+00
      183      0.2083300E+00      0.7083300E+00
      184      0.2916700E+00      0.7083300E+00
      185      0.3750000E+00      0.7083300E+00
      186      0.4583300E+00      0.7083300E+00
      187      0.5416700E+00      0.7083300E+00
      188      0.6250000E+00      0.7083300E+00
      189      0.7083300E+00      0.7083300E+00
      190      0.7916700E+00      0.7083300E+00
      191      0.8750000E+00      0.7083300E+00
      192      0.9583300E+00      0.7083300E+00
      193      0.4167000E-01      0.7916700E+00
      194      0.1250000E+00      0.7916700E+00
      195      0.2083300E+00      0.7916700E+00
      196      0.2916700E+00      0.7916700E+00
      197      0.3750000E+00      0.7916700E+00
      198      0.4583300E+00      0.7916700E+00
      199      0.5416700E+00      0.7916700E+00
      200      0.6250000E+00      0.7916700E+00
      201      0.7083300E+00      0.7916700E+00
      202      0.7916700E+00      0.7916700E+00
      203      0.8750000E+00      0.7916700E+00
      204      0.9583300E+00      0.7916700E+00
      205      0.4167000E-01      0.8750000E+00
      206      0.1250000E+00      0.8750000E+00
      207      0.2083300E+00      0.8750000E+00
      208      0.2916700E+00      0.8750000E+00
      209      0.3750000E+00      0.8750000E+00
      210      0.4583300E+00      0.8750000E+00
      211      0.5416700E+00      0.8750000E+00
      212      0.6250000E+00      0.8750000E+00
      213      0.7083300E+00      0.8750000E+00
      214      0.7916700E+00      0.8750000E+00
      215      0.8750000E+00      0.8750000E+00
      216      0.9583300E+00      0.8750000E+00
      217      0.4167000E-01      0.9583300E+00
      218      0.1250000E+00      0.9583300E+00
      219      0.2083300E+00      0.9583300E+00
      220      0.2916700E+00      0.9583300E+00
      221      0.3750000E+00      0.9583300E+00
      222      0.4583300E+00      0.9583300E+00
      223      0.5416700E+00      0.9583300E+00
      224      0.6250000E+00      0.9583300E+00
      225      0.7083300E+00      0.9583300E+00
      226      0.7916700E+00      0.9583300E+00
      227      0.8750000E+00      0.9583300E+00
      228      0.9583300E+00      0.9583300E+00


  boundary conditions

     node      code     prescribed value
       1        1         84         0.0000000E+00
       2        1          0         0.0000000E+00
       3        1          0         0.0000000E+00
       4        1          0         0.0000000E+00
       5        1          0         0.0000000E+00
       6        1          0         0.0000000E+00
       7        1          0         0.0000000E+00
       8        1          0         0.0000000E+00
       9        1          0         0.0000000E+00
      10        1          0         0.0000000E+00
      11        1          0         0.0000000E+00
      12        1          0         0.0000000E+00
      13        1          0         0.0000000E+00
      14        1          0         0.0000000E+00
      15        1          0         0.0000000E+00
      16        1          0         0.0000000E+00
      17        1          0         0.0000000E+00
      18        1          0         0.0000000E+00
      19        1          0         0.0000000E+00
      20        1          0         0.0000000E+00
      21        1         22         0.0000000E+00
      22        1         21         0.1000000E+01
      23        1          0         0.1000000E+01
      24        1          0         0.1000000E+01
      25        1          0         0.1000000E+01
      26        1          0         0.1000000E+01
      27        1          0         0.1000000E+01
      28        1          0         0.1000000E+01
      29        1          0         0.1000000E+01
      30        1          0         0.1000000E+01
      31        1          0         0.1000000E+01
      32        1          0         0.1000000E+01
      33        1          0         0.1000000E+01
      34        1          0         0.1000000E+01
      35        1          0         0.1000000E+01
      36        1          0         0.1000000E+01
      37        1          0         0.1000000E+01
      38        1          0         0.1000000E+01
      39        1          0         0.1000000E+01
      40        1          0         0.1000000E+01
      41        1          0         0.1000000E+01
      42        1         43         0.1000000E+01
      43        1         42         0.0000000E+00
      44        1          0         0.0000000E+00
      45        1          0         0.0000000E+00
      46        1          0         0.0000000E+00
      47        1          0         0.0000000E+00
      48        1          0         0.0000000E+00
      49        1          0         0.0000000E+00
      50        1          0         0.0000000E+00
      51        1          0         0.0000000E+00
      52        1          0         0.0000000E+00
      53        1          0         0.0000000E+00
      54        1          0         0.0000000E+00
      55        1          0         0.0000000E+00
      56        1          0         0.0000000E+00
      57        1          0         0.0000000E+00
      58        1          0         0.0000000E+00
      59        1          0         0.0000000E+00
      60        1          0         0.0000000E+00
      61        1          0         0.0000000E+00
      62        1          0         0.0000000E+00
      63        1         64         0.0000000E+00
      64        0         63         0.0000000E+00
      65        0          0         0.0000000E+00
      66        0          0         0.0000000E+00
      67        0          0         0.0000000E+00
      68        0          0         0.0000000E+00
      69        0          0         0.0000000E+00
      70        0          0         0.0000000E+00
      71        0          0         0.0000000E+00
      72        0          0         0.0000000E+00
      73        0          0         0.0000000E+00
      74        0          0         0.0000000E+00
      75        0          0         0.0000000E+00
      76        0          0         0.0000000E+00
      77        0          0         0.0000000E+00
      78        0          0         0.0000000E+00
      79        0          0         0.0000000E+00
      80        0          0         0.0000000E+00
      81        0          0         0.0000000E+00
      82        0          0         0.0000000E+00
      83        0          0         0.0000000E+00
      84        0          1         0.0000000E+00


  incidence of geometric nodes

      first node      second node

       1          1       2
       2          2       3
       3          3       4
       4          4       5
       5          5       6
       6          6       7
       7          7       8
       8          8       9
       9          9      10
      10         10      11
      11         11      12
      12         12      13
      13         13      14
      14         14      15
      15         15      16
      16         16      17
      17         17      18
      18         18      19
      19         19      20
      20         20      21
      21         22      23
      22         23      24
      23         24      25
      24         25      26
      25         26      27
      26         27      28
      27         28      29
      28         29      30
      29         30      31
      30         31      32
      31         32      33
      32         33      34
      33         34      35
      34         35      36
      35         36      37
      36         37      38
      37         38      39
      38         39      40
      39         40      41
      40         41      42
      41         43      44
      42         44      45
      43         45      46
      44         46      47
      45         47      48
      46         48      49
      47         49      50
      48         50      51
      49         51      52
      50         52      53
      51         53      54
      52         54      55
      53         55      56
      54         56      57
      55         57      58
      56         58      59
      57         59      60
      58         60      61
      59         61      62
      60         62      63
      61         64      65
      62         65      66
      63         66      67
      64         67      68
      65         68      69
      66         69      70
      67         70      71
      68         71      72
      69         72      73
      70         73      74
      71         74      75
      72         75      76
      73         76      77
      74         77      78
      75         78      79
      76         79      80
      77         80      81
      78         81      82
      79         82      83
      80         83      84
 NOVAS COORDENADAS DOS nos duplos
     0.0010     0.0000
     0.0500     0.0000
     0.1000     0.0000
     0.1500     0.0000
     0.2000     0.0000
     0.2500     0.0000
     0.3000     0.0000
     0.3500     0.0000
     0.4000     0.0000
     0.4500     0.0000
     0.5000     0.0000
     0.5500     0.0000
     0.6000     0.0000
     0.6500     0.0000
     0.7000     0.0000
     0.7500     0.0000
     0.8000     0.0000
     0.8500     0.0000
     0.9000     0.0000
     0.9500     0.0000
     0.9990     0.0000
     1.0000     0.0010
     1.0000     0.0500
     1.0000     0.1000
     1.0000     0.1500
     1.0000     0.2000
     1.0000     0.2500
     1.0000     0.3000
     1.0000     0.3500
     1.0000     0.4000
     1.0000     0.4500
     1.0000     0.5000
     1.0000     0.5500
     1.0000     0.6000
     1.0000     0.6500
     1.0000     0.7000
     1.0000     0.7500
     1.0000     0.8000
     1.0000     0.8500
     1.0000     0.9000
     1.0000     0.9500
     1.0000     0.9990
     0.9990     1.0000
     0.9500     1.0000
     0.9000     1.0000
     0.8500     1.0000
     0.8000     1.0000
     0.7500     1.0000
     0.7000     1.0000
     0.6500     1.0000
     0.6000     1.0000
     0.5500     1.0000
     0.5000     1.0000
     0.4500     1.0000
     0.4000     1.0000
     0.3500     1.0000
     0.3000     1.0000
     0.2500     1.0000
     0.2000     1.0000
     0.1500     1.0000
     0.1000     1.0000
     0.0500     1.0000
     0.0010     1.0000
     0.0000     0.9990
     0.0000     0.9500
     0.0000     0.9000
     0.0000     0.8500
     0.0000     0.8000
     0.0000     0.7500
     0.0000     0.7000
     0.0000     0.6500
     0.0000     0.6000
     0.0000     0.5500
     0.0000     0.5000
     0.0000     0.4500
     0.0000     0.4000
     0.0000     0.3500
     0.0000     0.3000
     0.0000     0.2500
     0.0000     0.2000
     0.0000     0.1500
     0.0000     0.1000
     0.0000     0.0500
     0.0000     0.0010
 wrop1=  9.999999776482583E-004
 wrop2=  4.900000002235175E-002
 wrop1=  4.900000002235183E-002
 wrop2=  9.999999776482138E-004
 wrop1=  9.999999776482583E-004
 wrop2=  4.900000002235175E-002
 wrop1=  4.900000002235183E-002
 wrop2=  9.999999776482138E-004
 wrop1=  9.999999776482138E-004
 wrop2=  4.900000002235183E-002
 wrop1=  4.900000002235175E-002
 wrop2=  9.999999776482583E-004
 wrop1=  9.999999776482138E-004
 wrop2=  4.900000002235183E-002
 wrop1=  4.900000002235175E-002
 wrop2=  9.999999776482583E-004
 -13.7254
 -13.2676
 -12.7783
 -12.2703
 -11.7471
 -11.2127
 -10.6711
 -10.1266
  -9.5837
  -9.0473
  -8.5223
  -8.0142
  -7.5286
  -7.0715
  -6.6494
  -6.2689
  -5.9373
  -5.6620
  -5.4511
  -5.3130
  -5.2568
  -5.2432
  -4.6334
  -4.0639
  -3.5492
  -3.0937
  -2.7017
  -2.3764
  -2.1206
  -1.9365
  -1.8254
  -1.7883
  -1.8254
  -1.9365
  -2.1206
  -2.3764
  -2.7017
  -3.0937
  -3.5492
  -4.0639
  -4.6334
  -5.2432
  -5.2568
  -5.3130
  -5.4511
  -5.6620
  -5.9373
  -6.2689
  -6.6494
  -7.0715
  -7.5286
  -8.0142
  -8.5223
  -9.0473
  -9.5837
 -10.1266
 -10.6711
 -11.2127
 -11.7471
 -12.2703
 -12.7783
 -13.2676
 -13.7254
 -13.7307
 -13.5500
 -13.3775
 -13.2195
 -13.0779
 -12.9548
 -12.8517
 -12.7701
 -12.7110
 -12.6752
 -12.6632
 -12.6752
 -12.7110
 -12.7701
 -12.8517
 -12.9548
 -13.0779
 -13.2195
 -13.3775
 -13.5500
 -13.7307
 -13.1780
 -12.3276
 -11.4290
 -10.4998
  -9.5599
  -8.6304
  -7.7348
  -6.8994
  -6.1530
  -5.5274
  -5.0584
  -4.7848
 -12.8685
 -11.9645
 -11.0100
 -10.0229
  -9.0230
  -8.0319
  -7.0737
  -6.1755
  -5.3677
  -4.6845
  -4.1655
  -3.8569
 -12.6064
 -11.6577
 -10.6566
  -9.6208
  -8.5704
  -7.5273
  -6.5160
  -5.5647
  -4.7053
  -3.9747
  -3.4167
  -3.0847
 -12.4011
 -11.4178
 -10.3805
  -9.3069
  -8.2171
  -7.1333
  -6.0806
  -5.0880
  -4.1890
  -3.4227
  -2.8366
  -2.4887
 -12.2600
 -11.2532
 -10.1911
  -9.0916
  -7.9749
  -6.8632
  -5.7822
  -4.7615
  -3.8357
  -3.0458
  -2.4416
  -2.0837
 -12.1881
 -11.1694
 -10.0948
  -8.9821
  -7.8517
  -6.7259
  -5.6305
  -4.5956
  -3.6563
  -2.8547
  -2.2417
  -1.8789
 -12.1881
 -11.1694
 -10.0948
  -8.9821
  -7.8517
  -6.7259
  -5.6305
  -4.5956
  -3.6563
  -2.8547
  -2.2417
  -1.8789
 -12.2600
 -11.2532
 -10.1911
  -9.0916
  -7.9749
  -6.8632
  -5.7822
  -4.7615
  -3.8357
  -3.0458
  -2.4416
  -2.0837
 -12.4011
 -11.4178
 -10.3805
  -9.3069
  -8.2171
  -7.1333
  -6.0806
  -5.0880
  -4.1890
  -3.4227
  -2.8366
  -2.4887
 -12.6064
 -11.6577
 -10.6566
  -9.6208
  -8.5704
  -7.5273
  -6.5160
  -5.5647
  -4.7053
  -3.9747
  -3.4167
  -3.0847
 -12.8685
 -11.9645
 -11.0100
 -10.0229
  -9.0230
  -8.0319
  -7.0737
  -6.1755
  -5.3677
  -4.6845
  -4.1655
  -3.8569
 -13.1780
 -12.3276
 -11.4290
 -10.4998
  -9.5599
  -8.6304
  -7.7348
  -6.8994
  -6.1530
  -5.5274
  -5.0584
  -4.7848
 fi= -5.328621831889091E-003
 fi=  0.296152781496918     
 fi=  0.378045656848794     
 fi=  0.172375903617212     
 fi= -0.190097998314602     
 fi= -0.443568819796229     
 fi= -0.413505728085369     
 fi= -0.106775066177118     
 fi=  0.256122888180958     
 fi=  0.442629496280719     
 fi=  0.322122330641384     
 fi= -4.098559545766989E-003
 fi= -0.303071892009511     
 fi= -0.352117985137746     
 fi= -0.120106424168180     
 fi=  0.217198785610612     
 fi=  0.413763543949667     
 fi=  0.313113518375051     
 fi= -1.931069826759801E-002
 fi= -0.371503627303881     
 fi= -0.483033067860319     
 fi= -0.480668850562025     
 fi= -0.464125764524133     
 fi= -0.425058716296123     
 fi= -0.375206124993652     
 fi= -0.339439183230866     
 fi= -0.332982450828604     
 fi= -0.346379704945585     
 fi= -0.358564343190994     
 fi= -0.344486567002549     
 fi= -0.293547186450414     
 fi= -0.216736319539972     
 fi= -0.137528958641387     
 fi= -8.077804178160330E-002
 fi= -5.931249588051291E-002
 fi= -6.428259059448227E-002
 fi= -7.206927110119954E-002
 fi= -6.018357519296080E-002
 fi= -1.791524324082455E-002
 fi=  4.260529144567988E-002
 fi=  9.735796165393466E-002
 fi=  0.107916833558650     
 fi=  0.107310346105762     
 fi=  4.399320987405943E-002
 fi= -2.259972959537727E-002
 fi= -5.085219699287859E-002
 fi= -3.531212802586672E-002
 fi=  1.044789556809977E-004
 fi=  2.206478691213432E-002
 fi=  9.386452545981250E-003
 fi= -3.140634793338230E-002
 fi= -7.604978037298198E-002
 fi= -9.356947426183948E-002
 fi= -7.098615861656929E-002
 fi= -1.590547389455443E-002
 fi=  4.444291073557771E-002
 fi=  8.581153065340025E-002
 fi=  9.203291332042216E-002
 fi=  6.731442784032299E-002
 fi=  2.446267675776170E-002
 fi= -2.297600578785261E-003
 fi= -7.603050808648662E-003
 fi=  1.745008458526598E-004
 fi=  0.000000000000000E+000
 fi=  0.000000000000000E+000
 fi=  0.000000000000000E+000
 fi=  0.000000000000000E+000
 fi=  0.000000000000000E+000
 fi=  0.000000000000000E+000
 fi=  0.000000000000000E+000
 fi=  0.000000000000000E+000
 fi=  0.000000000000000E+000
 fi=  0.000000000000000E+000
 fi=  0.000000000000000E+000
 fi=  0.000000000000000E+000
 fi=  0.000000000000000E+000
 fi=  0.000000000000000E+000
 fi=  0.000000000000000E+000
 fi=  0.000000000000000E+000
 fi=  0.000000000000000E+000
 fi=  0.000000000000000E+000
 fi=  0.000000000000000E+000
 fi=  0.000000000000000E+000
 fi=  0.000000000000000E+000
 fi=  0.253507476616258     
 fi=  0.309884035914365     
 fi= -0.232563313105109     
 fi= -0.427347078445850     
 fi=  8.428895576737863E-002
 fi=  0.433910466458927     
 fi=  4.388482821103278E-002
 fi= -0.372273117713630     
 fi= -7.261369203060214E-002
 fi=  0.394269788024108     
 fi=  0.169135894921071     
 fi= -0.398266731786666     
 fi=  0.272693564964682     
 fi=  0.363465273957763     
 fi= -0.165047206438669     
 fi= -0.376630952467496     
 fi=  9.841173109348844E-002
 fi=  0.406745412643090     
 fi= -1.484388882046689E-002
 fi= -0.437915884423637     
 fi= -0.119020494997566     
 fi=  0.390302325069156     
 fi=  0.210347826605451     
 fi= -0.334267727500798     
 fi=  0.272089494323709     
 fi=  0.376879316080263     
 fi= -0.121458341033045     
 fi= -0.333246820934962     
 fi=  0.100341074826349     
 fi=  0.374186268799152     
 fi= -4.200619458094448E-002
 fi= -0.449091554055573     
 fi= -0.137450688649490     
 fi=  0.367278170225332     
 fi=  0.220725512995307     
 fi= -0.278770051330751     
 fi=  0.235700936842444     
 fi=  0.309771342785957     
 fi= -0.153728475671176     
 fi= -0.338752607199436     
 fi=  8.009900782054707E-002
 fi=  0.359028364554703     
 fi=  2.135906386713283E-003
 fi= -0.363584000857765     
 fi= -9.618591701208912E-002
 fi=  0.332166778493225     
 fi=  0.170690071583006     
 fi= -0.293019719072394     
 fi=  0.186572282208292     
 fi=  0.221307269997939     
 fi= -0.190696020808936     
 fi= -0.337706082977105     
 fi=  5.584790542318438E-002
 fi=  0.332300246311737     
 fi=  5.085337043841087E-002
 fi= -0.255262356377335     
 fi= -4.057022694766001E-002
 fi=  0.287645498115722     
 fi=  0.104187776505571     
 fi= -0.314097754281519     
 fi=  0.153784708217868     
 fi=  0.185410620334182     
 fi= -0.146753657745401     
 fi= -0.264703924259875     
 fi=  5.019395667518507E-002
 fi=  0.262594164619702     
 fi=  2.676650080386127E-002
 fi= -0.213849109486068     
 fi= -2.773748642509392E-002
 fi=  0.236649078075515     
 fi=  7.858447490576770E-002
 fi= -0.255947485869601     
 fi=  0.131352697526952     
 fi=  0.182865985273021     
 fi= -5.202087828070515E-002
 fi= -0.145815778233402     
 fi=  5.845152747051256E-002
 fi=  0.167708069942236     
 fi= -4.456820873111539E-002
 fi= -0.218933528138757     
 fi= -4.523226963978146E-002
 fi=  0.182341597078035     
 fi=  8.316388467217471E-002
 fi= -0.142891359433488     
 fi=  9.206902911864893E-002
 fi=  0.135945354962903     
 fi= -1.047042280520422E-002
 fi= -6.695744646971891E-002
 fi=  5.639865349371528E-002
 fi=  9.591440683625441E-002
 fi= -7.035818189788441E-002
 fi= -0.176360031397141     
 fi= -3.329473149537156E-002
 fi=  0.127458529475817     
 fi=  5.821993843629878E-002
 fi= -7.601993190958256E-002
 fi=  3.397828991010382E-002
 fi=  3.314598351487869E-002
 fi= -4.698687559181482E-002
 fi= -5.460758108135342E-002
 fi=  3.553885146076188E-002
 fi=  6.226808609804811E-002
 fi= -2.431974865606024E-002
 fi= -6.238968009430929E-002
 fi=  2.362411352696897E-002
 fi=  7.492252020247629E-002
 fi= -1.220937652464796E-002
 fi= -8.771780192248611E-002
 fi= -1.097066762578902E-002
 fi= -4.494949748113141E-002
 fi= -7.219288781947794E-002
 fi= -4.532547636109309E-002
 fi=  1.396141619201882E-002
 fi=  3.284130465494633E-002
 fi=  1.713829754867351E-002
 fi=  3.628116057155190E-002
 fi=  7.138630842870078E-002
 fi=  2.870042067510709E-002
 fi= -7.239022063056721E-002
 fi= -9.607793576720525E-002
 fi= -1.930819509171165E-002
 fi= -3.908201202549201E-002
 fi= -1.763238149531081E-002
 fi=  1.268570343098419E-002
 fi=  9.122299341855107E-003
 fi= -1.928815550710431E-002
 fi= -1.186566364907295E-002
 fi=  4.376610726052031E-002
 fi=  6.345952090859543E-002
 fi= -6.539940433363867E-003
 fi= -7.475441305422718E-002
 fi= -3.319138288002170E-002
 fi= -7.954295415073816E-003
 fi=  4.185347312410405E-003
 fi=  6.123966602435817E-002
 fi=  7.903395007664787E-002
 fi=  1.438405164128212E-002
 fi= -6.895033834235928E-002
 fi= -7.061688130960388E-002
 fi= -3.441934434874061E-004
 fi=  2.682835188439077E-002
 fi= -2.665596824762692E-002
 fi= -4.636115049457298E-002
 fi=  4.603111745607943E-002
 ************************************************************************************************************************

 results

  boundary nodes

                x                       y                   potential          potential derivative

           0.1000000E-02           0.0000000E+00          -0.5328622E-02           0.0000000E+00
           0.5000000E-01           0.0000000E+00           0.2961528E+00           0.0000000E+00
           0.1000000E+00           0.0000000E+00           0.3780457E+00           0.0000000E+00
           0.1500000E+00           0.0000000E+00           0.1723759E+00           0.0000000E+00
           0.2000000E+00           0.0000000E+00          -0.1900980E+00           0.0000000E+00
           0.2500000E+00           0.0000000E+00          -0.4435688E+00           0.0000000E+00
           0.3000000E+00           0.0000000E+00          -0.4135057E+00           0.0000000E+00
           0.3500000E+00           0.0000000E+00          -0.1067751E+00           0.0000000E+00
           0.4000000E+00           0.0000000E+00           0.2561229E+00           0.0000000E+00
           0.4500000E+00           0.0000000E+00           0.4426295E+00           0.0000000E+00
           0.5000000E+00           0.0000000E+00           0.3221223E+00           0.0000000E+00
           0.5500000E+00           0.0000000E+00          -0.4098560E-02           0.0000000E+00
           0.6000000E+00           0.0000000E+00          -0.3030719E+00           0.0000000E+00
           0.6500000E+00           0.0000000E+00          -0.3521180E+00           0.0000000E+00
           0.7000000E+00           0.0000000E+00          -0.1201064E+00           0.0000000E+00
           0.7500000E+00           0.0000000E+00           0.2171988E+00           0.0000000E+00
           0.8000000E+00           0.0000000E+00           0.4137635E+00           0.0000000E+00
           0.8500000E+00           0.0000000E+00           0.3131135E+00           0.0000000E+00
           0.9000000E+00           0.0000000E+00          -0.1931070E-01           0.0000000E+00
           0.9500000E+00           0.0000000E+00          -0.3715036E+00           0.0000000E+00
           0.9990000E+00           0.0000000E+00          -0.4830331E+00           0.0000000E+00
           0.1000000E+01           0.1000000E-02          -0.4806689E+00           0.1000000E+01
           0.1000000E+01           0.5000000E-01          -0.4641258E+00           0.1000000E+01
           0.1000000E+01           0.1000000E+00          -0.4250587E+00           0.1000000E+01
           0.1000000E+01           0.1500000E+00          -0.3752061E+00           0.1000000E+01
           0.1000000E+01           0.2000000E+00          -0.3394392E+00           0.1000000E+01
           0.1000000E+01           0.2500000E+00          -0.3329825E+00           0.1000000E+01
           0.1000000E+01           0.3000000E+00          -0.3463797E+00           0.1000000E+01
           0.1000000E+01           0.3500000E+00          -0.3585643E+00           0.1000000E+01
           0.1000000E+01           0.4000000E+00          -0.3444866E+00           0.1000000E+01
           0.1000000E+01           0.4500000E+00          -0.2935472E+00           0.1000000E+01
           0.1000000E+01           0.5000000E+00          -0.2167363E+00           0.1000000E+01
           0.1000000E+01           0.5500000E+00          -0.1375290E+00           0.1000000E+01
           0.1000000E+01           0.6000000E+00          -0.8077804E-01           0.1000000E+01
           0.1000000E+01           0.6500000E+00          -0.5931250E-01           0.1000000E+01
           0.1000000E+01           0.7000000E+00          -0.6428259E-01           0.1000000E+01
           0.1000000E+01           0.7500000E+00          -0.7206927E-01           0.1000000E+01
           0.1000000E+01           0.8000000E+00          -0.6018358E-01           0.1000000E+01
           0.1000000E+01           0.8500000E+00          -0.1791524E-01           0.1000000E+01
           0.1000000E+01           0.9000000E+00           0.4260529E-01           0.1000000E+01
           0.1000000E+01           0.9500000E+00           0.9735796E-01           0.1000000E+01
           0.1000000E+01           0.9990000E+00           0.1079168E+00           0.1000000E+01
           0.9990000E+00           0.1000000E+01           0.1073103E+00           0.0000000E+00
           0.9500000E+00           0.1000000E+01           0.4399321E-01           0.0000000E+00
           0.9000000E+00           0.1000000E+01          -0.2259973E-01           0.0000000E+00
           0.8500000E+00           0.1000000E+01          -0.5085220E-01           0.0000000E+00
           0.8000000E+00           0.1000000E+01          -0.3531213E-01           0.0000000E+00
           0.7500000E+00           0.1000000E+01           0.1044790E-03           0.0000000E+00
           0.7000000E+00           0.1000000E+01           0.2206479E-01           0.0000000E+00
           0.6500000E+00           0.1000000E+01           0.9386453E-02           0.0000000E+00
           0.6000000E+00           0.1000000E+01          -0.3140635E-01           0.0000000E+00
           0.5500000E+00           0.1000000E+01          -0.7604978E-01           0.0000000E+00
           0.5000000E+00           0.1000000E+01          -0.9356947E-01           0.0000000E+00
           0.4500000E+00           0.1000000E+01          -0.7098616E-01           0.0000000E+00
           0.4000000E+00           0.1000000E+01          -0.1590547E-01           0.0000000E+00
           0.3500000E+00           0.1000000E+01           0.4444291E-01           0.0000000E+00
           0.3000000E+00           0.1000000E+01           0.8581153E-01           0.0000000E+00
           0.2500000E+00           0.1000000E+01           0.9203291E-01           0.0000000E+00
           0.2000000E+00           0.1000000E+01           0.6731443E-01           0.0000000E+00
           0.1500000E+00           0.1000000E+01           0.2446268E-01           0.0000000E+00
           0.1000000E+00           0.1000000E+01          -0.2297601E-02           0.0000000E+00
           0.5000000E-01           0.1000000E+01          -0.7603051E-02           0.0000000E+00
           0.1000000E-02           0.1000000E+01           0.1745008E-03           0.0000000E+00
           0.0000000E+00           0.9990000E+00           0.0000000E+00           0.2720093E+00
           0.0000000E+00           0.9500000E+00           0.0000000E+00           0.2037803E+00
           0.0000000E+00           0.9000000E+00           0.0000000E+00           0.4238087E+00
           0.0000000E+00           0.8500000E+00           0.0000000E+00           0.5163857E+00
           0.0000000E+00           0.8000000E+00           0.0000000E+00           0.3350336E+00
           0.0000000E+00           0.7500000E+00           0.0000000E+00          -0.2201048E+00
           0.0000000E+00           0.7000000E+00           0.0000000E+00          -0.1052182E+01
           0.0000000E+00           0.6500000E+00           0.0000000E+00          -0.1987742E+01
           0.0000000E+00           0.6000000E+00           0.0000000E+00          -0.2775770E+01
           0.0000000E+00           0.5500000E+00           0.0000000E+00          -0.3394574E+01
           0.0000000E+00           0.5000000E+00           0.0000000E+00          -0.3738340E+01
           0.0000000E+00           0.4500000E+00           0.0000000E+00          -0.4135224E+01
           0.0000000E+00           0.4000000E+00           0.0000000E+00          -0.4597007E+01
           0.0000000E+00           0.3500000E+00           0.0000000E+00          -0.5257034E+01
           0.0000000E+00           0.3000000E+00           0.0000000E+00          -0.6102463E+01
           0.0000000E+00           0.2500000E+00           0.0000000E+00          -0.6711197E+01
           0.0000000E+00           0.2000000E+00           0.0000000E+00          -0.7214986E+01
           0.0000000E+00           0.1500000E+00           0.0000000E+00          -0.7207708E+01
           0.0000000E+00           0.1000000E+00           0.0000000E+00          -0.7018569E+01
           0.0000000E+00           0.5000000E-01           0.0000000E+00          -0.6281634E+01
           0.0000000E+00           0.1000000E-02           0.0000000E+00          -0.8103441E+01
           0.4167000E-01           0.4167000E-01           0.2535075E+00           0.0000000E+00
           0.1250000E+00           0.4167000E-01           0.3098840E+00           0.0000000E+00
           0.2083300E+00           0.4167000E-01          -0.2325633E+00           0.0000000E+00
           0.2916700E+00           0.4167000E-01          -0.4273471E+00           0.0000000E+00
           0.3750000E+00           0.4167000E-01           0.8428896E-01           0.0000000E+00
           0.4583300E+00           0.4167000E-01           0.4339105E+00           0.0000000E+00
           0.5416700E+00           0.4167000E-01           0.4388483E-01           0.0000000E+00
           0.6250000E+00           0.4167000E-01          -0.3722731E+00           0.0000000E+00
           0.7083300E+00           0.4167000E-01          -0.7261369E-01           0.0000000E+00
           0.7916700E+00           0.4167000E-01           0.3942698E+00           0.0000000E+00
           0.8750000E+00           0.4167000E-01           0.1691359E+00           0.0000000E+00
           0.9583300E+00           0.4167000E-01          -0.3982667E+00           0.0000000E+00
           0.4167000E-01           0.1250000E+00           0.2726936E+00           0.0000000E+00
           0.1250000E+00           0.1250000E+00           0.3634653E+00           0.0000000E+00
           0.2083300E+00           0.1250000E+00          -0.1650472E+00           0.0000000E+00
           0.2916700E+00           0.1250000E+00          -0.3766310E+00           0.0000000E+00
           0.3750000E+00           0.1250000E+00           0.9841173E-01           0.0000000E+00
           0.4583300E+00           0.1250000E+00           0.4067454E+00           0.0000000E+00
           0.5416700E+00           0.1250000E+00          -0.1484389E-01           0.0000000E+00
           0.6250000E+00           0.1250000E+00          -0.4379159E+00           0.0000000E+00
           0.7083300E+00           0.1250000E+00          -0.1190205E+00           0.0000000E+00
           0.7916700E+00           0.1250000E+00           0.3903023E+00           0.0000000E+00
           0.8750000E+00           0.1250000E+00           0.2103478E+00           0.0000000E+00
           0.9583300E+00           0.1250000E+00          -0.3342677E+00           0.0000000E+00
           0.4167000E-01           0.2083300E+00           0.2720895E+00           0.0000000E+00
           0.1250000E+00           0.2083300E+00           0.3768793E+00           0.0000000E+00
           0.2083300E+00           0.2083300E+00          -0.1214583E+00           0.0000000E+00
           0.2916700E+00           0.2083300E+00          -0.3332468E+00           0.0000000E+00
           0.3750000E+00           0.2083300E+00           0.1003411E+00           0.0000000E+00
           0.4583300E+00           0.2083300E+00           0.3741863E+00           0.0000000E+00
           0.5416700E+00           0.2083300E+00          -0.4200619E-01           0.0000000E+00
           0.6250000E+00           0.2083300E+00          -0.4490916E+00           0.0000000E+00
           0.7083300E+00           0.2083300E+00          -0.1374507E+00           0.0000000E+00
           0.7916700E+00           0.2083300E+00           0.3672782E+00           0.0000000E+00
           0.8750000E+00           0.2083300E+00           0.2207255E+00           0.0000000E+00
           0.9583300E+00           0.2083300E+00          -0.2787701E+00           0.0000000E+00
           0.4167000E-01           0.2916700E+00           0.2357009E+00           0.0000000E+00
           0.1250000E+00           0.2916700E+00           0.3097713E+00           0.0000000E+00
           0.2083300E+00           0.2916700E+00          -0.1537285E+00           0.0000000E+00
           0.2916700E+00           0.2916700E+00          -0.3387526E+00           0.0000000E+00
           0.3750000E+00           0.2916700E+00           0.8009901E-01           0.0000000E+00
           0.4583300E+00           0.2916700E+00           0.3590284E+00           0.0000000E+00
           0.5416700E+00           0.2916700E+00           0.2135906E-02           0.0000000E+00
           0.6250000E+00           0.2916700E+00          -0.3635840E+00           0.0000000E+00
           0.7083300E+00           0.2916700E+00          -0.9618592E-01           0.0000000E+00
           0.7916700E+00           0.2916700E+00           0.3321668E+00           0.0000000E+00
           0.8750000E+00           0.2916700E+00           0.1706901E+00           0.0000000E+00
           0.9583300E+00           0.2916700E+00          -0.2930197E+00           0.0000000E+00
           0.4167000E-01           0.3750000E+00           0.1865723E+00           0.0000000E+00
           0.1250000E+00           0.3750000E+00           0.2213073E+00           0.0000000E+00
           0.2083300E+00           0.3750000E+00          -0.1906960E+00           0.0000000E+00
           0.2916700E+00           0.3750000E+00          -0.3377061E+00           0.0000000E+00
           0.3750000E+00           0.3750000E+00           0.5584791E-01           0.0000000E+00
           0.4583300E+00           0.3750000E+00           0.3323002E+00           0.0000000E+00
           0.5416700E+00           0.3750000E+00           0.5085337E-01           0.0000000E+00
           0.6250000E+00           0.3750000E+00          -0.2552624E+00           0.0000000E+00
           0.7083300E+00           0.3750000E+00          -0.4057023E-01           0.0000000E+00
           0.7916700E+00           0.3750000E+00           0.2876455E+00           0.0000000E+00
           0.8750000E+00           0.3750000E+00           0.1041878E+00           0.0000000E+00
           0.9583300E+00           0.3750000E+00          -0.3140978E+00           0.0000000E+00
           0.4167000E-01           0.4583300E+00           0.1537847E+00           0.0000000E+00
           0.1250000E+00           0.4583300E+00           0.1854106E+00           0.0000000E+00
           0.2083300E+00           0.4583300E+00          -0.1467537E+00           0.0000000E+00
           0.2916700E+00           0.4583300E+00          -0.2647039E+00           0.0000000E+00
           0.3750000E+00           0.4583300E+00           0.5019396E-01           0.0000000E+00
           0.4583300E+00           0.4583300E+00           0.2625942E+00           0.0000000E+00
           0.5416700E+00           0.4583300E+00           0.2676650E-01           0.0000000E+00
           0.6250000E+00           0.4583300E+00          -0.2138491E+00           0.0000000E+00
           0.7083300E+00           0.4583300E+00          -0.2773749E-01           0.0000000E+00
           0.7916700E+00           0.4583300E+00           0.2366491E+00           0.0000000E+00
           0.8750000E+00           0.4583300E+00           0.7858447E-01           0.0000000E+00
           0.9583300E+00           0.4583300E+00          -0.2559475E+00           0.0000000E+00
           0.4167000E-01           0.5416700E+00           0.1313527E+00           0.0000000E+00
           0.1250000E+00           0.5416700E+00           0.1828660E+00           0.0000000E+00
           0.2083300E+00           0.5416700E+00          -0.5202088E-01           0.0000000E+00
           0.2916700E+00           0.5416700E+00          -0.1458158E+00           0.0000000E+00
           0.3750000E+00           0.5416700E+00           0.5845153E-01           0.0000000E+00
           0.4583300E+00           0.5416700E+00           0.1677081E+00           0.0000000E+00
           0.5416700E+00           0.5416700E+00          -0.4456821E-01           0.0000000E+00
           0.6250000E+00           0.5416700E+00          -0.2189335E+00           0.0000000E+00
           0.7083300E+00           0.5416700E+00          -0.4523227E-01           0.0000000E+00
           0.7916700E+00           0.5416700E+00           0.1823416E+00           0.0000000E+00
           0.8750000E+00           0.5416700E+00           0.8316388E-01           0.0000000E+00
           0.9583300E+00           0.5416700E+00          -0.1428914E+00           0.0000000E+00
           0.4167000E-01           0.6250000E+00           0.9206903E-01           0.0000000E+00
           0.1250000E+00           0.6250000E+00           0.1359454E+00           0.0000000E+00
           0.2083300E+00           0.6250000E+00          -0.1047042E-01           0.0000000E+00
           0.2916700E+00           0.6250000E+00          -0.6695745E-01           0.0000000E+00
           0.3750000E+00           0.6250000E+00           0.5639865E-01           0.0000000E+00
           0.4583300E+00           0.6250000E+00           0.9591441E-01           0.0000000E+00
           0.5416700E+00           0.6250000E+00          -0.7035818E-01           0.0000000E+00
           0.6250000E+00           0.6250000E+00          -0.1763600E+00           0.0000000E+00
           0.7083300E+00           0.6250000E+00          -0.3329473E-01           0.0000000E+00
           0.7916700E+00           0.6250000E+00           0.1274585E+00           0.0000000E+00
           0.8750000E+00           0.6250000E+00           0.5821994E-01           0.0000000E+00
           0.9583300E+00           0.6250000E+00          -0.7601993E-01           0.0000000E+00
           0.4167000E-01           0.7083300E+00           0.3397829E-01           0.0000000E+00
           0.1250000E+00           0.7083300E+00           0.3314598E-01           0.0000000E+00
           0.2083300E+00           0.7083300E+00          -0.4698688E-01           0.0000000E+00
           0.2916700E+00           0.7083300E+00          -0.5460758E-01           0.0000000E+00
           0.3750000E+00           0.7083300E+00           0.3553885E-01           0.0000000E+00
           0.4583300E+00           0.7083300E+00           0.6226809E-01           0.0000000E+00
           0.5416700E+00           0.7083300E+00          -0.2431975E-01           0.0000000E+00
           0.6250000E+00           0.7083300E+00          -0.6238968E-01           0.0000000E+00
           0.7083300E+00           0.7083300E+00           0.2362411E-01           0.0000000E+00
           0.7916700E+00           0.7083300E+00           0.7492252E-01           0.0000000E+00
           0.8750000E+00           0.7083300E+00          -0.1220938E-01           0.0000000E+00
           0.9583300E+00           0.7083300E+00          -0.8771780E-01           0.0000000E+00
           0.4167000E-01           0.7916700E+00          -0.1097067E-01           0.0000000E+00
           0.1250000E+00           0.7916700E+00          -0.4494950E-01           0.0000000E+00
           0.2083300E+00           0.7916700E+00          -0.7219289E-01           0.0000000E+00
           0.2916700E+00           0.7916700E+00          -0.4532548E-01           0.0000000E+00
           0.3750000E+00           0.7916700E+00           0.1396142E-01           0.0000000E+00
           0.4583300E+00           0.7916700E+00           0.3284130E-01           0.0000000E+00
           0.5416700E+00           0.7916700E+00           0.1713830E-01           0.0000000E+00
           0.6250000E+00           0.7916700E+00           0.3628116E-01           0.0000000E+00
           0.7083300E+00           0.7916700E+00           0.7138631E-01           0.0000000E+00
           0.7916700E+00           0.7916700E+00           0.2870042E-01           0.0000000E+00
           0.8750000E+00           0.7916700E+00          -0.7239022E-01           0.0000000E+00
           0.9583300E+00           0.7916700E+00          -0.9607794E-01           0.0000000E+00
           0.4167000E-01           0.8750000E+00          -0.1930820E-01           0.0000000E+00
           0.1250000E+00           0.8750000E+00          -0.3908201E-01           0.0000000E+00
           0.2083300E+00           0.8750000E+00          -0.1763238E-01           0.0000000E+00
           0.2916700E+00           0.8750000E+00           0.1268570E-01           0.0000000E+00
           0.3750000E+00           0.8750000E+00           0.9122299E-02           0.0000000E+00
           0.4583300E+00           0.8750000E+00          -0.1928816E-01           0.0000000E+00
           0.5416700E+00           0.8750000E+00          -0.1186566E-01           0.0000000E+00
           0.6250000E+00           0.8750000E+00           0.4376611E-01           0.0000000E+00
           0.7083300E+00           0.8750000E+00           0.6345952E-01           0.0000000E+00
           0.7916700E+00           0.8750000E+00          -0.6539940E-02           0.0000000E+00
           0.8750000E+00           0.8750000E+00          -0.7475441E-01           0.0000000E+00
           0.9583300E+00           0.8750000E+00          -0.3319138E-01           0.0000000E+00
           0.4167000E-01           0.9583300E+00          -0.7954295E-02           0.0000000E+00
           0.1250000E+00           0.9583300E+00           0.4185347E-02           0.0000000E+00
           0.2083300E+00           0.9583300E+00           0.6123967E-01           0.0000000E+00
           0.2916700E+00           0.9583300E+00           0.7903395E-01           0.0000000E+00
           0.3750000E+00           0.9583300E+00           0.1438405E-01           0.0000000E+00
           0.4583300E+00           0.9583300E+00          -0.6895034E-01           0.0000000E+00
           0.5416700E+00           0.9583300E+00          -0.7061688E-01           0.0000000E+00
           0.6250000E+00           0.9583300E+00          -0.3441934E-03           0.0000000E+00
           0.7083300E+00           0.9583300E+00           0.2682835E-01           0.0000000E+00
           0.7916700E+00           0.9583300E+00          -0.2665597E-01           0.0000000E+00
           0.8750000E+00           0.9583300E+00          -0.4636115E-01           0.0000000E+00
           0.9583300E+00           0.9583300E+00           0.4603112E-01           0.0000000E+00
 ************************************************************************************************************************
    0.29615278    0.19987074   36.98239045
    0.37804566    0.25623304   46.78880872
    0.17237590    0.12861840   16.80746594
   -0.19009800   -0.09134506   37.93147652
   -0.44356882   -0.24572219   75.99383574
   -0.41350573   -0.22366925   72.91709950
   -0.10677507   -0.04102038   25.25668958
    0.25612289    0.17108138   32.66485010
    0.44262950    0.26034563   70.01610344
    0.32212233    0.16268008   61.24252841
   -0.00409856   -0.05179078   18.31881156
   -0.30307189   -0.22907554   28.42235032
   -0.35211799   -0.24188262   42.34192863
   -0.12010642   -0.08101646   15.01464218
    0.21719879    0.13802003   30.41293727
    0.41376354    0.25795727   59.84593257
    0.31311352    0.19267957   46.25925420
   -0.01931070   -0.01094327    3.21396773
   -0.37150363   -0.20670878   63.29848805
   -0.48303307   -0.25501713   87.58201056
   -0.48066885   -0.25405608   87.04304637
   -0.46412576   -0.25405608   80.68876802
   -0.42505872   -0.25405608   65.68292822
   -0.37520612   -0.25405608   46.53430981
   -0.33943918   -0.25405608   32.79605666
   -0.33298245   -0.25405608   30.31599491
   -0.34637970   -0.25405608   35.46194420
   -0.35856434   -0.25405608   40.14212194
   -0.34448657   -0.25405608   34.73478087
   -0.29354719   -0.25405608   15.16872153
   -0.21673632   -0.25405608   14.33469929
   43.6843530091215     
