Exemplo de barra bidimensional          
 80
 84
144
  1    .000       .000
  2    .050       .000
  3    .100       .000
  4    .150       .000
  5    .200       .000
  6    .250       .000
  7    .300       .000
  8    .350       .000
  9    .400       .000
 10    .450       .000
 11    .500       .000
 12    .550       .000
 13    .600       .000
 14    .650       .000
 15    .700       .000
 16    .750       .000
 17    .800       .000
 18    .850       .000
 19    .900       .000
 20    .950       .000
 21   1.000       .000
 22   1.000       .000
 23   1.000       .050
 24   1.000       .100
 25   1.000       .150
 26   1.000       .200
 27   1.000       .250
 28   1.000       .300
 29   1.000       .350
 30   1.000       .400
 31   1.000       .450
 32   1.000       .500
 33   1.000       .550
 34   1.000       .600
 35   1.000       .650
 36   1.000       .700
 37   1.000       .750
 38   1.000       .800
 39   1.000       .850
 40   1.000       .900
 41   1.000       .950
 42   1.000      1.000
 43   1.000      1.000
 44    .950      1.000
 45    .900      1.000
 46    .850      1.000
 47    .800      1.000
 48    .750      1.000
 49    .700      1.000
 50    .650      1.000
 51    .600      1.000
 52    .550      1.000
 53    .500      1.000
 54    .450      1.000
 55    .400      1.000
 56    .350      1.000
 57    .300      1.000
 58    .250      1.000
 59    .200      1.000
 60    .150      1.000
 61    .100      1.000
 62    .050      1.000
 63    .000      1.000
 64    .000      1.000
 65    .000       .950
 66    .000       .900
 67    .000       .850
 68    .000       .800
 69    .000       .750
 70    .000       .700
 71    .000       .650
 72    .000       .600
 73    .000       .550
 74    .000       .500
 75    .000       .450
 76    .000       .400
 77    .000       .350
 78    .000       .300
 79    .000       .250
 80    .000       .200
 81    .000       .150
 82    .000       .100
 83    .000       .050
 84    .000       .000
 85   .04167     .04167
 86   .12500     .04167
 87   .20833     .04167
 88   .29167     .04167
 89   .37500     .04167
 90   .45833     .04167
 91   .54167     .04167
 92   .62500     .04167
 93   .70833     .04167
 94   .79167     .04167
 95   .87500     .04167
 96   .95833     .04167
 97   .04167     .12500
 98   .12500     .12500
 99   .20833     .12500
100   .29167     .12500
101   .37500     .12500
102   .45833     .12500
103   .54167     .12500
104   .62500     .12500
105   .70833     .12500
106   .79167     .12500
107   .87500     .12500
108   .95833     .12500
109   .04167     .20833
110   .12500     .20833
111   .20833     .20833
112   .29167     .20833
113   .37500     .20833
114   .45833     .20833
115   .54167     .20833
116   .62500     .20833
117   .70833     .20833
118   .79167     .20833
119   .87500     .20833
120   .95833     .20833
121   .04167     .29167
122   .12500     .29167
123   .20833     .29167
124   .29167     .29167
125   .37500     .29167
126   .45833     .29167
127   .54167     .29167
128   .62500     .29167
129   .70833     .29167
130   .79167     .29167
131   .87500     .29167
132   .95833     .29167
133   .04167     .37500
134   .12500     .37500
135   .20833     .37500
136   .29167     .37500
137   .37500     .37500
138   .45833     .37500
139   .54167     .37500
140   .62500     .37500
141   .70833     .37500
142   .79167     .37500
143   .87500     .37500
144   .95833     .37500
145   .04167     .45833
146   .12500     .45833
147   .20833     .45833
148   .29167     .45833
149   .37500     .45833
150   .45833     .45833
151   .54167     .45833
152   .62500     .45833
153   .70833     .45833
154   .79167     .45833
155   .87500     .45833
156   .95833     .45833
157   .04167     .54167
158   .12500     .54167
159   .20833     .54167
160   .29167     .54167
161   .37500     .54167
162   .45833     .54167
163   .54167     .54167
164   .62500     .54167
165   .70833     .54167
166   .79167     .54167
167   .87500     .54167
168   .95833     .54167
169   .04167     .62500
170   .12500     .62500
171   .20833     .62500
172   .29167     .62500
173   .37500     .62500
174   .45833     .62500
175   .54167     .62500
176   .62500     .62500
177   .70833     .62500
178   .79167     .62500
179   .87500     .62500
180   .95833     .62500
181   .04167     .70833
182   .12500     .70833
183   .20833     .70833
184   .29167     .70833
185   .37500     .70833
186   .45833     .70833
187   .54167     .70833
188   .62500     .70833
189   .70833     .70833
190   .79167     .70833
191   .87500     .70833
192   .95833     .70833
193   .04167     .79167
194   .12500     .79167
195   .20833     .79167
196   .29167     .79167
197   .37500     .79167
198   .45833     .79167
199   .54167     .79167
200   .62500     .79167
201   .70833     .79167
202   .79167     .79167
203   .87500     .79167
204   .95833     .79167
205   .04167     .87500
206   .12500     .87500
207   .20833     .87500
208   .29167     .87500
209   .37500     .87500
210   .45833     .87500
211   .54167     .87500
212   .62500     .87500
213   .70833     .87500
214   .79167     .87500
215   .87500     .87500
216   .95833     .87500
217   .04167     .95833
218   .12500     .95833
219   .20833     .95833
220   .29167     .95833
221   .37500     .95833
222   .45833     .95833
223   .54167     .95833
224   .62500     .95833
225   .70833     .95833
226   .79167     .95833
227   .87500     .95833
228   .95833     .95833
   1   84     .000
   1    0     .000
   1    0     .000
   1    0     .000
   1    0     .000
   1    0     .000
   1    0     .000
   1    0     .000
   1    0     .000
   1    0     .000
   1    0     .000
   1    0     .000
   1    0     .000
   1    0     .000
   1    0     .000
   1    0     .000
   1    0     .000
   1    0     .000
   1    0     .000
   1    0     .000
   1   22     .000
   1   21     1.000
   1    0     1.000
   1    0     1.000
   1    0     1.000
   1    0     1.000
   1    0     1.000
   1    0     1.000
   1    0     1.000
   1    0     1.000
   1    0     1.000
   1    0     1.000
   1    0     1.000
   1    0     1.000
   1    0     1.000
   1    0     1.000
   1    0     1.000
   1    0     1.000
   1    0     1.000
   1    0     1.000
   1    0     1.000
   1   43     1.000
   1   42     .000
   1    0     .000
   1    0     .000
   1    0     .000
   1    0     .000
   1    0     .000
   1    0     .000
   1    0     .000
   1    0     .000
   1    0     .000
   1    0     .000
   1    0     .000
   1    0     .000
   1    0     .000
   1    0     .000
   1    0     .000
   1    0     .000
   1    0     .000
   1    0     .000
   1    0     .000
   1   64     .000
   0   63     .000
   0    0     .000
   0    0     .000
   0    0     .000
   0    0     .000
   0    0     .000
   0    0     .000
   0    0     .000
   0    0     .000
   0    0     .000
   0    0     .000
   0    0     .000
   0    0     .000
   0    0     .000
   0    0     .000
   0    0     .000
   0    0     .000
   0    0     .000
   0    0     .000
   0    0     .000
   0    1     .000
  1    2
  2    3
  3    4
  4    5
  5    6
  6    7
  7    8
  8    9
  9   10
 10   11
 11   12
 12   13
 13   14
 14   15
 15   16
 16   17
 17   18
 18   19
 19   20
 20   21
 22   23
 23   24
 24   25
 25   26
 26   27
 27   28
 28   29
 29   30
 30   31
 31   32
 32   33
 33   34
 34   35
 35   36
 36   37
 37   38
 38   39
 39   40
 40   41
 41   42
 43   44
 44   45
 45   46
 46   47
 47   48
 48   49
 49   50
 50   51
 51   52
 52   53
 53   54
 54   55
 55   56
 56   57
 57   58
 58   59
 59   60
 60   61
 61   62
 62   63
 64   65
 65   66
 66   67
 67   68
 68   69
 69   70
 70   71
 71   72
 72   73
 73   74
 74   75
 75   76
 76   77
 77   78
 78   79
 79   80
 80   81
 81   82
 82   83
 83   84
