 ************************************************************************************************************************
                         Exem


DATA

  NUMERO DE ELEMENTOS DE CONTORNO=160

  NUMERO DE NÓS FUNCIONAIS=164

  NUMERO DE PONTOS INTERNOS ONDE A FUNC. É CALCULADA=144




  COORDENADAS DOS PONTOS FONTE DOS ELEMENTOS DE CONTORNO

    PONTO          X                  Y
        1       .0000000E+00       .0000000E+00
        2       .2500000E-01       .0000000E+00
        3       .5000000E-01       .0000000E+00
        4       .7500000E-01       .0000000E+00
        5       .1000000E+00       .0000000E+00
        6       .1250000E+00       .0000000E+00
        7       .1500000E+00       .0000000E+00
        8       .1750000E+00       .0000000E+00
        9       .2000000E+00       .0000000E+00
       10       .2250000E+00       .0000000E+00
       11       .2500000E+00       .0000000E+00
       12       .2750000E+00       .0000000E+00
       13       .3000000E+00       .0000000E+00
       14       .3250000E+00       .0000000E+00
       15       .3500000E+00       .0000000E+00
       16       .3750000E+00       .0000000E+00
       17       .4000000E+00       .0000000E+00
       18       .4250000E+00       .0000000E+00
       19       .4500000E+00       .0000000E+00
       20       .4750000E+00       .0000000E+00
       21       .5000000E+00       .0000000E+00
       22       .5250000E+00       .0000000E+00
       23       .5500000E+00       .0000000E+00
       24       .5750000E+00       .0000000E+00
       25       .6000000E+00       .0000000E+00
       26       .6250000E+00       .0000000E+00
       27       .6500000E+00       .0000000E+00
       28       .6750000E+00       .0000000E+00
       29       .7000000E+00       .0000000E+00
       30       .7250000E+00       .0000000E+00
       31       .7500000E+00       .0000000E+00
       32       .7750000E+00       .0000000E+00
       33       .8000000E+00       .0000000E+00
       34       .8250000E+00       .0000000E+00
       35       .8500000E+00       .0000000E+00
       36       .8750000E+00       .0000000E+00
       37       .9000000E+00       .0000000E+00
       38       .9250000E+00       .0000000E+00
       39       .9500000E+00       .0000000E+00
       40       .9750000E+00       .0000000E+00
       41       .1000000E+01       .0000000E+00
       42       .1000000E+01       .0000000E+00
       43       .1000000E+01       .2500000E-01
       44       .1000000E+01       .5000000E-01
       45       .1000000E+01       .7500000E-01
       46       .1000000E+01       .1000000E+00
       47       .1000000E+01       .1250000E+00
       48       .1000000E+01       .1500000E+00
       49       .1000000E+01       .1750000E+00
       50       .1000000E+01       .2000000E+00
       51       .1000000E+01       .2250000E+00
       52       .1000000E+01       .2500000E+00
       53       .1000000E+01       .2750000E+00
       54       .1000000E+01       .3000000E+00
       55       .1000000E+01       .3250000E+00
       56       .1000000E+01       .3500000E+00
       57       .1000000E+01       .3750000E+00
       58       .1000000E+01       .4000000E+00
       59       .1000000E+01       .4250000E+00
       60       .1000000E+01       .4500000E+00
       61       .1000000E+01       .4750000E+00
       62       .1000000E+01       .5000000E+00
       63       .1000000E+01       .5250000E+00
       64       .1000000E+01       .5500000E+00
       65       .1000000E+01       .5750000E+00
       66       .1000000E+01       .6000000E+00
       67       .1000000E+01       .6250000E+00
       68       .1000000E+01       .6500000E+00
       69       .1000000E+01       .6750000E+00
       70       .1000000E+01       .7000000E+00
       71       .1000000E+01       .7250000E+00
       72       .1000000E+01       .7500000E+00
       73       .1000000E+01       .7750000E+00
       74       .1000000E+01       .8000000E+00
       75       .1000000E+01       .8250000E+00
       76       .1000000E+01       .8500000E+00
       77       .1000000E+01       .8750000E+00
       78       .1000000E+01       .9000000E+00
       79       .1000000E+01       .9250000E+00
       80       .1000000E+01       .9500000E+00
       81       .1000000E+01       .9750000E+00
       82       .1000000E+01       .1000000E+01
       83       .1000000E+01       .1000000E+01
       84       .9750000E+00       .1000000E+01
       85       .9500000E+00       .1000000E+01
       86       .9250000E+00       .1000000E+01
       87       .9000000E+00       .1000000E+01
       88       .8750000E+00       .1000000E+01
       89       .8500000E+00       .1000000E+01
       90       .8250000E+00       .1000000E+01
       91       .8000000E+00       .1000000E+01
       92       .7750000E+00       .1000000E+01
       93       .7500000E+00       .1000000E+01
       94       .7250000E+00       .1000000E+01
       95       .7000000E+00       .1000000E+01
       96       .6750000E+00       .1000000E+01
       97       .6500000E+00       .1000000E+01
       98       .6250000E+00       .1000000E+01
       99       .6000000E+00       .1000000E+01
      100       .5750000E+00       .1000000E+01
      101       .5500000E+00       .1000000E+01
      102       .5250000E+00       .1000000E+01
      103       .5000000E+00       .1000000E+01
      104       .4750000E+00       .1000000E+01
      105       .4500000E+00       .1000000E+01
      106       .4250000E+00       .1000000E+01
      107       .4000000E+00       .1000000E+01
      108       .3750000E+00       .1000000E+01
      109       .3500000E+00       .1000000E+01
      110       .3250000E+00       .1000000E+01
      111       .3000000E+00       .1000000E+01
      112       .2750000E+00       .1000000E+01
      113       .2500000E+00       .1000000E+01
      114       .2250000E+00       .1000000E+01
      115       .2000000E+00       .1000000E+01
      116       .1750000E+00       .1000000E+01
      117       .1500000E+00       .1000000E+01
      118       .1250000E+00       .1000000E+01
      119       .1000000E+00       .1000000E+01
      120       .7500000E-01       .1000000E+01
      121       .5000000E-01       .1000000E+01
      122       .2500000E-01       .1000000E+01
      123       .0000000E+00       .1000000E+01
      124       .0000000E+00       .1000000E+01
      125       .0000000E+00       .9750000E+00
      126       .0000000E+00       .9500000E+00
      127       .0000000E+00       .9250000E+00
      128       .0000000E+00       .9000000E+00
      129       .0000000E+00       .8750000E+00
      130       .0000000E+00       .8500000E+00
      131       .0000000E+00       .8250000E+00
      132       .0000000E+00       .8000000E+00
      133       .0000000E+00       .7750000E+00
      134       .0000000E+00       .7500000E+00
      135       .0000000E+00       .7250000E+00
      136       .0000000E+00       .7000000E+00
      137       .0000000E+00       .6750000E+00
      138       .0000000E+00       .6500000E+00
      139       .0000000E+00       .6250000E+00
      140       .0000000E+00       .6000000E+00
      141       .0000000E+00       .5750000E+00
      142       .0000000E+00       .5500000E+00
      143       .0000000E+00       .5250000E+00
      144       .0000000E+00       .5000000E+00
      145       .0000000E+00       .4750000E+00
      146       .0000000E+00       .4500000E+00
      147       .0000000E+00       .4250000E+00
      148       .0000000E+00       .4000000E+00
      149       .0000000E+00       .3750000E+00
      150       .0000000E+00       .3500000E+00
      151       .0000000E+00       .3250000E+00
      152       .0000000E+00       .3000000E+00
      153       .0000000E+00       .2750000E+00
      154       .0000000E+00       .2500000E+00
      155       .0000000E+00       .2250000E+00
      156       .0000000E+00       .2000000E+00
      157       .0000000E+00       .1750000E+00
      158       .0000000E+00       .1500000E+00
      159       .0000000E+00       .1250000E+00
      160       .0000000E+00       .1000000E+00
      161       .0000000E+00       .7500000E-01
      162       .0000000E+00       .5000000E-01
      163       .0000000E+00       .2500000E-01
      164       .0000000E+00       .0000000E+00
      165       .4167000E-01       .4167000E-01
      166       .1250000E+00       .4167000E-01
      167       .2083300E+00       .4167000E-01
      168       .2916700E+00       .4167000E-01
      169       .3750000E+00       .4167000E-01
      170       .4583300E+00       .4167000E-01
      171       .5416700E+00       .4167000E-01
      172       .6250000E+00       .4167000E-01
      173       .7083300E+00       .4167000E-01
      174       .7916700E+00       .4167000E-01
      175       .8750000E+00       .4167000E-01
      176       .9583300E+00       .4167000E-01
      177       .4167000E-01       .1250000E+00
      178       .1250000E+00       .1250000E+00
      179       .2083300E+00       .1250000E+00
      180       .2916700E+00       .1250000E+00
      181       .3750000E+00       .1250000E+00
      182       .4583300E+00       .1250000E+00
      183       .5416700E+00       .1250000E+00
      184       .6250000E+00       .1250000E+00
      185       .7083300E+00       .1250000E+00
      186       .7916700E+00       .1250000E+00
      187       .8750000E+00       .1250000E+00
      188       .9583300E+00       .1250000E+00
      189       .4167000E-01       .2083300E+00
      190       .1250000E+00       .2083300E+00
      191       .2083300E+00       .2083300E+00
      192       .2916700E+00       .2083300E+00
      193       .3750000E+00       .2083300E+00
      194       .4583300E+00       .2083300E+00
      195       .5416700E+00       .2083300E+00
      196       .6250000E+00       .2083300E+00
      197       .7083300E+00       .2083300E+00
      198       .7916700E+00       .2083300E+00
      199       .8750000E+00       .2083300E+00
      200       .9583300E+00       .2083300E+00
      201       .4167000E-01       .2916700E+00
      202       .1250000E+00       .2916700E+00
      203       .2083300E+00       .2916700E+00
      204       .2916700E+00       .2916700E+00
      205       .3750000E+00       .2916700E+00
      206       .4583300E+00       .2916700E+00
      207       .5416700E+00       .2916700E+00
      208       .6250000E+00       .2916700E+00
      209       .7083300E+00       .2916700E+00
      210       .7916700E+00       .2916700E+00
      211       .8750000E+00       .2916700E+00
      212       .9583300E+00       .2916700E+00
      213       .4167000E-01       .3750000E+00
      214       .1250000E+00       .3750000E+00
      215       .2083300E+00       .3750000E+00
      216       .2916700E+00       .3750000E+00
      217       .3750000E+00       .3750000E+00
      218       .4583300E+00       .3750000E+00
      219       .5416700E+00       .3750000E+00
      220       .6250000E+00       .3750000E+00
      221       .7083300E+00       .3750000E+00
      222       .7916700E+00       .3750000E+00
      223       .8750000E+00       .3750000E+00
      224       .9583300E+00       .3750000E+00
      225       .4167000E-01       .4583300E+00
      226       .1250000E+00       .4583300E+00
      227       .2083300E+00       .4583300E+00
      228       .2916700E+00       .4583300E+00
      229       .3750000E+00       .4583300E+00
      230       .4583300E+00       .4583300E+00
      231       .5416700E+00       .4583300E+00
      232       .6250000E+00       .4583300E+00
      233       .7083300E+00       .4583300E+00
      234       .7916700E+00       .4583300E+00
      235       .8750000E+00       .4583300E+00
      236       .9583300E+00       .4583300E+00
      237       .4167000E-01       .5416700E+00
      238       .1250000E+00       .5416700E+00
      239       .2083300E+00       .5416700E+00
      240       .2916700E+00       .5416700E+00
      241       .3750000E+00       .5416700E+00
      242       .4583300E+00       .5416700E+00
      243       .5416700E+00       .5416700E+00
      244       .6250000E+00       .5416700E+00
      245       .7083300E+00       .5416700E+00
      246       .7916700E+00       .5416700E+00
      247       .8750000E+00       .5416700E+00
      248       .9583300E+00       .5416700E+00
      249       .4167000E-01       .6250000E+00
      250       .1250000E+00       .6250000E+00
      251       .2083300E+00       .6250000E+00
      252       .2916700E+00       .6250000E+00
      253       .3750000E+00       .6250000E+00
      254       .4583300E+00       .6250000E+00
      255       .5416700E+00       .6250000E+00
      256       .6250000E+00       .6250000E+00
      257       .7083300E+00       .6250000E+00
      258       .7916700E+00       .6250000E+00
      259       .8750000E+00       .6250000E+00
      260       .9583300E+00       .6250000E+00
      261       .4167000E-01       .7083300E+00
      262       .1250000E+00       .7083300E+00
      263       .2083300E+00       .7083300E+00
      264       .2916700E+00       .7083300E+00
      265       .3750000E+00       .7083300E+00
      266       .4583300E+00       .7083300E+00
      267       .5416700E+00       .7083300E+00
      268       .6250000E+00       .7083300E+00
      269       .7083300E+00       .7083300E+00
      270       .7916700E+00       .7083300E+00
      271       .8750000E+00       .7083300E+00
      272       .9583300E+00       .7083300E+00
      273       .4167000E-01       .7916700E+00
      274       .1250000E+00       .7916700E+00
      275       .2083300E+00       .7916700E+00
      276       .2916700E+00       .7916700E+00
      277       .3750000E+00       .7916700E+00
      278       .4583300E+00       .7916700E+00
      279       .5416700E+00       .7916700E+00
      280       .6250000E+00       .7916700E+00
      281       .7083300E+00       .7916700E+00
      282       .7916700E+00       .7916700E+00
      283       .8750000E+00       .7916700E+00
      284       .9583300E+00       .7916700E+00
      285       .4167000E-01       .8750000E+00
      286       .1250000E+00       .8750000E+00
      287       .2083300E+00       .8750000E+00
      288       .2916700E+00       .8750000E+00
      289       .3750000E+00       .8750000E+00
      290       .4583300E+00       .8750000E+00
      291       .5416700E+00       .8750000E+00
      292       .6250000E+00       .8750000E+00
      293       .7083300E+00       .8750000E+00
      294       .7916700E+00       .8750000E+00
      295       .8750000E+00       .8750000E+00
      296       .9583300E+00       .8750000E+00
      297       .4167000E-01       .9583300E+00
      298       .1250000E+00       .9583300E+00
      299       .2083300E+00       .9583300E+00
      300       .2916700E+00       .9583300E+00
      301       .3750000E+00       .9583300E+00
      302       .4583300E+00       .9583300E+00
      303       .5416700E+00       .9583300E+00
      304       .6250000E+00       .9583300E+00
      305       .7083300E+00       .9583300E+00
      306       .7916700E+00       .9583300E+00
      307       .8750000E+00       .9583300E+00
      308       .9583300E+00       .9583300E+00


  CONDICOES DE CONTORNO

       INDICE   NÓ        NÓ          VALOR PRESCRITO
       1        0        164          .0000000E+00
       2        0          0          .0000000E+00
       3        0          0          .0000000E+00
       4        0          0          .0000000E+00
       5        0          0          .0000000E+00
       6        0          0          .0000000E+00
       7        0          0          .0000000E+00
       8        0          0          .0000000E+00
       9        0          0          .0000000E+00
      10        0          0          .0000000E+00
      11        0          0          .0000000E+00
      12        0          0          .0000000E+00
      13        0          0          .0000000E+00
      14        0          0          .0000000E+00
      15        0          0          .0000000E+00
      16        0          0          .0000000E+00
      17        0          0          .0000000E+00
      18        0          0          .0000000E+00
      19        0          0          .0000000E+00
      20        0          0          .0000000E+00
      21        0          0          .0000000E+00
      22        0          0          .0000000E+00
      23        0          0          .0000000E+00
      24        0          0          .0000000E+00
      25        0          0          .0000000E+00
      26        0          0          .0000000E+00
      27        0          0          .0000000E+00
      28        0          0          .0000000E+00
      29        0          0          .0000000E+00
      30        0          0          .0000000E+00
      31        0          0          .0000000E+00
      32        0          0          .0000000E+00
      33        0          0          .0000000E+00
      34        0          0          .0000000E+00
      35        0          0          .0000000E+00
      36        0          0          .0000000E+00
      37        0          0          .0000000E+00
      38        0          0          .0000000E+00
      39        0          0          .0000000E+00
      40        0          0          .0000000E+00
      41        0         42          .0000000E+00
      42        0         41          .0000000E+00
      43        0          0          .7850000E-01
      44        0          0          .1564000E+00
      45        0          0          .2334000E+00
      46        0          0          .3090000E+00
      47        0          0          .3827000E+00
      48        0          0          .4540000E+00
      49        0          0          .5225000E+00
      50        0          0          .5878000E+00
      51        0          0          .6494000E+00
      52        0          0          .7071000E+00
      53        0          0          .7604000E+00
      54        0          0          .8090000E+00
      55        0          0          .8526000E+00
      56        0          0          .8910000E+00
      57        0          0          .9239000E+00
      58        0          0          .9510000E+00
      59        0          0          .9724000E+00
      60        0          0          .9877000E+00
      61        0          0          .9969000E+00
      62        0          0          .1000000E+01
      63        0          0          .9969000E+00
      64        0          0          .9877000E+00
      65        0          0          .9724000E+00
      66        0          0          .9511000E+00
      67        0          0          .9239000E+00
      68        0          0          .8910000E+00
      69        0          0          .8527000E+00
      70        0          0          .8091000E+00
      71        0          0          .7604000E+00
      72        0          0          .7072000E+00
      73        0          0          .6495000E+00
      74        0          0          .5878000E+00
      75        0          0          .5226000E+00
      76        0          0          .4541000E+00
      77        0          0          .3828000E+00
      78        0          0          .3091000E+00
      79        0          0          .2335000E+00
      80        0          0          .1565000E+00
      81        0          0          .7850000E-01
      82        0         83          .0000000E+00
      83        0         82          .0000000E+00
      84        0          0          .0000000E+00
      85        0          0          .0000000E+00
      86        0          0          .0000000E+00
      87        0          0          .0000000E+00
      88        0          0          .0000000E+00
      89        0          0          .0000000E+00
      90        0          0          .0000000E+00
      91        0          0          .0000000E+00
      92        0          0          .0000000E+00
      93        0          0          .0000000E+00
      94        0          0          .0000000E+00
      95        0          0          .0000000E+00
      96        0          0          .0000000E+00
      97        0          0          .0000000E+00
      98        0          0          .0000000E+00
      99        0          0          .0000000E+00
     100        0          0          .0000000E+00
     101        0          0          .0000000E+00
     102        0          0          .0000000E+00
     103        0          0          .0000000E+00
     104        0          0          .0000000E+00
     105        0          0          .0000000E+00
     106        0          0          .0000000E+00
     107        0          0          .0000000E+00
     108        0          0          .0000000E+00
     109        0          0          .0000000E+00
     110        0          0          .0000000E+00
     111        0          0          .0000000E+00
     112        0          0          .0000000E+00
     113        0          0          .0000000E+00
     114        0          0          .0000000E+00
     115        0          0          .0000000E+00
     116        0          0          .0000000E+00
     117        0          0          .0000000E+00
     118        0          0          .0000000E+00
     119        0          0          .0000000E+00
     120        0          0          .0000000E+00
     121        0          0          .0000000E+00
     122        0          0          .0000000E+00
     123        0        124          .0000000E+00
     124        0        123          .0000000E+00
     125        0          0          .0000000E+00
     126        0          0          .0000000E+00
     127        0          0          .0000000E+00
     128        0          0          .0000000E+00
     129        0          0          .0000000E+00
     130        0          0          .0000000E+00
     131        0          0          .0000000E+00
     132        0          0          .0000000E+00
     133        0          0          .0000000E+00
     134        0          0          .0000000E+00
     135        0          0          .0000000E+00
     136        0          0          .0000000E+00
     137        0          0          .0000000E+00
     138        0          0          .0000000E+00
     139        0          0          .0000000E+00
     140        0          0          .0000000E+00
     141        0          0          .0000000E+00
     142        0          0          .0000000E+00
     143        0          0          .0000000E+00
     144        0          0          .0000000E+00
     145        0          0          .0000000E+00
     146        0          0          .0000000E+00
     147        0          0          .0000000E+00
     148        0          0          .0000000E+00
     149        0          0          .0000000E+00
     150        0          0          .0000000E+00
     151        0          0          .0000000E+00
     152        0          0          .0000000E+00
     153        0          0          .0000000E+00
     154        0          0          .0000000E+00
     155        0          0          .0000000E+00
     156        0          0          .0000000E+00
     157        0          0          .0000000E+00
     158        0          0          .0000000E+00
     159        0          0          .0000000E+00
     160        0          0          .0000000E+00
     161        0          0          .0000000E+00
     162        0          0          .0000000E+00
     163        0          0          .0000000E+00
     164        0          1          .0000000E+00


  INCIDENCIA DOS NOS GEOMETRICOS

       INDICE     PRIM. NÓ      SEG. NÓ
       1          1       2
       2          2       3
       3          3       4
       4          4       5
       5          5       6
       6          6       7
       7          7       8
       8          8       9
       9          9      10
      10         10      11
      11         11      12
      12         12      13
      13         13      14
      14         14      15
      15         15      16
      16         16      17
      17         17      18
      18         18      19
      19         19      20
      20         20      21
      21         21      22
      22         22      23
      23         23      24
      24         24      25
      25         25      26
      26         26      27
      27         27      28
      28         28      29
      29         29      30
      30         30      31
      31         31      32
      32         32      33
      33         33      34
      34         34      35
      35         35      36
      36         36      37
      37         37      38
      38         38      39
      39         39      40
      40         40      41
      41         42      43
      42         43      44
      43         44      45
      44         45      46
      45         46      47
      46         47      48
      47         48      49
      48         49      50
      49         50      51
      50         51      52
      51         52      53
      52         53      54
      53         54      55
      54         55      56
      55         56      57
      56         57      58
      57         58      59
      58         59      60
      59         60      61
      60         61      62
      61         62      63
      62         63      64
      63         64      65
      64         65      66
      65         66      67
      66         67      68
      67         68      69
      68         69      70
      69         70      71
      70         71      72
      71         72      73
      72         73      74
      73         74      75
      74         75      76
      75         76      77
      76         77      78
      77         78      79
      78         79      80
      79         80      81
      80         81      82
      81         83      84
      82         84      85
      83         85      86
      84         86      87
      85         87      88
      86         88      89
      87         89      90
      88         90      91
      89         91      92
      90         92      93
      91         93      94
      92         94      95
      93         95      96
      94         96      97
      95         97      98
      96         98      99
      97         99     100
      98        100     101
      99        101     102
     100        102     103
     101        103     104
     102        104     105
     103        105     106
     104        106     107
     105        107     108
     106        108     109
     107        109     110
     108        110     111
     109        111     112
     110        112     113
     111        113     114
     112        114     115
     113        115     116
     114        116     117
     115        117     118
     116        118     119
     117        119     120
     118        120     121
     119        121     122
     120        122     123
     121        124     125
     122        125     126
     123        126     127
     124        127     128
     125        128     129
     126        129     130
     127        130     131
     128        131     132
     129        132     133
     130        133     134
     131        134     135
     132        135     136
     133        136     137
     134        137     138
     135        138     139
     136        139     140
     137        140     141
     138        141     142
     139        142     143
     140        143     144
     141        144     145
     142        145     146
     143        146     147
     144        147     148
     145        148     149
     146        149     150
     147        150     151
     148        151     152
     149        152     153
     150        153     154
     151        154     155
     152        155     156
     153        156     157
     154        157     158
     155        158     159
     156        159     160
     157        160     161
     158        161     162
     159        162     163
     160        163     164
 NOVAS COORDENADAS DOS NOS DUPLOS
      .0005      .0000
      .0250      .0000
      .0500      .0000
      .0750      .0000
      .1000      .0000
      .1250      .0000
      .1500      .0000
      .1750      .0000
      .2000      .0000
      .2250      .0000
      .2500      .0000
      .2750      .0000
      .3000      .0000
      .3250      .0000
      .3500      .0000
      .3750      .0000
      .4000      .0000
      .4250      .0000
      .4500      .0000
      .4750      .0000
      .5000      .0000
      .5250      .0000
      .5500      .0000
      .5750      .0000
      .6000      .0000
      .6250      .0000
      .6500      .0000
      .6750      .0000
      .7000      .0000
      .7250      .0000
      .7500      .0000
      .7750      .0000
      .8000      .0000
      .8250      .0000
      .8500      .0000
      .8750      .0000
      .9000      .0000
      .9250      .0000
      .9500      .0000
      .9750      .0000
      .9995      .0000
     1.0000      .0005
     1.0000      .0250
     1.0000      .0500
     1.0000      .0750
     1.0000      .1000
     1.0000      .1250
     1.0000      .1500
     1.0000      .1750
     1.0000      .2000
     1.0000      .2250
     1.0000      .2500
     1.0000      .2750
     1.0000      .3000
     1.0000      .3250
     1.0000      .3500
     1.0000      .3750
     1.0000      .4000
     1.0000      .4250
     1.0000      .4500
     1.0000      .4750
     1.0000      .5000
     1.0000      .5250
     1.0000      .5500
     1.0000      .5750
     1.0000      .6000
     1.0000      .6250
     1.0000      .6500
     1.0000      .6750
     1.0000      .7000
     1.0000      .7250
     1.0000      .7500
     1.0000      .7750
     1.0000      .8000
     1.0000      .8250
     1.0000      .8500
     1.0000      .8750
     1.0000      .9000
     1.0000      .9250
     1.0000      .9500
     1.0000      .9750
     1.0000      .9995
      .9995     1.0000
      .9750     1.0000
      .9500     1.0000
      .9250     1.0000
      .9000     1.0000
      .8750     1.0000
      .8500     1.0000
      .8250     1.0000
      .8000     1.0000
      .7750     1.0000
      .7500     1.0000
      .7250     1.0000
      .7000     1.0000
      .6750     1.0000
      .6500     1.0000
      .6250     1.0000
      .6000     1.0000
      .5750     1.0000
      .5500     1.0000
      .5250     1.0000
      .5000     1.0000
      .4750     1.0000
      .4500     1.0000
      .4250     1.0000
      .4000     1.0000
      .3750     1.0000
      .3500     1.0000
      .3250     1.0000
      .3000     1.0000
      .2750     1.0000
      .2500     1.0000
      .2250     1.0000
      .2000     1.0000
      .1750     1.0000
      .1500     1.0000
      .1250     1.0000
      .1000     1.0000
      .0750     1.0000
      .0500     1.0000
      .0250     1.0000
      .0005     1.0000
      .0000      .9995
      .0000      .9750
      .0000      .9500
      .0000      .9250
      .0000      .9000
      .0000      .8750
      .0000      .8500
      .0000      .8250
      .0000      .8000
      .0000      .7750
      .0000      .7500
      .0000      .7250
      .0000      .7000
      .0000      .6750
      .0000      .6500
      .0000      .6250
      .0000      .6000
      .0000      .5750
      .0000      .5500
      .0000      .5250
      .0000      .5000
      .0000      .4750
      .0000      .4500
      .0000      .4250
      .0000      .4000
      .0000      .3750
      .0000      .3500
      .0000      .3250
      .0000      .3000
      .0000      .2750
      .0000      .2500
      .0000      .2250
      .0000      .2000
      .0000      .1750
      .0000      .1500
      .0000      .1250
      .0000      .1000
      .0000      .0750
      .0000      .0500
      .0000      .0250
      .0000      .0005
   
 VALORES DE DFI  ************************************
      1   .0803
      2   .0815
      3   .0828
      4   .0841
      5   .0855
      6   .0868
      7   .0882
      8   .0896
      9   .0911
     10   .0925
     11   .0940
     12   .0955
     13   .0970
     14   .0985
     15   .1000
     16   .1015
     17   .1030
     18   .1044
     19   .1058
     20   .1072
     21   .1085
     22   .1098
     23   .1109
     24   .1119
     25   .1127
     26   .1134
     27   .1138
     28   .1139
     29   .1137
     30   .1131
     31   .1119
     32   .1101
     33   .1075
     34   .1039
     35   .0992
     36   .0929
     37   .0846
     38   .0737
     39   .0590
     40   .0380
     41   .0017
     42   .0000
     43  -.0393
     44  -.0782
     45  -.1167
     46  -.1545
     47  -.1914
     48  -.2270
     49  -.2613
     50  -.2939
     51  -.3247
     52  -.3536
     53  -.3802
     54  -.4045
     55  -.4263
     56  -.4455
     57  -.4620
     58  -.4755
     59  -.4862
     60  -.4939
     61  -.4985
     62  -.5000
     63  -.4985
     64  -.4939
     65  -.4862
     66  -.4756
     67  -.4620
     68  -.4455
     69  -.4264
     70  -.4046
     71  -.3802
     72  -.3536
     73  -.3248
     74  -.2939
     75  -.2613
     76  -.2271
     77  -.1914
     78  -.1546
     79  -.1168
     80  -.0783
     81  -.0393
     82   .0000
     83   .0017
     84   .0380
     85   .0590
     86   .0737
     87   .0847
     88   .0929
     89   .0992
     90   .1040
     91   .1075
     92   .1101
     93   .1119
     94   .1131
     95   .1137
     96   .1139
     97   .1138
     98   .1134
     99   .1127
    100   .1119
    101   .1109
    102   .1098
    103   .1085
    104   .1072
    105   .1058
    106   .1044
    107   .1030
    108   .1015
    109   .1000
    110   .0985
    111   .0970
    112   .0955
    113   .0940
    114   .0925
    115   .0911
    116   .0896
    117   .0882
    118   .0868
    119   .0855
    120   .0841
    121   .0828
    122   .0815
    123   .0803
    124   .0803
    125   .0816
    126   .0830
    127   .0843
    128   .0856
    129   .0869
    130   .0881
    131   .0892
    132   .0903
    133   .0913
    134   .0922
    135   .0931
    136   .0939
    137   .0946
    138   .0952
    139   .0957
    140   .0961
    141   .0965
    142   .0967
    143   .0969
    144   .0969
    145   .0969
    146   .0967
    147   .0965
    148   .0961
    149   .0957
    150   .0952
    151   .0946
    152   .0939
    153   .0931
    154   .0922
    155   .0913
    156   .0903
    157   .0892
    158   .0881
    159   .0869
    160   .0856
    161   .0843
    162   .0830
    163   .0816
    164   .0803
    165   .0849
    166   .0899
    167   .0953
    168   .1010
    169   .1071
    170   .1133
    171   .1193
    172   .1245
    173   .1279
    174   .1271
    175   .1179
    176   .0903
    177   .0896
    178   .0956
    179   .1023
    180   .1098
    181   .1181
    182   .1272
    183   .1372
    184   .1479
    185   .1590
    186   .1697
    187   .1788
    188   .1864
    189   .0938
    190   .1007
    191   .1086
    192   .1177
    193   .1282
    194   .1403
    195   .1544
    196   .1709
    197   .1904
    198   .2137
    199   .2424
    200   .2800
    201   .0971
    202   .1048
    203   .1138
    204   .1243
    205   .1366
    206   .1514
    207   .1692
    208   .1910
    209   .2181
    210   .2527
    211   .2977
    212   .3582
    213   .0994
    214   .1077
    215   .1174
    216   .1289
    217   .1427
    218   .1594
    219   .1800
    220   .2058
    221   .2387
    222   .2814
    223   .3380
    224   .4140
    225   .1006
    226   .1092
    227   .1193
    228   .1314
    229   .1459
    230   .1637
    231   .1857
    232   .2137
    233   .2496
    234   .2966
    235   .3591
    236   .4431
    237   .1006
    238   .1092
    239   .1193
    240   .1314
    241   .1459
    242   .1637
    243   .1857
    244   .2137
    245   .2496
    246   .2966
    247   .3591
    248   .4431
    249   .0994
    250   .1077
    251   .1174
    252   .1289
    253   .1427
    254   .1594
    255   .1800
    256   .2058
    257   .2387
    258   .2814
    259   .3380
    260   .4141
    261   .0971
    262   .1048
    263   .1138
    264   .1243
    265   .1366
    266   .1514
    267   .1692
    268   .1910
    269   .2181
    270   .2527
    271   .2977
    272   .3582
    273   .0938
    274   .1007
    275   .1086
    276   .1177
    277   .1282
    278   .1403
    279   .1544
    280   .1709
    281   .1904
    282   .2137
    283   .2424
    284   .2800
    285   .0896
    286   .0956
    287   .1023
    288   .1098
    289   .1181
    290   .1272
    291   .1372
    292   .1479
    293   .1590
    294   .1697
    295   .1788
    296   .1864
    297   .0849
    298   .0899
    299   .0953
    300   .1010
    301   .1071
    302   .1133
    303   .1193
    304   .1245
    305   .1279
    306   .1271
    307   .1179
    308   .0903
 VALORES DE AUTOV DE ENTRADA ************************
   
 VALORES DE WR_POS ORIGINAIS ************************
      1   2.87836
      2   1.17032
      3   1.17032
      4    .82921
      5    .82921
      6    .58467
      7    .58467
      8    .28631
      9    .28631
     10   1.49689
     11   1.49689
     12    .11091
     13    .11091
     14   1.86082
     15   1.86082
     16   2.59230
     17   2.02894
     18   2.02894
     19   2.22102
     20   2.22102
     21   2.33166
     22   2.33166
     23   2.06879
     24   2.06879
     25    .00000
     26    .00000
     27    .00000
     28    .00000
     29    .00000
     30    .00000
     31    .00000
     32    .00000
     33    .00000
     34    .00000
     35    .00000
     36    .00000
     37    .00000
     38    .00000
     39    .00000
     40    .00000
     41    .00000
     42    .00000
     43    .00000
     44    .00000
     45    .00000
     46    .00000
     47    .00000
     48    .00000
     49    .00000
     50    .00000
     51    .00000
     52    .00000
     53    .00000
     54    .00000
     55    .00000
     56    .00000
     57    .00000
     58    .00000
     59    .00000
     60    .00000
     61    .00000
     62    .00000
     63    .00000
     64    .00000
     65    .00000
     66    .00000
     67    .00000
     68    .00000
     69    .00000
     70    .00000
     71    .00000
     72    .00000
     73    .00000
     74    .00000
     75    .00000
     76    .00000
     77    .00000
     78    .00000
     79    .00000
     80    .00000
     81    .00000
     82    .00000
     83    .00000
     84    .00000
     85    .00000
     86    .00000
     87    .00000
     88    .00000
     89    .00000
     90    .00000
     91    .00000
     92    .00000
     93    .00000
     94    .00000
     95    .00000
     96    .00000
     97    .00000
     98    .00000
     99    .00000
    100    .00000
    101    .00000
    102    .00000
    103    .00000
    104    .00000
    105    .00000
    106    .00000
    107    .00000
    108    .00000
    109    .00000
    110    .00000
    111    .00000
    112    .00000
    113    .00000
    114    .00000
    115    .00000
    116    .00000
    117    .00000
    118    .00000
    119    .00000
    120    .00000
    121    .00000
    122    .00000
    123    .00000
    124    .00000
    125    .00000
    126    .00000
    127    .00000
    128    .00000
    129    .00000
    130    .00000
    131    .00000
    132    .00000
    133    .00000
    134    .00000
    135    .00000
    136    .00000
    137    .00000
    138    .00000
    139    .00000
    140    .00000
    141    .00000
    142    .00000
    143    .00000
    144    .00000
    145    .00000
    146    .00000
    147    .00000
    148    .00000
    149    .00000
    150    .00000
    151    .00000
    152    .00000
    153    .00000
    154    .00000
    155    .00000
    156    .00000
    157    .00000
    158    .00000
    159    .00000
    160    .00000
    161    .00000
    162    .00000
    163    .00000
    164    .00000
    165    .00000
    166    .00000
    167    .00000
    168    .00000
    169    .00000
    170    .00000
    171    .00000
    172    .00000
    173    .00000
    174    .00000
    175    .00000
    176    .00000
    177    .00000
    178    .00000
    179    .00000
    180    .00000
    181    .00000
    182    .00000
    183    .00000
    184    .00000
    185    .00000
    186    .00000
    187    .00000
    188    .00000
    189    .00000
    190    .00000
    191    .00000
    192    .00000
    193    .00000
    194    .00000
    195    .00000
    196    .00000
    197    .00000
    198    .00000
    199    .00000
    200    .00000
    201    .00000
    202    .00000
    203    .00000
    204    .00000
    205    .00000
    206    .00000
    207    .00000
    208    .00000
    209    .00000
    210    .00000
    211    .00000
    212    .00000
    213    .00000
    214    .00000
    215    .00000
    216    .00000
    217    .00000
    218    .00000
    219    .00000
    220    .00000
    221    .00000
    222    .00000
    223    .00000
    224    .00000
    225    .00000
    226    .00000
    227    .00000
    228    .00000
    229    .00000
    230    .00000
    231    .00000
    232    .00000
    233    .00000
    234    .00000
    235    .00000
    236    .00000
    237    .00000
    238    .00000
    239    .00000
    240    .00000
    241    .00000
    242    .00000
    243    .00000
    244    .00000
    245    .00000
    246    .00000
    247    .00000
    248    .00000
    249    .00000
    250    .00000
    251    .00000
    252    .00000
    253    .00000
    254    .00000
    255    .00000
    256    .00000
    257    .00000
    258    .00000
    259    .00000
    260    .00000
    261    .00000
    262    .00000
    263    .00000
    264    .00000
    265    .00000
    266    .00000
    267    .00000
    268    .00000
    269    .00000
    270    .00000
    271    .00000
    272    .00000
    273    .00000
    274    .00000
    275    .00000
    276    .00000
    277    .00000
    278    .00000
    279    .00000
    280    .00000
    281    .00000
    282    .00000
    283    .00000
    284    .00000
    285    .00000
    286    .00000
    287    .00000
    288    .00000
    289    .00000
    290    .00000
    291    .00000
    292    .00000
    293    .00000
    294    .00000
    295    .00000
    296    .00000
    297    .00000
    298    .00000
    299    .00000
    300    .00000
    301    .00000
    302    .00000
    303    .00000
    304    .00000
    305    .00000
    306    .00000
    307    .00000
    308    .00000
    309    .00000
    310    .00000
    311    .00000
    312    .00000
    313    .00000
    314    .00000
    315    .00000
    316    .00000
    317    .00000
    318    .00000
    319    .00000
    320    .00000
    321    .00000
    322    .00000
    323    .00000
    324    .00000
    325    .00000
    326    .00000
    327    .00000
    328    .00000
    329    .00000
    330    .00000
    331    .00000
    332    .00000
    333    .00000
    334    .00000
    335    .00000
    336    .00000
    337    .00000
    338    .00000
    339    .00000
    340    .00000
    341    .00000
    342    .00000
    343    .00000
    344    .00000
    345    .00000
    346    .00000
    347    .00000
    348    .00000
    349    .00000
    350    .00000
    351    .00000
    352    .00000
    353    .00000
    354    .00000
    355    .00000
    356    .00000
    357    .00000
    358    .00000
    359    .00000
    360    .00000
    361    .00000
    362    .00000
    363    .00000
    364    .00000
    365    .00000
    366    .00000
    367    .00000
    368    .00000
    369    .00000
    370    .00000
    371    .00000
    372    .00000
    373    .00000
    374    .00000
    375    .00000
    376    .00000
    377    .00000
    378    .00000
    379    .00000
    380    .00000
    381    .00000
    382    .00000
    383    .00000
    384    .00000
    385    .00000
    386    .00000
    387    .00000
    388    .00000
    389    .00000
    390    .00000
    391    .00000
    392    .00000
    393    .00000
    394    .00000
    395    .00000
    396    .00000
    397    .00000
    398    .00000
    399    .00000
    400    .00000
    401    .00000
    402    .00000
    403    .00000
    404    .00000
    405    .00000
    406    .00000
    407    .00000
    408    .00000
    409    .00000
    410    .00000
    411    .00000
    412    .00000
    413    .00000
    414    .00000
    415    .00000
    416    .00000
    417    .00000
    418    .00000
    419    .00000
    420    .00000
    421    .00000
    422    .00000
    423    .00000
    424    .00000
    425    .00000
    426    .00000
    427    .00000
    428    .00000
    429    .00000
    430    .00000
    431    .00000
    432    .00000
    433    .00000
    434    .00000
    435    .00000
    436    .00000
    437    .00000
    438    .00000
    439    .00000
    440    .00000
    441    .00000
    442    .00000
    443    .00000
    444    .00000
    445    .00000
    446    .00000
    447    .00000
    448    .00000
    449    .00000
    450    .00000
    451    .00000
    452    .00000
    453    .00000
    454    .00000
    455    .00000
    456    .00000
    457    .00000
    458    .00000
    459    .00000
    460    .00000
    461    .00000
    462    .00000
    463    .00000
    464    .00000
    465    .00000
    466    .00000
    467    .00000
    468    .00000
    469    .00000
    470    .00000
    471    .00000
    472    .00000
    473    .00000
    474    .00000
    475    .00000
    476    .00000
    477    .00000
    478    .00000
    479    .00000
    480    .00000
    481    .00000
    482    .00000
    483    .00000
    484    .00000
    485    .00000
    486    .00000
    487    .00000
    488    .00000
    489    .00000
    490    .00000
    491    .00000
    492    .00000
    493    .00000
    494    .00000
    495    .00000
    496    .00000
    497    .00000
    498    .00000
    499    .00000
    500    .00000
    501    .00000
    502    .00000
    503    .00000
    504    .00000
    505    .00000
    506    .00000
    507    .00000
    508    .00000
    509    .00000
    510    .00000
    511    .00000
    512    .00000
    513    .00000
    514    .00000
    515    .00000
    516    .00000
    517    .00000
    518    .00000
    519    .00000
    520    .00000
    521    .00000
    522    .00000
    523    .00000
    524    .00000
    525    .00000
    526    .00000
    527    .00000
    528    .00000
    529    .00000
    530    .00000
    531    .00000
    532    .00000
    533    .00000
    534    .00000
    535    .00000
    536    .00000
    537    .00000
    538    .00000
    539    .00000
    540    .00000
    541    .00000
    542    .00000
    543    .00000
    544    .00000
    545    .00000
    546    .00000
    547    .00000
    548    .00000
    549    .00000
    550    .00000
    551    .00000
    552    .00000
    553    .00000
    554    .00000
    555    .00000
    556    .00000
    557    .00000
    558    .00000
    559    .00000
    560    .00000
    561    .00000
    562    .00000
    563    .00000
    564    .00000
    565    .00000
    566    .00000
    567    .00000
    568    .00000
    569    .00000
    570    .00000
    571    .00000
    572    .00000
    573    .00000
    574    .00000
    575    .00000
    576    .00000
   
 VALORES DE WRA  ************************************
 WRA ORIGINAL POSSUIA         576 NUM., REDUZIDO PARA         277 NUM.
      1    .58942
      2   1.30253
      3    .87621
      4   1.06831
      5    .96750
      6   1.01666
      7    .99177
      8   1.00414
      9    .99794
     10   1.00103
     11    .99948
     12   1.00026
     13    .99987
     14   1.00006
     15    .99997
     16   1.00002
     17    .99999
     18   1.00000
     19   1.00000
     20   1.00000
     21   1.00000
     22   1.00000
     23   1.00000
     24   1.00000
     25   1.00000
     26   1.00000
     27   1.00000
     28   1.00000
     29   1.00000
     30   1.00000
     31   1.00000
     32   1.00000
     33   1.00000
     34   1.00000
     35   1.00000
     36   1.00000
     37   1.00000
     38   1.00000
     39   1.00000
     40   1.00000
     41   1.00000
     42   1.00000
     43   1.00000
     44   1.00000
     45   1.00000
     46   1.00000
     47   1.00000
     48   1.00000
     49   1.00000
     50   1.00000
     51   1.00000
     52   1.00000
     53   1.00000
     54   1.00000
     55   1.00000
     56   1.00000
     57   1.00000
     58   1.00000
     59   1.00000
     60   1.00000
     61   1.00000
     62   1.00000
     63   1.00000
     64   1.00000
     65   1.00000
     66   1.00000
     67   1.00000
     68   1.00000
     69   1.00000
     70   1.00000
     71   1.00000
     72   1.00000
     73   1.00000
     74   1.00000
     75   1.00000
     76   1.00000
     77   1.00000
     78   1.00000
     79   1.00000
     80   1.00000
     81   1.00000
     82   1.00000
     83   1.00000
     84   1.00000
     85   1.00000
     86   1.00000
     87   1.00000
     88   1.00000
     89   1.00000
     90   1.00000
     91   1.00000
     92   1.00000
     93   1.00000
     94   1.00000
     95   1.00000
     96   1.00000
     97   1.00000
     98   1.00000
     99   1.00000
    100   1.00000
    101   1.00000
    102   1.00000
    103   1.00000
    104   1.00000
    105   1.00000
    106   1.00000
    107   1.00000
    108   1.00000
    109   1.00000
    110   1.00000
    111   1.00000
    112   1.00000
    113   1.00000
    114   1.00000
    115   1.00000
    116   1.00000
    117   1.00000
    118   1.00000
    119   1.00000
    120   1.00000
    121   1.00000
    122   1.00000
    123   1.00000
    124   1.00000
    125   1.00000
    126   1.00000
    127   1.00000
    128   1.00000
    129   1.00000
    130   1.00000
    131   1.00000
    132   1.00000
    133   1.00000
    134   1.00000
    135   1.00000
    136   1.00000
    137   1.00000
    138   1.00000
    139   1.00000
    140   1.00000
    141   1.00000
    142   1.00000
    143   1.00000
    144   1.00000
    145   1.00000
    146   1.00000
    147   1.00000
    148   1.00000
    149   1.00000
    150   1.00000
    151   1.00000
    152   1.00000
    153   1.00000
    154   1.00000
    155   1.00000
    156   1.00000
    157   1.00000
    158   1.00000
    159   1.00000
    160   1.00000
    161   1.00000
    162   1.00000
    163   1.00000
    164   1.00000
    165   1.00000
    166   1.00000
    167   1.00000
    168   1.00000
    169   1.00000
    170   1.00000
    171   1.00000
    172   1.00000
    173   1.00000
    174   1.00000
    175   1.00000
    176   1.00000
    177   1.00000
    178   1.00000
    179   1.00000
    180   1.00000
    181   1.00000
    182   1.00000
    183   1.00000
    184   1.00000
    185   1.00000
    186   1.00000
    187   1.00000
    188   1.00000
    189   1.00000
    190   1.00000
    191   1.00000
    192   1.00000
    193   1.00000
    194   1.00000
    195   1.00000
    196   1.00000
    197   1.00000
    198   1.00000
    199   1.00000
    200   1.00000
    201   1.00000
    202   1.00000
    203   1.00000
    204   1.00000
    205   1.00000
    206   1.00000
    207   1.00000
    208   1.00000
    209   1.00000
    210   1.00000
    211   1.00000
    212   1.00000
    213   1.00000
    214   1.00000
    215   1.00000
    216   1.00000
    217   1.00000
    218   1.00000
    219   1.00000
    220   1.00000
    221   1.00000
    222   1.00000
    223   1.00000
    224   1.00000
    225   1.00000
    226   1.00000
    227   1.00000
    228   1.00000
    229   1.00000
    230   1.00000
    231   1.00000
    232   1.00000
    233   1.00000
    234   1.00000
    235   1.00000
    236   1.00000
    237   1.00000
    238   1.00000
    239   1.00000
    240   1.00000
    241   1.00000
    242   1.00000
    243   1.00000
    244   1.00000
    245   1.00000
    246   1.00000
    247   1.00000
    248   1.00000
    249   1.00000
    250   1.00000
    251   1.00000
    252   1.00000
    253   1.00000
    254   1.00000
    255   1.00000
    256   1.00000
    257   1.00000
    258   1.00000
    259   1.00000
    260   1.00000
    261   1.00000
    262   1.00000
    263   1.00000
    264   1.00000
    265   1.00000
    266   1.00000
    267   1.00000
    268   1.00000
    269   1.00000
    270   1.00000
    271   1.00000
    272   1.00000
    273   1.00000
    274   1.00000
    275   1.00000
    276   1.00000
    277   1.00000



           - AUTOVALORES - 
          REAL     IMAGINARIO
           1        2.878359438865758   0.000000000000000E+000
           2        1.170322623816823       -2.371400737001541
           3        1.170322623816823        2.371400737001541
           4   8.292064220359543E-001       -2.503691125250333
           5   8.292064220359543E-001        2.503691125250333
           6   5.846721040516856E-001       -2.556418104490911
           7   5.846721040516856E-001        2.556418104490911
           8   2.863118964512916E-001       -2.598815428433931
           9   2.863118964512916E-001        2.598815428433931
          10        1.496890310635027       -2.152304700319609
          11        1.496890310635027        2.152304700319609
          12   1.109126886813596E-001       -2.582267725207164
          13   1.109126886813596E-001        2.582267725207164
          14        1.860819728858474       -1.857805750637772
          15        1.860819728858474        1.857805750637772
          16        2.592300464380998   0.000000000000000E+000
          17        2.028941376187271       -1.579087822822100
          18        2.028941376187271        1.579087822822100
          19        2.221019971876058       -1.300584725380654
          20        2.221019971876058        1.300584725380654
          21        2.331661094144875       -1.007163020256682
          22        2.331661094144875        1.007163020256682
          23        2.068786371860417       -1.446430614632280
          24        2.068786371860417        1.446430614632280
          25  -1.314234468171885E-001       -2.526963747412269
          26  -1.314234468171885E-001        2.526963747412269
          27        2.406304046614422  -6.649551948510124E-001
          28        2.406304046614422   6.649551948510124E-001
          29        1.292000781314233       -2.066346531611487
          30        1.292000781314233        2.066346531611487
          31  -3.520678938879980E-001       -2.445941069328510
          32  -3.520678938879980E-001        2.445941069328510
          33        2.410308108381439  -4.397929632706021E-001
          34        2.410308108381439   4.397929632706021E-001
          35        2.391004258527997  -2.274451194999728E-001
          36        2.391004258527997   2.274451194999728E-001
          37  -6.098899692076368E-001       -2.299780393387740
          38  -6.098899692076368E-001        2.299780393387740
          39        2.306390647512556  -1.881016273760524E-001
          40        2.306390647512556   1.881016273760524E-001
          41        2.214297009794828  -4.020391960989134E-001
          42        2.214297009794828   4.020391960989134E-001
          43  -9.199471655409164E-001       -2.132123821766931
          44  -9.199471655409164E-001        2.132123821766931
          45       -1.105504190968620       -1.992254545563670
          46       -1.105504190968620        1.992254545563670
          47        2.059801359149599  -6.355935989919190E-001
          48        2.059801359149599   6.355935989919190E-001
          49       -1.289367049173237       -1.821250485991943
          50       -1.289367049173237        1.821250485991943
          51       -1.409200805202699       -1.640802698662765
          52       -1.409200805202699        1.640802698662765
          53        1.804298837432341  -8.938212836540472E-001
          54        1.804298837432341   8.938212836540472E-001
          55       -1.528002087546126       -1.421995891579042
          56       -1.528002087546126        1.421995891579042
          57        1.622368265242316       -1.040921558530438
          58        1.622368265242316        1.040921558530438
          59        1.510596203957697       -1.152916749560305
          60        1.510596203957697        1.152916749560305
          61        1.416719984462610       -1.213154117200127
          62        1.416719984462610        1.213154117200127
          63       -1.616604859932454       -1.190429851535461
          64       -1.616604859932454        1.190429851535461
          65        1.586101655755041  -8.617701232169367E-001
          66        1.586101655755041   8.617701232169367E-001
          67        1.253770846737667       -1.295522457427484
          68        1.253770846737667        1.295522457427484
          69       -1.683423698825413  -9.579411341660755E-001
          70       -1.683423698825413   9.579411341660755E-001
          71        1.079042710268475       -1.367469843628429
          72        1.079042710268475        1.367469843628429
          73   7.905381416397248E-001       -1.444273461145633
          74   7.905381416397248E-001        1.444273461145633
          75   5.822848525435164E-001       -1.472593695014967
          76   5.822848525435164E-001        1.472593695014967
          77   4.326103817364787E-001       -1.486243568405923
          78   4.326103817364787E-001        1.486243568405923
          79   3.428469884145042E-001       -1.482874276642890
          80   3.428469884145042E-001        1.482874276642890
          81       -1.688481570486631  -5.376554051563570E-001
          82       -1.688481570486631   5.376554051563570E-001
          83       -1.685526958180499  -2.818762531515454E-001
          84       -1.685526958180499   2.818762531515454E-001
          85       -1.631980027155331  -4.351378574605627E-002
          86       -1.631980027155331   4.351378574605627E-002
          87   8.260739024126632E-002       -1.435994932570918
          88   8.260739024126632E-002        1.435994932570918
          89       -1.538404431326899  -1.550386196181553E-001
          90       -1.538404431326899   1.550386196181553E-001
          91  -6.110757984430071E-002       -1.400894980211567
          92  -6.110757984430071E-002        1.400894980211567
          93       -1.447848284389626  -3.664707940512910E-001
          94       -1.447848284389626   3.664707940512910E-001
          95  -1.996900118693152E-001       -1.353663625494242
          96  -1.996900118693152E-001        1.353663625494242
          97       -1.335200727617269  -5.540445668431321E-001
          98       -1.335200727617269   5.540445668431321E-001
          99       -1.209755540254256  -7.100857620793980E-001
         100       -1.209755540254256   7.100857620793980E-001
         101  -3.932224246275689E-001       -1.259989780949039
         102  -3.932224246275689E-001        1.259989780949039
         103   8.385837500861454E-001  -8.367352733247110E-001
         104   8.385837500861454E-001   8.367352733247110E-001
         105   9.370451211676687E-001  -7.124085737669175E-001
         106   9.370451211676687E-001   7.124085737669175E-001
         107        1.019911531223470  -5.728347653098459E-001
         108        1.019911531223470   5.728347653098459E-001
         109        1.069910516420585  -4.587208223699180E-001
         110        1.069910516420585   4.587208223699180E-001
         111        1.146888236754216  -1.168418522885126E-002
         112        1.146888236754216   1.168418522885126E-002
         113        1.142886543261406  -1.540039950808589E-001
         114        1.142886543261406   1.540039950808589E-001
         115        1.128989027463029  -1.604732324281003E-001
         116        1.128989027463029   1.604732324281003E-001
         117   7.261182772054280E-001  -9.450773760134132E-001
         118   7.261182772054280E-001   9.450773760134132E-001
         119   5.896143402449665E-001       -1.049151507670337
         120   5.896143402449665E-001        1.049151507670337
         121        1.095432015686229  -2.941386452564234E-001
         122        1.095432015686229   2.941386452564234E-001
         123   4.446773746743749E-001       -1.127149325215227
         124   4.446773746743749E-001        1.127149325215227
         125        1.043429954814284  -4.257054562156841E-001
         126        1.043429954814284   4.257054562156841E-001
         127   1.001261017016976E-001       -1.232303784696125
         128   1.001261017016976E-001        1.232303784696125
         129  -4.273774382166895E-002       -1.244155140511345
         130  -4.273774382166895E-002        1.244155140511345
         131   9.748462692974262E-001  -5.495443837867967E-001
         132   9.748462692974262E-001   5.495443837867967E-001
         133   8.990498269487389E-001  -6.562437813399756E-001
         134   8.990498269487389E-001   6.562437813399756E-001
         135        1.057230146555692  -4.608501811026164E-002
         136        1.057230146555692   4.608501811026164E-002
         137        1.047734909453317  -1.475800282277051E-001
         138        1.047734909453317   1.475800282277051E-001
         139        1.033186672958338  -2.146415597352560E-001
         140        1.033186672958338   2.146415597352560E-001
         141        1.024047204488446  -2.711439964697456E-001
         142        1.024047204488446   2.711439964697456E-001
         143        1.001512312411329  -3.327266563556535E-001
         144        1.001512312411329   3.327266563556535E-001
         145   9.863687114042822E-001  -3.892548158774065E-001
         146   9.863687114042822E-001   3.892548158774065E-001
         147   9.507196885691212E-001  -4.517436996980827E-001
         148   9.507196885691212E-001   4.517436996980827E-001
         149   9.317526303673480E-001  -5.067182660091260E-001
         150   9.317526303673480E-001   5.067182660091260E-001
         151        1.004580348367647   0.000000000000000E+000
         152   9.951903218787808E-001  -1.368440078678341E-001
         153   9.951903218787808E-001   1.368440078678341E-001
         154   8.736819374231926E-001  -6.060419297209253E-001
         155   8.736819374231926E-001   6.060419297209253E-001
         156   8.931717694789862E-001  -5.554697641266849E-001
         157   8.931717694789862E-001   5.554697641266849E-001
         158   7.119119170184804E-001  -8.439068866992280E-001
         159   7.119119170184804E-001   8.439068866992280E-001
         160   9.659677102992976E-001  -2.753214120260357E-001
         161   9.659677102992976E-001   2.753214120260357E-001
         162   7.996383030930063E-001  -7.049761113953392E-001
         163   7.996383030930063E-001   7.049761113953392E-001
         164   8.224007340690811E-001  -6.542622915474201E-001
         165   8.224007340690811E-001   6.542622915474201E-001
         166   9.195143382201478E-001  -4.022041836896591E-001
         167   9.195143382201478E-001   4.022041836896591E-001
         168   6.134376511207980E-001  -9.162056561008419E-001
         169   6.134376511207980E-001   9.162056561008419E-001
         170  -2.219320038895656E-001       -1.238983135481995
         171  -2.219320038895656E-001        1.238983135481995
         172   7.378327668846774E-001  -7.474707824903495E-001
         173   7.378327668846774E-001   7.474707824903495E-001
         174   4.822426494612629E-001       -1.014822316703415
         175   4.822426494612629E-001        1.014822316703415
         176   6.140301556527748E-001  -8.785754874430233E-001
         177   6.140301556527748E-001   8.785754874430233E-001
         178   6.648802114305339E-001  -8.123720016441848E-001
         179   6.648802114305339E-001   8.123720016441848E-001
         180   7.775265653171679E-001  -6.331787179023872E-001
         181   7.775265653171679E-001   6.331787179023872E-001
         182  -3.992538866730443E-001       -1.209369127697456
         183  -3.992538866730443E-001        1.209369127697456
         184   5.150198660130745E-001  -9.438608150748979E-001
         185   5.150198660130745E-001   9.438608150748979E-001
         186   6.838689486809034E-001  -7.361373194616022E-001
         187   6.838689486809034E-001   7.361373194616022E-001
         188  -9.051785364447473E-001  -9.825945256462506E-001
         189  -9.051785364447473E-001   9.825945256462506E-001
         190  -5.582203154172238E-001       -1.162698016544088
         191  -5.582203154172238E-001        1.162698016544088
         192  -5.815412318087336E-001       -1.150900142864624
         193  -5.815412318087336E-001        1.150900142864624
         194  -7.410565600879928E-001       -1.081104647359822
         195  -7.410565600879928E-001        1.081104647359822
         196   5.818149468031194E-001  -8.229113220078430E-001
         197   5.818149468031194E-001   8.229113220078430E-001
         198   4.032999015569178E-001  -9.991404225835704E-001
         199   4.032999015569178E-001   9.991404225835704E-001
         200   4.548068615643303E-001  -9.449110513161967E-001
         201   4.548068615643303E-001   9.449110513161967E-001
         202  -6.548642187957456E-001       -1.084090279594886
         203  -6.548642187957456E-001        1.084090279594886
         204   4.668652845676693E-001  -8.960595005982851E-001
         205   4.668652845676693E-001   8.960595005982851E-001
         206   2.810957178784758E-001       -1.042868573379669
         207   2.810957178784758E-001        1.042868573379669
         208   3.103867170359225E-001       -1.012708700589658
         209   3.103867170359225E-001        1.012708700589658
         210   3.498905593335365E-001  -9.863733317361697E-001
         211   3.498905593335365E-001   9.863733317361697E-001
         212   3.489149618610973E-001  -9.640202657548075E-001
         213   3.489149618610973E-001   9.640202657548075E-001
         214   1.616615639183542E-001       -1.073096860156018
         215   1.616615639183542E-001        1.073096860156018
         216   2.293265108692982E-001       -1.018319896493066
         217   2.293265108692982E-001        1.018319896493066
         218   2.108129344803551E-001       -1.027695455696593
         219   2.108129344803551E-001        1.027695455696593
         220  -7.440193003465849E-001       -1.006218576084424
         221  -7.440193003465849E-001        1.006218576084424
         222   3.723272178065429E-002       -1.084287919780866
         223   3.723272178065429E-002        1.084287919780866
         224   1.230908714012619E-001       -1.043026891357012
         225   1.230908714012619E-001        1.043026891357012
         226   1.012513767940250E-001       -1.042190838379876
         227   1.012513767940250E-001        1.042190838379876
         228   1.820177638319559E-001  -9.953572175533239E-001
         229   1.820177638319559E-001   9.953572175533239E-001
         230   7.882002311478963E-001  -1.135310713487282E-002
         231   7.882002311478963E-001   1.135310713487282E-002
         232   7.835383307736299E-001  -9.443202033459111E-002
         233   7.835383307736299E-001   9.443202033459111E-002
         234   7.626820756797512E-001  -2.020638070868568E-001
         235   7.626820756797512E-001   2.020638070868568E-001
         236   7.570779124032212E-001  -2.266559967634788E-001
         237   7.570779124032212E-001   2.266559967634788E-001
         238   7.259293892100786E-001  -3.053755703405930E-001
         239   7.259293892100786E-001   3.053755703405930E-001
         240   7.165076396832313E-001  -3.306724547626952E-001
         241   7.165076396832313E-001   3.306724547626952E-001
         242  -8.601505686912875E-002       -1.080137669804932
         243  -8.601505686912875E-002        1.080137669804932
         244   6.811524915289193E-001  -3.927443662302542E-001
         245   6.811524915289193E-001   3.927443662302542E-001
         246   6.607609716553319E-001  -4.246334985980357E-001
         247   6.607609716553319E-001   4.246334985980357E-001
         248   2.648687793274242E-003       -1.047698749523999
         249   2.648687793274242E-003        1.047698749523999
         250  -1.405035489553527E-002       -1.043677471691989
         251  -1.405035489553527E-002        1.043677471691989
         252   6.278306979626414E-002       -1.015360622127452
         253   6.278306979626414E-002        1.015360622127452
         254   6.148028565802667E-001  -4.882241182133212E-001
         255   6.148028565802667E-001   4.882241182133212E-001
         256   5.913259269582512E-001  -5.016976160112158E-001
         257   5.913259269582512E-001   5.016976160112158E-001
         258  -8.365413038635089E-001  -8.999908634951811E-001
         259  -8.365413038635089E-001   8.999908634951811E-001
         260   5.400024477709959E-001  -5.687402802191786E-001
         261   5.400024477709959E-001   5.687402802191786E-001
         262  -1.297413093828402E-001       -1.032262170125317
         263  -1.297413093828402E-001        1.032262170125317
         264   5.122488825455634E-001  -5.755691723990658E-001
         265   5.122488825455634E-001   5.755691723990658E-001
         266  -3.373753417996497E-001       -1.036891881463822
         267  -3.373753417996497E-001        1.036891881463822
         268  -2.368748799285210E-001       -1.011988954259614
         269  -2.368748799285210E-001        1.011988954259614
         270  -2.129908164673287E-001       -1.009499003140483
         271  -2.129908164673287E-001        1.009499003140483
         272  -2.241675121476514E-001       -1.009797821902971
         273  -2.241675121476514E-001        1.009797821902971
         274   4.042241554799502E-001  -6.669246859968471E-001
         275   4.042241554799502E-001   6.669246859968471E-001
         276   4.256626853471780E-001  -6.330044163515404E-001
         277   4.256626853471780E-001   6.330044163515404E-001
         278  -4.514081430221137E-001  -9.908067852569953E-001
         279  -4.514081430221137E-001   9.908067852569953E-001
         280  -3.413539259108567E-001  -9.797272238765117E-001
         281  -3.413539259108567E-001   9.797272238765117E-001
         282  -3.257769199013045E-001  -9.724762112139128E-001
         283  -3.257769199013045E-001   9.724762112139128E-001
         284   3.385347227477060E-001  -6.737806351903679E-001
         285   3.385347227477060E-001   6.737806351903679E-001
         286   2.613481527057913E-001  -7.340620848588614E-001
         287   2.613481527057913E-001   7.340620848588614E-001
         288  -5.621253326876641E-001  -9.300182065635121E-001
         289  -5.621253326876641E-001   9.300182065635121E-001
         290  -9.778602684549245E-001  -6.558519517156951E-001
         291  -9.778602684549245E-001   6.558519517156951E-001
         292  -9.233335467163233E-001  -7.127604721991968E-001
         293  -9.233335467163233E-001   7.127604721991968E-001
         294       -1.066038782297772  -5.042540277797396E-001
         295       -1.066038782297772   5.042540277797396E-001
         296  -4.759323036024974E-001  -9.307525374931183E-001
         297  -4.759323036024974E-001   9.307525374931183E-001
         298  -4.371620265165616E-001  -9.327409093507709E-001
         299  -4.371620265165616E-001   9.327409093507709E-001
         300  -4.245133936175881E-001  -9.220526545754116E-001
         301  -4.245133936175881E-001   9.220526545754116E-001
         302  -6.773511942833993E-001  -8.645521761562640E-001
         303  -6.773511942833993E-001   8.645521761562640E-001
         304       -1.121272066669960  -3.228482668952543E-001
         305       -1.121272066669960   3.228482668952543E-001
         306       -1.081700241347255  -3.516900241351484E-001
         307       -1.081700241347255   3.516900241351484E-001
         308       -1.142477493724770  -1.961750812745931E-001
         309       -1.142477493724770   1.961750812745931E-001
         310       -1.113871563162218  -2.480477598750132E-001
         311       -1.113871563162218   2.480477598750132E-001
         312       -1.087602656949492  -2.955722109892922E-001
         313       -1.087602656949492   2.955722109892922E-001
         314       -1.155088695623426  -5.241019090318831E-002
         315       -1.155088695623426   5.241019090318831E-002
         316       -1.122380273585518  -1.760170927427774E-001
         317       -1.122380273585518   1.760170927427774E-001
         318       -1.143619281742637  -4.973799522693759E-002
         319       -1.143619281742637   4.973799522693759E-002
         320       -1.130235399858336  -1.278972933339853E-001
         321       -1.130235399858336   1.278972933339853E-001
         322       -1.132607354715502  -1.204841292128298E-002
         323       -1.132607354715502   1.204841292128298E-002
         324       -1.117833861373994  -1.109588178429785E-001
         325       -1.117833861373994   1.109588178429785E-001
         326       -1.085603133489352  -2.400016303620736E-001
         327       -1.085603133489352   2.400016303620736E-001
         328  -9.767276966022757E-001  -5.389771446146678E-001
         329  -9.767276966022757E-001   5.389771446146678E-001
         330       -1.010638666207996  -4.556939397027031E-001
         331       -1.010638666207996   4.556939397027031E-001
         332       -1.048336007654771  -3.397390731928439E-001
         333       -1.048336007654771   3.397390731928439E-001
         334  -5.208803408173770E-001  -8.903466688715603E-001
         335  -5.208803408173770E-001   8.903466688715603E-001
         336  -6.052803006261913E-001  -8.658940167358916E-001
         337  -6.052803006261913E-001   8.658940167358916E-001
         338  -9.259640821421525E-001  -5.974836479235759E-001
         339  -9.259640821421525E-001   5.974836479235759E-001
         340  -9.099629877111628E-001  -6.149213101765302E-001
         341  -9.099629877111628E-001   6.149213101765302E-001
         342  -6.128557373229924E-001  -8.525716732230352E-001
         343  -6.128557373229924E-001   8.525716732230352E-001
         344  -7.411517409017829E-001  -7.954017856699134E-001
         345  -7.411517409017829E-001   7.954017856699134E-001
         346  -8.295116563689244E-001  -7.061504517265255E-001
         347  -8.295116563689244E-001   7.061504517265255E-001
         348  -9.098437059773779E-001  -5.789152563852289E-001
         349  -9.098437059773779E-001   5.789152563852289E-001
         350  -8.553104416689155E-001  -6.550490547723178E-001
         351  -8.553104416689155E-001   6.550490547723178E-001
         352  -8.259400991200272E-001  -6.768524644008334E-001
         353  -8.259400991200272E-001   6.768524644008334E-001
         354  -7.051527175049479E-001  -7.899209307064676E-001
         355  -7.051527175049479E-001   7.899209307064676E-001
         356  -5.065356030180515E-001  -8.624987463854154E-001
         357  -5.065356030180515E-001   8.624987463854154E-001
         358  -7.862795816064346E-001  -6.904836257486107E-001
         359  -7.862795816064346E-001   6.904836257486107E-001
         360  -7.514348872192795E-001  -7.255843493666141E-001
         361  -7.514348872192795E-001   7.255843493666141E-001
         362  -8.093943643547555E-001  -6.266964273117441E-001
         363  -8.093943643547555E-001   6.266964273117441E-001
         364  -5.769338938919326E-001  -8.017942778021138E-001
         365  -5.769338938919326E-001   8.017942778021138E-001
         366  -7.204033591038607E-001  -7.135892502334695E-001
         367  -7.204033591038607E-001   7.135892502334695E-001
         368  -8.462242731322771E-001  -5.482062250222143E-001
         369  -8.462242731322771E-001   5.482062250222143E-001
         370  -6.601708452083708E-001  -7.307483649619287E-001
         371  -6.601708452083708E-001   7.307483649619287E-001
         372  -6.424771492627435E-001  -7.368597882034984E-001
         373  -6.424771492627435E-001   7.368597882034984E-001
         374  -8.866104975333278E-001  -4.690245248286721E-001
         375  -8.866104975333278E-001   4.690245248286721E-001
         376  -9.636170184283290E-001  -2.945410822313396E-001
         377  -9.636170184283290E-001   2.945410822313396E-001
         378  -9.881283455267955E-001  -1.996255943483511E-001
         379  -9.881283455267955E-001   1.996255943483511E-001
         380       -1.002657631227974  -9.851393728691227E-002
         381       -1.002657631227974   9.851393728691227E-002
         382       -1.007367916641369   0.000000000000000E+000
         383  -6.966725856990715E-001  -6.700985667871149E-001
         384  -6.966725856990715E-001   6.700985667871149E-001
         385  -6.017799751366147E-001  -7.388818184994321E-001
         386  -6.017799751366147E-001   7.388818184994321E-001
         387   1.562009261771132E-001  -7.612843304786440E-001
         388   1.562009261771132E-001   7.612843304786440E-001
         389  -7.722429409619199E-001  -5.302977686759326E-001
         390  -7.722429409619199E-001   5.302977686759326E-001
         391  -8.029900972566393E-001  -4.657208987637226E-001
         392  -8.029900972566393E-001   4.657208987637226E-001
         393  -8.303325029913680E-001  -4.029113692011735E-001
         394  -8.303325029913680E-001   4.029113692011735E-001
         395  -8.521120343754044E-001  -3.358451093710319E-001
         396  -8.521120343754044E-001   3.358451093710319E-001
         397  -4.963175514787264E-001  -7.362302221617676E-001
         398  -4.963175514787264E-001   7.362302221617676E-001
         399   1.454989567272856E-001  -7.184323615680378E-001
         400   1.454989567272856E-001   7.184323615680378E-001
         401   4.572802172650836E-002  -7.727187913842891E-001
         402   4.572802172650836E-002   7.727187913842891E-001
         403  -8.646847971047870E-001  -2.485101192064094E-001
         404  -8.646847971047870E-001   2.485101192064094E-001
         405  -4.524251168382745E-001  -7.291283862105416E-001
         406  -4.524251168382745E-001   7.291283862105416E-001
         407  -4.431628156697162E-002  -7.707426067741758E-001
         408  -4.431628156697162E-002   7.707426067741758E-001
         409  -8.594711295587602E-001  -1.843150251261361E-001
         410  -8.594711295587602E-001   1.843150251261361E-001
         411  -8.587168129739899E-001  -1.313051932185588E-001
         412  -8.587168129739899E-001   1.313051932185588E-001
         413  -8.468189284270868E-001  -2.116225640007163E-002
         414  -8.468189284270868E-001   2.116225640007163E-002
         415  -8.347816095490983E-001  -2.815655708844359E-002
         416  -8.347816095490983E-001   2.815655708844359E-002
         417  -8.194737915907344E-001  -7.871529648511581E-002
         418  -8.194737915907344E-001   7.871529648511581E-002
         419  -8.011160982535421E-001  -1.256322659616844E-001
         420  -8.011160982535421E-001   1.256322659616844E-001
         421  -7.805210752040924E-001  -1.682410255474387E-001
         422  -7.805210752040924E-001   1.682410255474387E-001
         423  -4.071025203984066E-001  -7.179633070418144E-001
         424  -4.071025203984066E-001   7.179633070418144E-001
         425  -7.511082740591600E-001  -2.181798679292386E-001
         426  -7.511082740591600E-001   2.181798679292386E-001
         427  -7.245602019220281E-001  -2.570272064857320E-001
         428  -7.245602019220281E-001   2.570272064857320E-001
         429  -6.895917408961090E-001  -1.652456715795482E-001
         430  -6.895917408961090E-001   1.652456715795482E-001
         431  -6.962774342285047E-001  -6.926439606838296E-002
         432  -6.962774342285047E-001   6.926439606838296E-002
         433  -6.783592286582514E-001  -6.482488613139846E-002
         434  -6.783592286582514E-001   6.482488613139846E-002
         435  -6.728803155643577E-001  -2.654198797218063E-001
         436  -6.728803155643577E-001   2.654198797218063E-001
         437  -6.576204047233707E-001  -3.363367418020835E-001
         438  -6.576204047233707E-001   3.363367418020835E-001
         439  -6.345851075443856E-001  -2.002390584546243E-001
         440  -6.345851075443856E-001   2.002390584546243E-001
         441  -6.357404209226565E-001  -3.516148588927656E-001
         442  -6.357404209226565E-001   3.516148588927656E-001
         443  -6.285167570505377E-001  -3.661865942031689E-001
         444  -6.285167570505377E-001   3.661865942031689E-001
         445  -5.684720272363534E-001  -4.932498412069618E-001
         446  -5.684720272363534E-001   4.932498412069618E-001
         447  -5.902604219117622E-001  -2.792551108752859E-001
         448  -5.902604219117622E-001   2.792551108752859E-001
         449  -5.891058198217539E-001  -4.037552770597341E-001
         450  -5.891058198217539E-001   4.037552770597341E-001
         451  -5.089733270414398E-001  -5.373484514510324E-001
         452  -5.089733270414398E-001   5.373484514510324E-001
         453  -5.596363029789777E-001  -4.424932863051242E-001
         454  -5.596363029789777E-001   4.424932863051242E-001
         455  -5.469852166008419E-001  -4.427937216084404E-001
         456  -5.469852166008419E-001   4.427937216084404E-001
         457  -3.616183927919748E-001  -7.029045196784650E-001
         458  -3.616183927919748E-001   7.029045196784650E-001
         459  -5.371900639331326E-001  -3.467569377289319E-001
         460  -5.371900639331326E-001   3.467569377289319E-001
         461  -5.037820831611194E-001  -4.750093316159829E-001
         462  -5.037820831611194E-001   4.750093316159829E-001
         463  -4.033315502976425E-001  -6.318134919233340E-001
         464  -4.033315502976425E-001   6.318134919233340E-001
         465   5.447012144341640E-002  -7.195107249788124E-001
         466   5.447012144341640E-002   7.195107249788124E-001
         467  -1.639617928929593E-001  -7.468445418135467E-001
         468  -1.639617928929593E-001   7.468445418135467E-001
         469  -3.177207544304355E-001  -6.892877922520085E-001
         470  -3.177207544304355E-001   6.892877922520085E-001
         471  -2.661848128505740E-001  -7.105145195308312E-001
         472  -2.661848128505740E-001   7.105145195308312E-001
         473  -4.564585001462155E-001  -5.103149609184243E-001
         474  -4.564585001462155E-001   5.103149609184243E-001
         475  -2.577678603154363E-002  -7.101774034080326E-001
         476  -2.577678603154363E-002   7.101774034080326E-001
         477  -4.082040698256810E-001  -5.431371680699004E-001
         478  -4.082040698256810E-001   5.431371680699004E-001
         479  -4.245187415581453E-001  -4.496763939672727E-001
         480  -4.245187415581453E-001   4.496763939672727E-001
         481  -2.717529767525139E-001  -6.713600317628062E-001
         482  -2.717529767525139E-001   6.713600317628062E-001
         483  -3.804575801143328E-001  -4.914263664470067E-001
         484  -3.804575801143328E-001   4.914263664470067E-001
         485  -2.953254052008162E-001  -6.125035659137116E-001
         486  -2.953254052008162E-001   6.125035659137116E-001
         487  -1.085888524438047E-001  -6.910833786575239E-001
         488  -1.085888524438047E-001   6.910833786575239E-001
         489  -2.462464771227986E-001  -6.373485941103259E-001
         490  -2.462464771227986E-001   6.373485941103259E-001
         491  -2.238555635535162E-001  -6.518023470484472E-001
         492  -2.238555635535162E-001   6.518023470484472E-001
         493  -1.803665213743465E-001  -6.663588265551896E-001
         494  -1.803665213743465E-001   6.663588265551896E-001
         495  -3.287989464771284E-001  -5.089176215796784E-001
         496  -3.287989464771284E-001   5.089176215796784E-001
         497  -4.742095700673641E-001  -1.591750607060109E-001
         498  -4.742095700673641E-001   1.591750607060109E-001
         499  -2.436816740830358E-001  -5.266733500980461E-001
         500  -2.436816740830358E-001   5.266733500980461E-001
         501  -1.327121971135197E-001  -6.073145635720689E-001
         502  -1.327121971135197E-001   6.073145635720689E-001
         503  -8.955369786514306E-002  -5.898302557556771E-001
         504  -8.955369786514306E-002   5.898302557556771E-001
         505  -1.329366403403066E-001  -5.382035432705605E-001
         506  -1.329366403403066E-001   5.382035432705605E-001
         507  -4.560431833564868E-002  -5.711841062692146E-001
         508  -4.560431833564868E-002   5.711841062692146E-001
         509  -7.034562712524242E-002  -5.364080809619541E-001
         510  -7.034562712524242E-002   5.364080809619541E-001
         511  -2.627480214165812E-003  -5.515714528752310E-001
         512  -2.627480214165812E-003   5.515714528752310E-001
         513  -1.079500277992499E-002  -5.285888792854194E-001
         514  -1.079500277992499E-002   5.285888792854194E-001
         515   1.732191515671913E-002  -5.252762380011882E-001
         516   1.732191515671913E-002   5.252762380011882E-001
         517   3.513394580863041E-002  -5.330220150065236E-001
         518   3.513394580863041E-002   5.330220150065236E-001
         519   4.828254146000138E-002  -5.195992895459044E-001
         520   4.828254146000138E-002   5.195992895459044E-001
         521   7.819845405518208E-002  -5.100297860174469E-001
         522   7.819845405518208E-002   5.100297860174469E-001
         523   1.034347506653657E-001  -5.009358115484505E-001
         524   1.034347506653657E-001   5.009358115484505E-001
         525   1.165880768668523E-001  -4.872685370557475E-001
         526   1.165880768668523E-001   4.872685370557475E-001
         527   1.556247974228323E-001  -4.771763520531114E-001
         528   1.556247974228323E-001   4.771763520531114E-001
         529   1.709231055074252E-001  -4.497375919094594E-001
         530   1.709231055074252E-001   4.497375919094594E-001
         531   3.338775613236128E-001  -4.077395685415730E-001
         532   3.338775613236128E-001   4.077395685415730E-001
         533   2.318760783653002E-001  -4.281415799162902E-001
         534   2.318760783653002E-001   4.281415799162902E-001
         535   2.188053645270296E-001  -4.121770468346899E-001
         536   2.188053645270296E-001   4.121770468346899E-001
         537   4.316999305933403E-001  -7.449953767079249E-003
         538   4.316999305933403E-001   7.449953767079249E-003
         539   4.338683168702510E-001  -3.589921378781977E-002
         540   4.338683168702510E-001   3.589921378781977E-002
         541   4.305084421086933E-001  -4.871350470429461E-002
         542   4.305084421086933E-001   4.871350470429461E-002
         543   4.237462733772957E-001  -7.239702825234895E-002
         544   4.237462733772957E-001   7.239702825234895E-002
         545   4.221290869106297E-001  -1.089939602460844E-001
         546   4.221290869106297E-001   1.089939602460844E-001
         547   3.992265931161492E-001  -1.155821688259467E-001
         548   3.992265931161492E-001   1.155821688259467E-001
         549   4.068346697688784E-001  -1.748739068088509E-001
         550   4.068346697688784E-001   1.748739068088509E-001
         551   3.977643799232978E-001  -1.535341414010287E-001
         552   3.977643799232978E-001   1.535341414010287E-001
         553   3.912392737452255E-001  -2.177795183766504E-001
         554   3.912392737452255E-001   2.177795183766504E-001
         555   3.778343547756587E-001  -2.075753970491794E-001
         556   3.778343547756587E-001   2.075753970491794E-001
         557   3.717327165878637E-001  -2.594578593666012E-001
         558   3.717327165878637E-001   2.594578593666012E-001
         559   3.501188481073511E-001  -2.606066108317493E-001
         560   3.501188481073511E-001   2.606066108317493E-001
         561   2.494167098378394E-001  -3.844166563406040E-001
         562   2.494167098378394E-001   3.844166563406040E-001
         563   2.798621543372297E-001  -3.864528018044921E-001
         564   2.798621543372297E-001   3.864528018044921E-001
         565   3.286452691639019E-001  -2.942446560518023E-001
         566   3.286452691639019E-001   2.942446560518023E-001
         567   3.282136860130118E-001  -3.287288038232165E-001
         568   3.282136860130118E-001   3.287288038232165E-001
         569   3.105907694148216E-001  -3.530698550190327E-001
         570   3.105907694148216E-001   3.530698550190327E-001
         571   2.788865642481536E-001  -3.544771834520197E-001
         572   2.788865642481536E-001   3.544771834520197E-001
         573   3.022323678523967E-001  -3.291372615484600E-001
         574   3.022323678523967E-001   3.291372615484600E-001
         575   2.619567569192465E-001  -2.697807990928712E-001
         576   2.619567569192465E-001   2.697807990928712E-001



           - AUTOVALORES DIFERENTES E REAIS e positivos - 
          REAL
           1        1.004580348367647
           2        2.592300464380998
           3        2.878359438865758
