 ************************************************************************************************************************
                         Exem


DATA

  NUMERO DE ELEMENTOS DE CONTORNO=160

  NUMERO DE NÓS FUNCIONAIS=164

  NUMERO DE PONTOS INTERNOS ONDE A FUNC. É CALCULADA=144




  COORDENADAS DOS PONTOS FONTE DOS ELEMENTOS DE CONTORNO

    PONTO          X                  Y
        1       .0000000E+00       .0000000E+00
        2       .2500000E-01       .0000000E+00
        3       .5000000E-01       .0000000E+00
        4       .7500000E-01       .0000000E+00
        5       .1000000E+00       .0000000E+00
        6       .1250000E+00       .0000000E+00
        7       .1500000E+00       .0000000E+00
        8       .1750000E+00       .0000000E+00
        9       .2000000E+00       .0000000E+00
       10       .2250000E+00       .0000000E+00
       11       .2500000E+00       .0000000E+00
       12       .2750000E+00       .0000000E+00
       13       .3000000E+00       .0000000E+00
       14       .3250000E+00       .0000000E+00
       15       .3500000E+00       .0000000E+00
       16       .3750000E+00       .0000000E+00
       17       .4000000E+00       .0000000E+00
       18       .4250000E+00       .0000000E+00
       19       .4500000E+00       .0000000E+00
       20       .4750000E+00       .0000000E+00
       21       .5000000E+00       .0000000E+00
       22       .5250000E+00       .0000000E+00
       23       .5500000E+00       .0000000E+00
       24       .5750000E+00       .0000000E+00
       25       .6000000E+00       .0000000E+00
       26       .6250000E+00       .0000000E+00
       27       .6500000E+00       .0000000E+00
       28       .6750000E+00       .0000000E+00
       29       .7000000E+00       .0000000E+00
       30       .7250000E+00       .0000000E+00
       31       .7500000E+00       .0000000E+00
       32       .7750000E+00       .0000000E+00
       33       .8000000E+00       .0000000E+00
       34       .8250000E+00       .0000000E+00
       35       .8500000E+00       .0000000E+00
       36       .8750000E+00       .0000000E+00
       37       .9000000E+00       .0000000E+00
       38       .9250000E+00       .0000000E+00
       39       .9500000E+00       .0000000E+00
       40       .9750000E+00       .0000000E+00
       41       .1000000E+01       .0000000E+00
       42       .1000000E+01       .0000000E+00
       43       .1000000E+01       .2500000E-01
       44       .1000000E+01       .5000000E-01
       45       .1000000E+01       .7500000E-01
       46       .1000000E+01       .1000000E+00
       47       .1000000E+01       .1250000E+00
       48       .1000000E+01       .1500000E+00
       49       .1000000E+01       .1750000E+00
       50       .1000000E+01       .2000000E+00
       51       .1000000E+01       .2250000E+00
       52       .1000000E+01       .2500000E+00
       53       .1000000E+01       .2750000E+00
       54       .1000000E+01       .3000000E+00
       55       .1000000E+01       .3250000E+00
       56       .1000000E+01       .3500000E+00
       57       .1000000E+01       .3750000E+00
       58       .1000000E+01       .4000000E+00
       59       .1000000E+01       .4250000E+00
       60       .1000000E+01       .4500000E+00
       61       .1000000E+01       .4750000E+00
       62       .1000000E+01       .5000000E+00
       63       .1000000E+01       .5250000E+00
       64       .1000000E+01       .5500000E+00
       65       .1000000E+01       .5750000E+00
       66       .1000000E+01       .6000000E+00
       67       .1000000E+01       .6250000E+00
       68       .1000000E+01       .6500000E+00
       69       .1000000E+01       .6750000E+00
       70       .1000000E+01       .7000000E+00
       71       .1000000E+01       .7250000E+00
       72       .1000000E+01       .7500000E+00
       73       .1000000E+01       .7750000E+00
       74       .1000000E+01       .8000000E+00
       75       .1000000E+01       .8250000E+00
       76       .1000000E+01       .8500000E+00
       77       .1000000E+01       .8750000E+00
       78       .1000000E+01       .9000000E+00
       79       .1000000E+01       .9250000E+00
       80       .1000000E+01       .9500000E+00
       81       .1000000E+01       .9750000E+00
       82       .1000000E+01       .1000000E+01
       83       .1000000E+01       .1000000E+01
       84       .9750000E+00       .1000000E+01
       85       .9500000E+00       .1000000E+01
       86       .9250000E+00       .1000000E+01
       87       .9000000E+00       .1000000E+01
       88       .8750000E+00       .1000000E+01
       89       .8500000E+00       .1000000E+01
       90       .8250000E+00       .1000000E+01
       91       .8000000E+00       .1000000E+01
       92       .7750000E+00       .1000000E+01
       93       .7500000E+00       .1000000E+01
       94       .7250000E+00       .1000000E+01
       95       .7000000E+00       .1000000E+01
       96       .6750000E+00       .1000000E+01
       97       .6500000E+00       .1000000E+01
       98       .6250000E+00       .1000000E+01
       99       .6000000E+00       .1000000E+01
      100       .5750000E+00       .1000000E+01
      101       .5500000E+00       .1000000E+01
      102       .5250000E+00       .1000000E+01
      103       .5000000E+00       .1000000E+01
      104       .4750000E+00       .1000000E+01
      105       .4500000E+00       .1000000E+01
      106       .4250000E+00       .1000000E+01
      107       .4000000E+00       .1000000E+01
      108       .3750000E+00       .1000000E+01
      109       .3500000E+00       .1000000E+01
      110       .3250000E+00       .1000000E+01
      111       .3000000E+00       .1000000E+01
      112       .2750000E+00       .1000000E+01
      113       .2500000E+00       .1000000E+01
      114       .2250000E+00       .1000000E+01
      115       .2000000E+00       .1000000E+01
      116       .1750000E+00       .1000000E+01
      117       .1500000E+00       .1000000E+01
      118       .1250000E+00       .1000000E+01
      119       .1000000E+00       .1000000E+01
      120       .7500000E-01       .1000000E+01
      121       .5000000E-01       .1000000E+01
      122       .2500000E-01       .1000000E+01
      123       .0000000E+00       .1000000E+01
      124       .0000000E+00       .1000000E+01
      125       .0000000E+00       .9750000E+00
      126       .0000000E+00       .9500000E+00
      127       .0000000E+00       .9250000E+00
      128       .0000000E+00       .9000000E+00
      129       .0000000E+00       .8750000E+00
      130       .0000000E+00       .8500000E+00
      131       .0000000E+00       .8250000E+00
      132       .0000000E+00       .8000000E+00
      133       .0000000E+00       .7750000E+00
      134       .0000000E+00       .7500000E+00
      135       .0000000E+00       .7250000E+00
      136       .0000000E+00       .7000000E+00
      137       .0000000E+00       .6750000E+00
      138       .0000000E+00       .6500000E+00
      139       .0000000E+00       .6250000E+00
      140       .0000000E+00       .6000000E+00
      141       .0000000E+00       .5750000E+00
      142       .0000000E+00       .5500000E+00
      143       .0000000E+00       .5250000E+00
      144       .0000000E+00       .5000000E+00
      145       .0000000E+00       .4750000E+00
      146       .0000000E+00       .4500000E+00
      147       .0000000E+00       .4250000E+00
      148       .0000000E+00       .4000000E+00
      149       .0000000E+00       .3750000E+00
      150       .0000000E+00       .3500000E+00
      151       .0000000E+00       .3250000E+00
      152       .0000000E+00       .3000000E+00
      153       .0000000E+00       .2750000E+00
      154       .0000000E+00       .2500000E+00
      155       .0000000E+00       .2250000E+00
      156       .0000000E+00       .2000000E+00
      157       .0000000E+00       .1750000E+00
      158       .0000000E+00       .1500000E+00
      159       .0000000E+00       .1250000E+00
      160       .0000000E+00       .1000000E+00
      161       .0000000E+00       .7500000E-01
      162       .0000000E+00       .5000000E-01
      163       .0000000E+00       .2500000E-01
      164       .0000000E+00       .0000000E+00
      165       .4167000E-01       .4167000E-01
      166       .1250000E+00       .4167000E-01
      167       .2083300E+00       .4167000E-01
      168       .2916700E+00       .4167000E-01
      169       .3750000E+00       .4167000E-01
      170       .4583300E+00       .4167000E-01
      171       .5416700E+00       .4167000E-01
      172       .6250000E+00       .4167000E-01
      173       .7083300E+00       .4167000E-01
      174       .7916700E+00       .4167000E-01
      175       .8750000E+00       .4167000E-01
      176       .9583300E+00       .4167000E-01
      177       .4167000E-01       .1250000E+00
      178       .1250000E+00       .1250000E+00
      179       .2083300E+00       .1250000E+00
      180       .2916700E+00       .1250000E+00
      181       .3750000E+00       .1250000E+00
      182       .4583300E+00       .1250000E+00
      183       .5416700E+00       .1250000E+00
      184       .6250000E+00       .1250000E+00
      185       .7083300E+00       .1250000E+00
      186       .7916700E+00       .1250000E+00
      187       .8750000E+00       .1250000E+00
      188       .9583300E+00       .1250000E+00
      189       .4167000E-01       .2083300E+00
      190       .1250000E+00       .2083300E+00
      191       .2083300E+00       .2083300E+00
      192       .2916700E+00       .2083300E+00
      193       .3750000E+00       .2083300E+00
      194       .4583300E+00       .2083300E+00
      195       .5416700E+00       .2083300E+00
      196       .6250000E+00       .2083300E+00
      197       .7083300E+00       .2083300E+00
      198       .7916700E+00       .2083300E+00
      199       .8750000E+00       .2083300E+00
      200       .9583300E+00       .2083300E+00
      201       .4167000E-01       .2916700E+00
      202       .1250000E+00       .2916700E+00
      203       .2083300E+00       .2916700E+00
      204       .2916700E+00       .2916700E+00
      205       .3750000E+00       .2916700E+00
      206       .4583300E+00       .2916700E+00
      207       .5416700E+00       .2916700E+00
      208       .6250000E+00       .2916700E+00
      209       .7083300E+00       .2916700E+00
      210       .7916700E+00       .2916700E+00
      211       .8750000E+00       .2916700E+00
      212       .9583300E+00       .2916700E+00
      213       .4167000E-01       .3750000E+00
      214       .1250000E+00       .3750000E+00
      215       .2083300E+00       .3750000E+00
      216       .2916700E+00       .3750000E+00
      217       .3750000E+00       .3750000E+00
      218       .4583300E+00       .3750000E+00
      219       .5416700E+00       .3750000E+00
      220       .6250000E+00       .3750000E+00
      221       .7083300E+00       .3750000E+00
      222       .7916700E+00       .3750000E+00
      223       .8750000E+00       .3750000E+00
      224       .9583300E+00       .3750000E+00
      225       .4167000E-01       .4583300E+00
      226       .1250000E+00       .4583300E+00
      227       .2083300E+00       .4583300E+00
      228       .2916700E+00       .4583300E+00
      229       .3750000E+00       .4583300E+00
      230       .4583300E+00       .4583300E+00
      231       .5416700E+00       .4583300E+00
      232       .6250000E+00       .4583300E+00
      233       .7083300E+00       .4583300E+00
      234       .7916700E+00       .4583300E+00
      235       .8750000E+00       .4583300E+00
      236       .9583300E+00       .4583300E+00
      237       .4167000E-01       .5416700E+00
      238       .1250000E+00       .5416700E+00
      239       .2083300E+00       .5416700E+00
      240       .2916700E+00       .5416700E+00
      241       .3750000E+00       .5416700E+00
      242       .4583300E+00       .5416700E+00
      243       .5416700E+00       .5416700E+00
      244       .6250000E+00       .5416700E+00
      245       .7083300E+00       .5416700E+00
      246       .7916700E+00       .5416700E+00
      247       .8750000E+00       .5416700E+00
      248       .9583300E+00       .5416700E+00
      249       .4167000E-01       .6250000E+00
      250       .1250000E+00       .6250000E+00
      251       .2083300E+00       .6250000E+00
      252       .2916700E+00       .6250000E+00
      253       .3750000E+00       .6250000E+00
      254       .4583300E+00       .6250000E+00
      255       .5416700E+00       .6250000E+00
      256       .6250000E+00       .6250000E+00
      257       .7083300E+00       .6250000E+00
      258       .7916700E+00       .6250000E+00
      259       .8750000E+00       .6250000E+00
      260       .9583300E+00       .6250000E+00
      261       .4167000E-01       .7083300E+00
      262       .1250000E+00       .7083300E+00
      263       .2083300E+00       .7083300E+00
      264       .2916700E+00       .7083300E+00
      265       .3750000E+00       .7083300E+00
      266       .4583300E+00       .7083300E+00
      267       .5416700E+00       .7083300E+00
      268       .6250000E+00       .7083300E+00
      269       .7083300E+00       .7083300E+00
      270       .7916700E+00       .7083300E+00
      271       .8750000E+00       .7083300E+00
      272       .9583300E+00       .7083300E+00
      273       .4167000E-01       .7916700E+00
      274       .1250000E+00       .7916700E+00
      275       .2083300E+00       .7916700E+00
      276       .2916700E+00       .7916700E+00
      277       .3750000E+00       .7916700E+00
      278       .4583300E+00       .7916700E+00
      279       .5416700E+00       .7916700E+00
      280       .6250000E+00       .7916700E+00
      281       .7083300E+00       .7916700E+00
      282       .7916700E+00       .7916700E+00
      283       .8750000E+00       .7916700E+00
      284       .9583300E+00       .7916700E+00
      285       .4167000E-01       .8750000E+00
      286       .1250000E+00       .8750000E+00
      287       .2083300E+00       .8750000E+00
      288       .2916700E+00       .8750000E+00
      289       .3750000E+00       .8750000E+00
      290       .4583300E+00       .8750000E+00
      291       .5416700E+00       .8750000E+00
      292       .6250000E+00       .8750000E+00
      293       .7083300E+00       .8750000E+00
      294       .7916700E+00       .8750000E+00
      295       .8750000E+00       .8750000E+00
      296       .9583300E+00       .8750000E+00
      297       .4167000E-01       .9583300E+00
      298       .1250000E+00       .9583300E+00
      299       .2083300E+00       .9583300E+00
      300       .2916700E+00       .9583300E+00
      301       .3750000E+00       .9583300E+00
      302       .4583300E+00       .9583300E+00
      303       .5416700E+00       .9583300E+00
      304       .6250000E+00       .9583300E+00
      305       .7083300E+00       .9583300E+00
      306       .7916700E+00       .9583300E+00
      307       .8750000E+00       .9583300E+00
      308       .9583300E+00       .9583300E+00


  CONDICOES DE CONTORNO

       INDICE   NÓ        NÓ          VALOR PRESCRITO
       1        0        164          .0000000E+00
       2        0          0          .0000000E+00
       3        0          0          .0000000E+00
       4        0          0          .0000000E+00
       5        0          0          .0000000E+00
       6        0          0          .0000000E+00
       7        0          0          .0000000E+00
       8        0          0          .0000000E+00
       9        0          0          .0000000E+00
      10        0          0          .0000000E+00
      11        0          0          .0000000E+00
      12        0          0          .0000000E+00
      13        0          0          .0000000E+00
      14        0          0          .0000000E+00
      15        0          0          .0000000E+00
      16        0          0          .0000000E+00
      17        0          0          .0000000E+00
      18        0          0          .0000000E+00
      19        0          0          .0000000E+00
      20        0          0          .0000000E+00
      21        0          0          .0000000E+00
      22        0          0          .0000000E+00
      23        0          0          .0000000E+00
      24        0          0          .0000000E+00
      25        0          0          .0000000E+00
      26        0          0          .0000000E+00
      27        0          0          .0000000E+00
      28        0          0          .0000000E+00
      29        0          0          .0000000E+00
      30        0          0          .0000000E+00
      31        0          0          .0000000E+00
      32        0          0          .0000000E+00
      33        0          0          .0000000E+00
      34        0          0          .0000000E+00
      35        0          0          .0000000E+00
      36        0          0          .0000000E+00
      37        0          0          .0000000E+00
      38        0          0          .0000000E+00
      39        0          0          .0000000E+00
      40        0          0          .0000000E+00
      41        0         42          .0000000E+00
      42        0         41          .0000000E+00
      43        0          0          .7850000E-01
      44        0          0          .1564000E+00
      45        0          0          .2334000E+00
      46        0          0          .3090000E+00
      47        0          0          .3827000E+00
      48        0          0          .4540000E+00
      49        0          0          .5225000E+00
      50        0          0          .5878000E+00
      51        0          0          .6494000E+00
      52        0          0          .7071000E+00
      53        0          0          .7604000E+00
      54        0          0          .8090000E+00
      55        0          0          .8526000E+00
      56        0          0          .8910000E+00
      57        0          0          .9239000E+00
      58        0          0          .9510000E+00
      59        0          0          .9724000E+00
      60        0          0          .9877000E+00
      61        0          0          .9969000E+00
      62        0          0          .1000000E+01
      63        0          0          .9969000E+00
      64        0          0          .9877000E+00
      65        0          0          .9724000E+00
      66        0          0          .9511000E+00
      67        0          0          .9239000E+00
      68        0          0          .8910000E+00
      69        0          0          .8527000E+00
      70        0          0          .8091000E+00
      71        0          0          .7604000E+00
      72        0          0          .7072000E+00
      73        0          0          .6495000E+00
      74        0          0          .5878000E+00
      75        0          0          .5226000E+00
      76        0          0          .4541000E+00
      77        0          0          .3828000E+00
      78        0          0          .3091000E+00
      79        0          0          .2335000E+00
      80        0          0          .1565000E+00
      81        0          0          .7850000E-01
      82        0         83          .0000000E+00
      83        0         82          .0000000E+00
      84        0          0          .0000000E+00
      85        0          0          .0000000E+00
      86        0          0          .0000000E+00
      87        0          0          .0000000E+00
      88        0          0          .0000000E+00
      89        0          0          .0000000E+00
      90        0          0          .0000000E+00
      91        0          0          .0000000E+00
      92        0          0          .0000000E+00
      93        0          0          .0000000E+00
      94        0          0          .0000000E+00
      95        0          0          .0000000E+00
      96        0          0          .0000000E+00
      97        0          0          .0000000E+00
      98        0          0          .0000000E+00
      99        0          0          .0000000E+00
     100        0          0          .0000000E+00
     101        0          0          .0000000E+00
     102        0          0          .0000000E+00
     103        0          0          .0000000E+00
     104        0          0          .0000000E+00
     105        0          0          .0000000E+00
     106        0          0          .0000000E+00
     107        0          0          .0000000E+00
     108        0          0          .0000000E+00
     109        0          0          .0000000E+00
     110        0          0          .0000000E+00
     111        0          0          .0000000E+00
     112        0          0          .0000000E+00
     113        0          0          .0000000E+00
     114        0          0          .0000000E+00
     115        0          0          .0000000E+00
     116        0          0          .0000000E+00
     117        0          0          .0000000E+00
     118        0          0          .0000000E+00
     119        0          0          .0000000E+00
     120        0          0          .0000000E+00
     121        0          0          .0000000E+00
     122        0          0          .0000000E+00
     123        0        124          .0000000E+00
     124        0        123          .0000000E+00
     125        0          0          .0000000E+00
     126        0          0          .0000000E+00
     127        0          0          .0000000E+00
     128        0          0          .0000000E+00
     129        0          0          .0000000E+00
     130        0          0          .0000000E+00
     131        0          0          .0000000E+00
     132        0          0          .0000000E+00
     133        0          0          .0000000E+00
     134        0          0          .0000000E+00
     135        0          0          .0000000E+00
     136        0          0          .0000000E+00
     137        0          0          .0000000E+00
     138        0          0          .0000000E+00
     139        0          0          .0000000E+00
     140        0          0          .0000000E+00
     141        0          0          .0000000E+00
     142        0          0          .0000000E+00
     143        0          0          .0000000E+00
     144        0          0          .0000000E+00
     145        0          0          .0000000E+00
     146        0          0          .0000000E+00
     147        0          0          .0000000E+00
     148        0          0          .0000000E+00
     149        0          0          .0000000E+00
     150        0          0          .0000000E+00
     151        0          0          .0000000E+00
     152        0          0          .0000000E+00
     153        0          0          .0000000E+00
     154        0          0          .0000000E+00
     155        0          0          .0000000E+00
     156        0          0          .0000000E+00
     157        0          0          .0000000E+00
     158        0          0          .0000000E+00
     159        0          0          .0000000E+00
     160        0          0          .0000000E+00
     161        0          0          .0000000E+00
     162        0          0          .0000000E+00
     163        0          0          .0000000E+00
     164        0          1          .0000000E+00


  INCIDENCIA DOS NOS GEOMETRICOS

       INDICE     PRIM. NÓ      SEG. NÓ
       1          1       2
       2          2       3
       3          3       4
       4          4       5
       5          5       6
       6          6       7
       7          7       8
       8          8       9
       9          9      10
      10         10      11
      11         11      12
      12         12      13
      13         13      14
      14         14      15
      15         15      16
      16         16      17
      17         17      18
      18         18      19
      19         19      20
      20         20      21
      21         21      22
      22         22      23
      23         23      24
      24         24      25
      25         25      26
      26         26      27
      27         27      28
      28         28      29
      29         29      30
      30         30      31
      31         31      32
      32         32      33
      33         33      34
      34         34      35
      35         35      36
      36         36      37
      37         37      38
      38         38      39
      39         39      40
      40         40      41
      41         42      43
      42         43      44
      43         44      45
      44         45      46
      45         46      47
      46         47      48
      47         48      49
      48         49      50
      49         50      51
      50         51      52
      51         52      53
      52         53      54
      53         54      55
      54         55      56
      55         56      57
      56         57      58
      57         58      59
      58         59      60
      59         60      61
      60         61      62
      61         62      63
      62         63      64
      63         64      65
      64         65      66
      65         66      67
      66         67      68
      67         68      69
      68         69      70
      69         70      71
      70         71      72
      71         72      73
      72         73      74
      73         74      75
      74         75      76
      75         76      77
      76         77      78
      77         78      79
      78         79      80
      79         80      81
      80         81      82
      81         83      84
      82         84      85
      83         85      86
      84         86      87
      85         87      88
      86         88      89
      87         89      90
      88         90      91
      89         91      92
      90         92      93
      91         93      94
      92         94      95
      93         95      96
      94         96      97
      95         97      98
      96         98      99
      97         99     100
      98        100     101
      99        101     102
     100        102     103
     101        103     104
     102        104     105
     103        105     106
     104        106     107
     105        107     108
     106        108     109
     107        109     110
     108        110     111
     109        111     112
     110        112     113
     111        113     114
     112        114     115
     113        115     116
     114        116     117
     115        117     118
     116        118     119
     117        119     120
     118        120     121
     119        121     122
     120        122     123
     121        124     125
     122        125     126
     123        126     127
     124        127     128
     125        128     129
     126        129     130
     127        130     131
     128        131     132
     129        132     133
     130        133     134
     131        134     135
     132        135     136
     133        136     137
     134        137     138
     135        138     139
     136        139     140
     137        140     141
     138        141     142
     139        142     143
     140        143     144
     141        144     145
     142        145     146
     143        146     147
     144        147     148
     145        148     149
     146        149     150
     147        150     151
     148        151     152
     149        152     153
     150        153     154
     151        154     155
     152        155     156
     153        156     157
     154        157     158
     155        158     159
     156        159     160
     157        160     161
     158        161     162
     159        162     163
     160        163     164
 NOVAS COORDENADAS DOS NOS DUPLOS
      .0005      .0000
      .0250      .0000
      .0500      .0000
      .0750      .0000
      .1000      .0000
      .1250      .0000
      .1500      .0000
      .1750      .0000
      .2000      .0000
      .2250      .0000
      .2500      .0000
      .2750      .0000
      .3000      .0000
      .3250      .0000
      .3500      .0000
      .3750      .0000
      .4000      .0000
      .4250      .0000
      .4500      .0000
      .4750      .0000
      .5000      .0000
      .5250      .0000
      .5500      .0000
      .5750      .0000
      .6000      .0000
      .6250      .0000
      .6500      .0000
      .6750      .0000
      .7000      .0000
      .7250      .0000
      .7500      .0000
      .7750      .0000
      .8000      .0000
      .8250      .0000
      .8500      .0000
      .8750      .0000
      .9000      .0000
      .9250      .0000
      .9500      .0000
      .9750      .0000
      .9995      .0000
     1.0000      .0005
     1.0000      .0250
     1.0000      .0500
     1.0000      .0750
     1.0000      .1000
     1.0000      .1250
     1.0000      .1500
     1.0000      .1750
     1.0000      .2000
     1.0000      .2250
     1.0000      .2500
     1.0000      .2750
     1.0000      .3000
     1.0000      .3250
     1.0000      .3500
     1.0000      .3750
     1.0000      .4000
     1.0000      .4250
     1.0000      .4500
     1.0000      .4750
     1.0000      .5000
     1.0000      .5250
     1.0000      .5500
     1.0000      .5750
     1.0000      .6000
     1.0000      .6250
     1.0000      .6500
     1.0000      .6750
     1.0000      .7000
     1.0000      .7250
     1.0000      .7500
     1.0000      .7750
     1.0000      .8000
     1.0000      .8250
     1.0000      .8500
     1.0000      .8750
     1.0000      .9000
     1.0000      .9250
     1.0000      .9500
     1.0000      .9750
     1.0000      .9995
      .9995     1.0000
      .9750     1.0000
      .9500     1.0000
      .9250     1.0000
      .9000     1.0000
      .8750     1.0000
      .8500     1.0000
      .8250     1.0000
      .8000     1.0000
      .7750     1.0000
      .7500     1.0000
      .7250     1.0000
      .7000     1.0000
      .6750     1.0000
      .6500     1.0000
      .6250     1.0000
      .6000     1.0000
      .5750     1.0000
      .5500     1.0000
      .5250     1.0000
      .5000     1.0000
      .4750     1.0000
      .4500     1.0000
      .4250     1.0000
      .4000     1.0000
      .3750     1.0000
      .3500     1.0000
      .3250     1.0000
      .3000     1.0000
      .2750     1.0000
      .2500     1.0000
      .2250     1.0000
      .2000     1.0000
      .1750     1.0000
      .1500     1.0000
      .1250     1.0000
      .1000     1.0000
      .0750     1.0000
      .0500     1.0000
      .0250     1.0000
      .0005     1.0000
      .0000      .9995
      .0000      .9750
      .0000      .9500
      .0000      .9250
      .0000      .9000
      .0000      .8750
      .0000      .8500
      .0000      .8250
      .0000      .8000
      .0000      .7750
      .0000      .7500
      .0000      .7250
      .0000      .7000
      .0000      .6750
      .0000      .6500
      .0000      .6250
      .0000      .6000
      .0000      .5750
      .0000      .5500
      .0000      .5250
      .0000      .5000
      .0000      .4750
      .0000      .4500
      .0000      .4250
      .0000      .4000
      .0000      .3750
      .0000      .3500
      .0000      .3250
      .0000      .3000
      .0000      .2750
      .0000      .2500
      .0000      .2250
      .0000      .2000
      .0000      .1750
      .0000      .1500
      .0000      .1250
      .0000      .1000
      .0000      .0750
      .0000      .0500
      .0000      .0250
      .0000      .0005
   
 VALORES DE DFI  ************************************
      1   .0803
      2   .0815
      3   .0828
      4   .0841
      5   .0855
      6   .0868
      7   .0882
      8   .0896
      9   .0911
     10   .0925
     11   .0940
     12   .0955
     13   .0970
     14   .0985
     15   .1000
     16   .1015
     17   .1030
     18   .1044
     19   .1058
     20   .1072
     21   .1085
     22   .1098
     23   .1109
     24   .1119
     25   .1127
     26   .1134
     27   .1138
     28   .1139
     29   .1137
     30   .1131
     31   .1119
     32   .1101
     33   .1075
     34   .1039
     35   .0992
     36   .0929
     37   .0846
     38   .0737
     39   .0590
     40   .0380
     41   .0017
     42   .0000
     43  -.0393
     44  -.0782
     45  -.1167
     46  -.1545
     47  -.1914
     48  -.2270
     49  -.2613
     50  -.2939
     51  -.3247
     52  -.3536
     53  -.3802
     54  -.4045
     55  -.4263
     56  -.4455
     57  -.4620
     58  -.4755
     59  -.4862
     60  -.4939
     61  -.4985
     62  -.5000
     63  -.4985
     64  -.4939
     65  -.4862
     66  -.4756
     67  -.4620
     68  -.4455
     69  -.4264
     70  -.4046
     71  -.3802
     72  -.3536
     73  -.3248
     74  -.2939
     75  -.2613
     76  -.2271
     77  -.1914
     78  -.1546
     79  -.1168
     80  -.0783
     81  -.0393
     82   .0000
     83   .0017
     84   .0380
     85   .0590
     86   .0737
     87   .0847
     88   .0929
     89   .0992
     90   .1040
     91   .1075
     92   .1101
     93   .1119
     94   .1131
     95   .1137
     96   .1139
     97   .1138
     98   .1134
     99   .1127
    100   .1119
    101   .1109
    102   .1098
    103   .1085
    104   .1072
    105   .1058
    106   .1044
    107   .1030
    108   .1015
    109   .1000
    110   .0985
    111   .0970
    112   .0955
    113   .0940
    114   .0925
    115   .0911
    116   .0896
    117   .0882
    118   .0868
    119   .0855
    120   .0841
    121   .0828
    122   .0815
    123   .0803
    124   .0803
    125   .0816
    126   .0830
    127   .0843
    128   .0856
    129   .0869
    130   .0881
    131   .0892
    132   .0903
    133   .0913
    134   .0922
    135   .0931
    136   .0939
    137   .0946
    138   .0952
    139   .0957
    140   .0961
    141   .0965
    142   .0967
    143   .0969
    144   .0969
    145   .0969
    146   .0967
    147   .0965
    148   .0961
    149   .0957
    150   .0952
    151   .0946
    152   .0939
    153   .0931
    154   .0922
    155   .0913
    156   .0903
    157   .0892
    158   .0881
    159   .0869
    160   .0856
    161   .0843
    162   .0830
    163   .0816
    164   .0803
    165   .0849
    166   .0899
    167   .0953
    168   .1010
    169   .1071
    170   .1133
    171   .1193
    172   .1245
    173   .1279
    174   .1271
    175   .1179
    176   .0903
    177   .0896
    178   .0956
    179   .1023
    180   .1098
    181   .1181
    182   .1272
    183   .1372
    184   .1479
    185   .1590
    186   .1697
    187   .1788
    188   .1864
    189   .0938
    190   .1007
    191   .1086
    192   .1177
    193   .1282
    194   .1403
    195   .1544
    196   .1709
    197   .1904
    198   .2137
    199   .2424
    200   .2800
    201   .0971
    202   .1048
    203   .1138
    204   .1243
    205   .1366
    206   .1514
    207   .1692
    208   .1910
    209   .2181
    210   .2527
    211   .2977
    212   .3582
    213   .0994
    214   .1077
    215   .1174
    216   .1289
    217   .1427
    218   .1594
    219   .1800
    220   .2058
    221   .2387
    222   .2814
    223   .3380
    224   .4140
    225   .1006
    226   .1092
    227   .1193
    228   .1314
    229   .1459
    230   .1637
    231   .1857
    232   .2137
    233   .2496
    234   .2966
    235   .3591
    236   .4431
    237   .1006
    238   .1092
    239   .1193
    240   .1314
    241   .1459
    242   .1637
    243   .1857
    244   .2137
    245   .2496
    246   .2966
    247   .3591
    248   .4431
    249   .0994
    250   .1077
    251   .1174
    252   .1289
    253   .1427
    254   .1594
    255   .1800
    256   .2058
    257   .2387
    258   .2814
    259   .3380
    260   .4141
    261   .0971
    262   .1048
    263   .1138
    264   .1243
    265   .1366
    266   .1514
    267   .1692
    268   .1910
    269   .2181
    270   .2527
    271   .2977
    272   .3582
    273   .0938
    274   .1007
    275   .1086
    276   .1177
    277   .1282
    278   .1403
    279   .1544
    280   .1709
    281   .1904
    282   .2137
    283   .2424
    284   .2800
    285   .0896
    286   .0956
    287   .1023
    288   .1098
    289   .1181
    290   .1272
    291   .1372
    292   .1479
    293   .1590
    294   .1697
    295   .1788
    296   .1864
    297   .0849
    298   .0899
    299   .0953
    300   .1010
    301   .1071
    302   .1133
    303   .1193
    304   .1245
    305   .1279
    306   .1271
    307   .1179
    308   .0903
 VALORES DE AUTOV DE ENTRADA ************************
   
 VALORES DE WR_POS ORIGINAIS ************************
      1   1.85255
      2   1.85255
      3   2.31113
      4   2.31113
      5   2.18805
      6   2.18805
      7   2.29297
      8   2.29297
      9   2.31573
     10   2.31573
     11   2.29347
     12   2.29347
     13   2.28917
     14   2.28917
     15   2.22088
     16   2.22088
     17   2.03305
     18   2.03305
     19   2.07468
     20   2.07468
     21   1.83790
     22   1.83790
     23   1.95136
     24   1.95136
     25   1.68893
     26   1.68893
     27   1.80889
     28   1.80889
     29   1.51362
     30   1.51362
     31   1.37091
     32   1.37091
     33   1.52101
     34   1.52101
     35   1.18778
     36   1.18778
     37   1.40459
     38   1.40459
     39   1.00477
     40   1.00477
     41   1.22925
     42   1.22925
     43    .97808
     44    .97808
     45    .73840
     46    .73840
     47   1.20218
     48   1.20218
     49    .61776
     50    .61776
     51    .46445
     52    .46445
     53    .39534
     54    .39534
     55    .29371
     56    .29371
     57    .17730
     58    .17730
     59    .06271
     60    .06271
     61    .12313
     62    .12313
     63    .00000
     64    .00000
     65    .00000
     66    .00000
     67    .00000
     68    .00000
     69    .00000
     70    .00000
     71    .00000
     72    .00000
     73    .00000
     74    .00000
     75    .00000
     76    .00000
     77    .00000
     78    .00000
     79    .00000
     80    .00000
     81    .00000
     82    .00000
     83    .00000
     84    .00000
     85    .00000
     86    .00000
     87    .00000
     88    .00000
     89    .00000
     90    .00000
     91    .00000
     92    .00000
     93    .00000
     94    .00000
     95    .00000
     96    .00000
     97    .00000
     98    .00000
     99    .00000
    100    .00000
    101    .00000
    102    .00000
    103    .00000
    104    .00000
    105    .00000
    106    .00000
    107    .00000
    108    .00000
    109    .00000
    110    .00000
    111    .00000
    112    .00000
    113    .00000
    114    .00000
    115    .00000
    116    .00000
    117    .00000
    118    .00000
    119    .00000
    120    .00000
    121    .00000
    122    .00000
    123    .00000
    124    .00000
    125    .00000
    126    .00000
    127    .00000
    128    .00000
    129    .00000
    130    .00000
    131    .00000
    132    .00000
    133    .00000
    134    .00000
    135    .00000
    136    .00000
    137    .00000
    138    .00000
    139    .00000
    140    .00000
    141    .00000
    142    .00000
    143    .00000
    144    .00000
    145    .00000
    146    .00000
    147    .00000
    148    .00000
    149    .00000
    150    .00000
    151    .00000
    152    .00000
    153    .00000
    154    .00000
    155    .00000
    156    .00000
    157    .00000
    158    .00000
    159    .00000
    160    .00000
    161    .00000
    162    .00000
    163    .00000
    164    .00000
    165    .00000
    166    .00000
    167    .00000
    168    .00000
    169    .00000
    170    .00000
    171    .00000
    172    .00000
    173    .00000
    174    .00000
    175    .00000
    176    .00000
    177    .00000
    178    .00000
    179    .00000
    180    .00000
    181    .00000
    182    .00000
    183    .00000
    184    .00000
    185    .00000
    186    .00000
    187    .00000
    188    .00000
    189    .00000
    190    .00000
    191    .00000
    192    .00000
    193    .00000
    194    .00000
    195    .00000
    196    .00000
    197    .00000
    198    .00000
    199    .00000
    200    .00000
    201    .00000
    202    .00000
    203    .00000
    204    .00000
    205    .00000
    206    .00000
    207    .00000
    208    .00000
    209    .00000
    210    .00000
    211    .00000
    212    .00000
    213    .00000
    214    .00000
    215    .00000
    216    .00000
    217    .00000
    218    .00000
    219    .00000
    220    .00000
    221    .00000
    222    .00000
    223    .00000
    224    .00000
    225    .00000
    226    .00000
    227    .00000
    228    .00000
    229    .00000
    230    .00000
    231    .00000
    232    .00000
    233    .00000
    234    .00000
    235    .00000
    236    .00000
    237    .00000
    238    .00000
    239    .00000
    240    .00000
    241    .00000
    242    .00000
    243    .00000
    244    .00000
    245    .00000
    246    .00000
    247    .00000
    248    .00000
    249    .00000
    250    .00000
    251    .00000
    252    .00000
    253    .00000
    254    .00000
    255    .00000
    256    .00000
    257    .00000
    258    .00000
    259    .00000
    260    .00000
    261    .00000
    262    .00000
    263    .00000
    264    .00000
    265    .00000
    266    .00000
    267    .00000
    268    .00000
    269    .00000
    270    .00000
    271    .00000
    272    .00000
    273    .00000
    274    .00000
    275    .00000
    276    .00000
    277    .00000
    278    .00000
    279    .00000
    280    .00000
    281    .00000
    282    .00000
    283    .00000
    284    .00000
    285    .00000
    286    .00000
    287    .00000
    288    .00000
    289    .00000
    290    .00000
    291    .00000
    292    .00000
    293    .00000
    294    .00000
    295    .00000
    296    .00000
    297    .00000
    298    .00000
    299    .00000
    300    .00000
    301    .00000
    302    .00000
    303    .00000
    304    .00000
    305    .00000
    306    .00000
    307    .00000
    308    .00000
    309    .00000
    310    .00000
    311    .00000
    312    .00000
    313    .00000
    314    .00000
    315    .00000
    316    .00000
    317    .00000
    318    .00000
    319    .00000
    320    .00000
    321    .00000
    322    .00000
    323    .00000
    324    .00000
    325    .00000
    326    .00000
    327    .00000
    328    .00000
    329    .00000
    330    .00000
    331    .00000
    332    .00000
    333    .00000
    334    .00000
    335    .00000
    336    .00000
    337    .00000
    338    .00000
    339    .00000
    340    .00000
    341    .00000
    342    .00000
    343    .00000
    344    .00000
    345    .00000
    346    .00000
    347    .00000
    348    .00000
    349    .00000
    350    .00000
    351    .00000
    352    .00000
    353    .00000
    354    .00000
    355    .00000
    356    .00000
    357    .00000
    358    .00000
    359    .00000
    360    .00000
    361    .00000
    362    .00000
    363    .00000
    364    .00000
    365    .00000
    366    .00000
    367    .00000
    368    .00000
    369    .00000
    370    .00000
    371    .00000
    372    .00000
    373    .00000
    374    .00000
    375    .00000
    376    .00000
    377    .00000
    378    .00000
    379    .00000
    380    .00000
    381    .00000
    382    .00000
    383    .00000
    384    .00000
    385    .00000
    386    .00000
    387    .00000
    388    .00000
    389    .00000
    390    .00000
    391    .00000
    392    .00000
    393    .00000
    394    .00000
    395    .00000
    396    .00000
    397    .00000
    398    .00000
    399    .00000
    400    .00000
    401    .00000
    402    .00000
    403    .00000
    404    .00000
    405    .00000
    406    .00000
    407    .00000
    408    .00000
    409    .00000
    410    .00000
    411    .00000
    412    .00000
    413    .00000
    414    .00000
    415    .00000
    416    .00000
    417    .00000
    418    .00000
    419    .00000
    420    .00000
    421    .00000
    422    .00000
    423    .00000
    424    .00000
    425    .00000
    426    .00000
    427    .00000
    428    .00000
    429    .00000
    430    .00000
    431    .00000
    432    .00000
    433    .00000
    434    .00000
    435    .00000
    436    .00000
    437    .00000
    438    .00000
    439    .00000
    440    .00000
    441    .00000
    442    .00000
    443    .00000
    444    .00000
    445    .00000
    446    .00000
    447    .00000
    448    .00000
    449    .00000
    450    .00000
    451    .00000
    452    .00000
    453    .00000
    454    .00000
    455    .00000
    456    .00000
    457    .00000
    458    .00000
    459    .00000
    460    .00000
    461    .00000
    462    .00000
    463    .00000
    464    .00000
    465    .00000
    466    .00000
    467    .00000
    468    .00000
    469    .00000
    470    .00000
    471    .00000
    472    .00000
    473    .00000
    474    .00000
    475    .00000
    476    .00000
    477    .00000
    478    .00000
    479    .00000
    480    .00000
    481    .00000
    482    .00000
    483    .00000
    484    .00000
    485    .00000
    486    .00000
    487    .00000
    488    .00000
    489    .00000
    490    .00000
    491    .00000
    492    .00000
    493    .00000
    494    .00000
    495    .00000
    496    .00000
    497    .00000
    498    .00000
    499    .00000
    500    .00000
    501    .00000
    502    .00000
    503    .00000
    504    .00000
    505    .00000
    506    .00000
    507    .00000
    508    .00000
    509    .00000
    510    .00000
    511    .00000
    512    .00000
    513    .00000
    514    .00000
    515    .00000
    516    .00000
    517    .00000
    518    .00000
    519    .00000
    520    .00000
    521    .00000
    522    .00000
    523    .00000
    524    .00000
    525    .00000
    526    .00000
    527    .00000
    528    .00000
    529    .00000
    530    .00000
    531    .00000
    532    .00000
    533    .00000
    534    .00000
    535    .00000
    536    .00000
    537    .00000
    538    .00000
    539    .00000
    540    .00000
    541    .00000
    542    .00000
    543    .00000
    544    .00000
    545    .00000
    546    .00000
    547    .00000
    548    .00000
    549    .00000
    550    .00000
    551    .00000
    552    .00000
    553    .00000
    554    .00000
    555    .00000
    556    .00000
    557    .00000
    558    .00000
    559    .00000
    560    .00000
    561    .00000
    562    .00000
    563    .00000
    564    .00000
    565    .00000
    566    .00000
    567    .00000
    568    .00000
    569    .00000
    570    .00000
    571    .00000
    572    .00000
    573    .00000
    574    .00000
    575    .00000
    576    .00000
   
 VALORES DE WRA  ************************************
 WRA ORIGINAL POSSUIA         576 NUM., REDUZIDO PARA         277 NUM.
      1    .73471
      2   1.16666
      3    .92582
      4   1.03929
      5    .98092
      6   1.00968
      7    .99519
      8   1.00241
      9    .99880
     10   1.00060
     11    .99970
     12   1.00015
     13    .99992
     14   1.00004
     15    .99998
     16   1.00001
     17   1.00000
     18   1.00000
     19   1.00000
     20   1.00000
     21   1.00000
     22   1.00000
     23   1.00000
     24   1.00000
     25   1.00000
     26   1.00000
     27   1.00000
     28   1.00000
     29   1.00000
     30   1.00000
     31   1.00000
     32   1.00000
     33   1.00000
     34   1.00000
     35   1.00000
     36   1.00000
     37   1.00000
     38   1.00000
     39   1.00000
     40   1.00000
     41   1.00000
     42   1.00000
     43   1.00000
     44   1.00000
     45   1.00000
     46   1.00000
     47   1.00000
     48   1.00000
     49   1.00000
     50   1.00000
     51   1.00000
     52   1.00000
     53   1.00000
     54   1.00000
     55   1.00000
     56   1.00000
     57   1.00000
     58   1.00000
     59   1.00000
     60   1.00000
     61   1.00000
     62   1.00000
     63   1.00000
     64   1.00000
     65   1.00000
     66   1.00000
     67   1.00000
     68   1.00000
     69   1.00000
     70   1.00000
     71   1.00000
     72   1.00000
     73   1.00000
     74   1.00000
     75   1.00000
     76   1.00000
     77   1.00000
     78   1.00000
     79   1.00000
     80   1.00000
     81   1.00000
     82   1.00000
     83   1.00000
     84   1.00000
     85   1.00000
     86   1.00000
     87   1.00000
     88   1.00000
     89   1.00000
     90   1.00000
     91   1.00000
     92   1.00000
     93   1.00000
     94   1.00000
     95   1.00000
     96   1.00000
     97   1.00000
     98   1.00000
     99   1.00000
    100   1.00000
    101   1.00000
    102   1.00000
    103   1.00000
    104   1.00000
    105   1.00000
    106   1.00000
    107   1.00000
    108   1.00000
    109   1.00000
    110   1.00000
    111   1.00000
    112   1.00000
    113   1.00000
    114   1.00000
    115   1.00000
    116   1.00000
    117   1.00000
    118   1.00000
    119   1.00000
    120   1.00000
    121   1.00000
    122   1.00000
    123   1.00000
    124   1.00000
    125   1.00000
    126   1.00000
    127   1.00000
    128   1.00000
    129   1.00000
    130   1.00000
    131   1.00000
    132   1.00000
    133   1.00000
    134   1.00000
    135   1.00000
    136   1.00000
    137   1.00000
    138   1.00000
    139   1.00000
    140   1.00000
    141   1.00000
    142   1.00000
    143   1.00000
    144   1.00000
    145   1.00000
    146   1.00000
    147   1.00000
    148   1.00000
    149   1.00000
    150   1.00000
    151   1.00000
    152   1.00000
    153   1.00000
    154   1.00000
    155   1.00000
    156   1.00000
    157   1.00000
    158   1.00000
    159   1.00000
    160   1.00000
    161   1.00000
    162   1.00000
    163   1.00000
    164   1.00000
    165   1.00000
    166   1.00000
    167   1.00000
    168   1.00000
    169   1.00000
    170   1.00000
    171   1.00000
    172   1.00000
    173   1.00000
    174   1.00000
    175   1.00000
    176   1.00000
    177   1.00000
    178   1.00000
    179   1.00000
    180   1.00000
    181   1.00000
    182   1.00000
    183   1.00000
    184   1.00000
    185   1.00000
    186   1.00000
    187   1.00000
    188   1.00000
    189   1.00000
    190   1.00000
    191   1.00000
    192   1.00000
    193   1.00000
    194   1.00000
    195   1.00000
    196   1.00000
    197   1.00000
    198   1.00000
    199   1.00000
    200   1.00000
    201   1.00000
    202   1.00000
    203   1.00000
    204   1.00000
    205   1.00000
    206   1.00000
    207   1.00000
    208   1.00000
    209   1.00000
    210   1.00000
    211   1.00000
    212   1.00000
    213   1.00000
    214   1.00000
    215   1.00000
    216   1.00000
    217   1.00000
    218   1.00000
    219   1.00000
    220   1.00000
    221   1.00000
    222   1.00000
    223   1.00000
    224   1.00000
    225   1.00000
    226   1.00000
    227   1.00000
    228   1.00000
    229   1.00000
    230   1.00000
    231   1.00000
    232   1.00000
    233   1.00000
    234   1.00000
    235   1.00000
    236   1.00000
    237   1.00000
    238   1.00000
    239   1.00000
    240   1.00000
    241   1.00000
    242   1.00000
    243   1.00000
    244   1.00000
    245   1.00000
    246   1.00000
    247   1.00000
    248   1.00000
    249   1.00000
    250   1.00000
    251   1.00000
    252   1.00000
    253   1.00000
    254   1.00000
    255   1.00000
    256   1.00000
    257   1.00000
    258   1.00000
    259   1.00000
    260   1.00000
    261   1.00000
    262   1.00000
    263   1.00000
    264   1.00000
    265   1.00000
    266   1.00000
    267   1.00000
    268   1.00000
    269   1.00000
    270   1.00000
    271   1.00000
    272   1.00000
    273   1.00000
    274   1.00000
    275   1.00000
    276   1.00000
    277   1.00000



           - AUTOVALORES - 
          REAL     IMAGINARIO
           1        1.852554071696334       -1.907885649680037
           2        1.852554071696334        1.907885649680037
           3        2.311126701803945  -6.691063216611122E-001
           4        2.311126701803945   6.691063216611122E-001
           5        2.188052449422513  -8.445722424436610E-001
           6        2.188052449422513   8.445722424436610E-001
           7        2.292971597253153  -3.917540752319738E-001
           8        2.292971597253153   3.917540752319738E-001
           9        2.315734159416266  -3.996320424882673E-002
          10        2.315734159416266   3.996320424882673E-002
          11        2.293469925397572  -2.595139771327955E-001
          12        2.293469925397572   2.595139771327955E-001
          13        2.289174490362266  -1.894113047759000E-001
          14        2.289174490362266   1.894113047759000E-001
          15        2.220882848082454  -5.734331614737673E-001
          16        2.220882848082454   5.734331614737673E-001
          17        2.033047002197565       -1.116919447270334
          18        2.033047002197565        1.116919447270334
          19        2.074677994688980  -8.917800602448540E-001
          20        2.074677994688980   8.917800602448540E-001
          21        1.837903734030830       -1.368020790533425
          22        1.837903734030830        1.368020790533425
          23        1.951356147379142       -1.086203330013092
          24        1.951356147379142        1.086203330013092
          25        1.688931963591685       -1.512144709065554
          26        1.688931963591685        1.512144709065554
          27        1.808886698715748       -1.262546581845822
          28        1.808886698715748        1.262546581845822
          29        1.513615856797832       -1.648358780800584
          30        1.513615856797832        1.648358780800584
          31        1.370909459800072       -1.742486681312357
          32        1.370909459800072        1.742486681312357
          33        1.521008745066379       -1.523395905010036
          34        1.521008745066379        1.523395905010036
          35        1.187784247507905       -1.830687483236763
          36        1.187784247507905        1.830687483236763
          37        1.404593970437625       -1.596698416771764
          38        1.404593970437625        1.596698416771764
          39        1.004774209321253       -1.892754627889299
          40        1.004774209321253        1.892754627889299
          41        1.229252353948337       -1.697435715809089
          42        1.229252353948337        1.697435715809089
          43   9.780840598754337E-001       -1.805957982504224
          44   9.780840598754337E-001        1.805957982504224
          45   7.383969769203058E-001       -1.942890501797794
          46   7.383969769203058E-001        1.942890501797794
          47        1.202184253788905       -1.468137244581125
          48        1.202184253788905        1.468137244581125
          49   6.177637866692001E-001       -1.894185727980033
          50   6.177637866692001E-001        1.894185727980033
          51   4.644510180671129E-001       -1.941127893765348
          52   4.644510180671129E-001        1.941127893765348
          53   3.953392271220558E-001       -1.914632899859573
          54   3.953392271220558E-001        1.914632899859573
          55   2.937082094113822E-001       -1.915638064447474
          56   2.937082094113822E-001        1.915638064447474
          57   1.773042537757339E-001       -1.908084402394667
          58   1.773042537757339E-001        1.908084402394667
          59   6.271167101161479E-002       -1.901692178782739
          60   6.271167101161479E-002        1.901692178782739
          61   1.231271495965925E-001       -1.867979238102021
          62   1.231271495965925E-001        1.867979238102021
          63  -3.861940900632277E-002       -1.891040735305384
          64  -3.861940900632277E-002        1.891040735305384
          65  -2.403482083394687E-001       -1.832732557827859
          66  -2.403482083394687E-001        1.832732557827859
          67  -8.636266432081652E-003       -1.812960593420165
          68  -8.636266432081652E-003        1.812960593420165
          69       -1.895235496927150  -6.361622606856078E-001
          70       -1.895235496927150   6.361622606856078E-001
          71  -4.325460879706017E-001       -1.751193926286809
          72  -4.325460879706017E-001        1.751193926286809
          73  -1.388973722544271E-001       -1.739659190953546
          74  -1.388973722544271E-001        1.739659190953546
          75  -2.516121588571844E-001       -1.657200849728916
          76  -2.516121588571844E-001        1.657200849728916
          77  -7.235943679159813E-001       -1.563916824235221
          78  -7.235943679159813E-001        1.563916824235221
          79  -3.434193991006613E-001       -1.571548114606389
          80  -3.434193991006613E-001        1.571548114606389
          81  -8.956515088012428E-001       -1.386296520219860
          82  -8.956515088012428E-001        1.386296520219860
          83  -9.850089428326916E-001       -1.272308373554645
          84  -9.850089428326916E-001        1.272308373554645
          85       -1.110070518278402       -1.175855053653455
          86       -1.110070518278402        1.175855053653455
          87       -1.314022196300229  -8.482031658197244E-001
          88       -1.314022196300229   8.482031658197244E-001
          89        1.268449986253399  -1.827054447841396E-002
          90        1.268449986253399   1.827054447841396E-002
          91        1.257989371821575  -1.516128487385877E-001
          92        1.257989371821575   1.516128487385877E-001
          93        1.225165065608939  -3.245933340299307E-001
          94        1.225165065608939   3.245933340299307E-001
          95        1.212217032396740  -3.629167560248860E-001
          96        1.212217032396740   3.629167560248860E-001
          97        1.170423973726811  -4.923604058307613E-001
          98        1.170423973726811   4.923604058307613E-001
          99        1.150595844541057  -5.310066934388266E-001
         100        1.150595844541057   5.310066934388266E-001
         101        1.101801879456121  -6.352857639412924E-001
         102        1.101801879456121   6.352857639412924E-001
         103        1.071066582471415  -6.883135807448381E-001
         104        1.071066582471415   6.883135807448381E-001
         105   9.833031651405899E-001  -8.342621750609570E-001
         106   9.833031651405899E-001   8.342621750609570E-001
         107   9.974973681804061E-001  -7.921275377965794E-001
         108   9.974973681804061E-001   7.921275377965794E-001
         109   8.628384426955513E-001  -9.694959330956884E-001
         110   8.628384426955513E-001   9.694959330956884E-001
         111   7.315258504795892E-001       -1.087854561971798
         112   7.315258504795892E-001        1.087854561971798
         113   5.953974622185096E-001       -1.185010734224128
         114   5.953974622185096E-001        1.185010734224128
         115   8.779554718401736E-001  -9.246784772176856E-001
         116   8.779554718401736E-001   9.246784772176856E-001
         117   2.707889328617018E-001       -1.337078539546392
         118   2.707889328617018E-001        1.337078539546392
         119   1.046169117101465E-001       -1.381913388565078
         120   1.046169117101465E-001        1.381913388565078
         121  -5.104148457669600E-002       -1.406246255773910
         122  -5.104148457669600E-002        1.406246255773910
         123  -2.218871373857527E-001       -1.412138622362986
         124  -2.218871373857527E-001        1.412138622362986
         125  -3.784710993115456E-001       -1.398250382681298
         126  -3.784710993115456E-001        1.398250382681298
         127  -5.274631741411320E-001       -1.365209022844213
         128  -5.274631741411320E-001        1.365209022844213
         129  -4.713169286771824E-001       -1.372337928949064
         130  -4.713169286771824E-001        1.372337928949064
         131  -6.387102940398841E-001       -1.324682285291103
         132  -6.387102940398841E-001        1.324682285291103
         133       -1.384317968318627  -6.549276444332033E-001
         134       -1.384317968318627   6.549276444332033E-001
         135   6.646393566172184E-001       -1.096580667626561
         136   6.646393566172184E-001        1.096580667626561
         137  -8.842695568118959E-001       -1.176567551472488
         138  -8.842695568118959E-001        1.176567551472488
         139   4.304507158257429E-001       -1.209029207318898
         140   4.304507158257429E-001        1.209029207318898
         141       -1.433138648253381  -4.522172521120839E-001
         142       -1.433138648253381   4.522172521120839E-001
         143   2.586311180996166E-001       -1.260503521974921
         144   2.586311180996166E-001        1.260503521974921
         145  -9.737247023594533E-001       -1.088612181095789
         146  -9.737247023594533E-001        1.088612181095789
         147   7.631698479712973E-002       -1.289615557887549
         148   7.631698479712973E-002        1.289615557887549
         149  -5.180451009801128E-001       -1.279819561598173
         150  -5.180451009801128E-001        1.279819561598173
         151       -1.050793270577602  -9.907788027348700E-001
         152       -1.050793270577602   9.907788027348700E-001
         153  -7.435516672471793E-002       -1.293174720980381
         154  -7.435516672471793E-002        1.293174720980381
         155       -1.460805182813885  -1.395964345179682E-001
         156       -1.460805182813885   1.395964345179682E-001
         157  -2.804394448214715E-001       -1.277399234232531
         158  -2.804394448214715E-001        1.277399234232531
         159       -1.104442519481437  -8.940647734192799E-001
         160       -1.104442519481437   8.940647734192799E-001
         161       -1.422135799388674  -1.414714485963796E-001
         162       -1.422135799388674   1.414714485963796E-001
         163       -1.099496836785341  -8.693502685747743E-001
         164       -1.099496836785341   8.693502685747743E-001
         165       -1.154964535071469  -7.915776930389395E-001
         166       -1.154964535071469   7.915776930389395E-001
         167       -1.371386051981331  -3.286228586033391E-001
         168       -1.371386051981331   3.286228586033391E-001
         169  -4.623790844230888E-001       -1.234206600734415
         170  -4.623790844230888E-001        1.234206600734415
         171       -1.286047806738796  -5.072858371772256E-001
         172       -1.286047806738796   5.072858371772256E-001
         173       -1.204512610440393  -6.661909761293325E-001
         174       -1.204512610440393   6.661909761293325E-001
         175       -1.187839632648504  -6.920594314502363E-001
         176       -1.187839632648504   6.920594314502363E-001
         177  -5.515371174292405E-001       -1.196546957640538
         178  -5.515371174292405E-001        1.196546957640538
         179  -9.291272784037571E-001  -9.809258711688822E-001
         180  -9.291272784037571E-001   9.809258711688822E-001
         181  -7.178447087868738E-001       -1.124494158180885
         182  -7.178447087868738E-001        1.124494158180885
         183       -1.205344709454087  -6.164676604042887E-001
         184       -1.205344709454087   6.164676604042887E-001
         185       -1.003559279951763  -8.707648468909041E-001
         186       -1.003559279951763   8.707648468909041E-001
         187  -5.787351532267746E-001       -1.124930487478092
         188  -5.787351532267746E-001        1.124930487478092
         189       -1.225885499411050  -4.348650733811048E-001
         190       -1.225885499411050   4.348650733811048E-001
         191   9.954405358941446E-001   0.000000000000000E+000
         192   9.861863818052290E-001  -1.356059178688010E-001
         193   9.861863818052290E-001   1.356059178688010E-001
         194   9.574507102557757E-001  -2.728938852719268E-001
         195   9.574507102557757E-001   2.728938852719268E-001
         196   9.128733457372299E-001  -3.992993514752005E-001
         197   9.128733457372299E-001   3.992993514752005E-001
         198   7.733021329782930E-001  -6.297385517602098E-001
         199   7.733021329782930E-001   6.297385517602098E-001
         200   9.440739929562233E-001  -4.115250325688779E-002
         201   9.440739929562233E-001   4.115250325688779E-002
         202   9.358717455727816E-001  -1.318234004826025E-001
         203   9.358717455727816E-001   1.318234004826025E-001
         204   9.278349981207870E-001  -1.927550522685140E-001
         205   9.278349981207870E-001   1.927550522685140E-001
         206   9.125420944832132E-001  -2.416200242416994E-001
         207   9.125420944832132E-001   2.416200242416994E-001
         208   8.992383876152346E-001  -2.987487805369284E-001
         209   8.992383876152346E-001   2.987487805369284E-001
         210   6.773830789110318E-001  -7.291557322380375E-001
         211   6.773830789110318E-001   7.291557322380375E-001
         212   8.772068563044246E-001  -3.461758157171891E-001
         213   8.772068563044246E-001   3.461758157171891E-001
         214   8.580964979930512E-001  -4.077328904980026E-001
         215   8.580964979930512E-001   4.077328904980026E-001
         216   8.282787736945574E-001  -4.504457193834614E-001
         217   8.282787736945574E-001   4.504457193834614E-001
         218   8.073486181583812E-001  -5.020957466396637E-001
         219   8.073486181583812E-001   5.020957466396637E-001
         220   8.718340540261014E-001  -8.882008071339822E-003
         221   8.718340540261014E-001   8.882008071339822E-003
         222   8.514897125309759E-001  -2.286367633116072E-001
         223   8.514897125309759E-001   2.286367633116072E-001
         224   8.682074070422728E-001  -1.234060257875133E-001
         225   8.682074070422728E-001   1.234060257875133E-001
         226   8.593733586626782E-001  -1.158005851665983E-001
         227   8.593733586626782E-001   1.158005851665983E-001
         228   7.727547922008651E-001  -5.360323766895944E-001
         229   7.727547922008651E-001   5.360323766895944E-001
         230   7.446569722210317E-001  -5.924131106128744E-001
         231   7.446569722210317E-001   5.924131106128744E-001
         232   8.216170175804793E-001  -3.352087465886876E-001
         233   8.216170175804793E-001   3.352087465886876E-001
         234   5.728263414990500E-001  -8.101979583756043E-001
         235   5.728263414990500E-001   8.101979583756043E-001
         236   6.688661381474454E-001  -6.776032701249634E-001
         237   6.688661381474454E-001   6.776032701249634E-001
         238   7.036513052024800E-001  -6.203521754476415E-001
         239   7.036513052024800E-001   6.203521754476415E-001
         240   7.784295856440594E-001  -4.388195559161777E-001
         241   7.784295856440594E-001   4.388195559161777E-001
         242   7.895241830544779E-001  -3.385060497789148E-001
         243   7.895241830544779E-001   3.385060497789148E-001
         244   7.256567032458268E-001  -5.296788727687470E-001
         245   7.256567032458268E-001   5.296788727687470E-001
         246   6.033319293134427E-001  -7.371703332971918E-001
         247   6.033319293134427E-001   7.371703332971918E-001
         248  -5.976222341467757E-001       -1.053962611714416
         249  -5.976222341467757E-001        1.053962611714416
         250   7.453536551472835E-001  -4.186289428560768E-001
         251   7.453536551472835E-001   4.186289428560768E-001
         252   4.573139078535012E-001  -8.777274417858318E-001
         253   4.573139078535012E-001   8.777274417858318E-001
         254   5.344374920881524E-001  -7.646915639424399E-001
         255   5.344374920881524E-001   7.646915639424399E-001
         256   5.840142975429078E-001  -6.922958810472971E-001
         257   5.840142975429078E-001   6.922958810472971E-001
         258   6.762838923182624E-001  -5.141592782494490E-001
         259   6.762838923182624E-001   5.141592782494490E-001
         260       -1.227770354163874  -3.566393594221604E-001
         261       -1.227770354163874   3.566393594221604E-001
         262   5.045802386317847E-001  -7.536206295696546E-001
         263   5.045802386317847E-001   7.536206295696546E-001
         264   5.975591067841903E-001  -5.962419167803584E-001
         265   5.975591067841903E-001   5.962419167803584E-001
         266   4.135712532760907E-001  -8.592395603047895E-001
         267   4.135712532760907E-001   8.592395603047895E-001
         268   4.454731731456653E-001  -8.164047640454308E-001
         269   4.454731731456653E-001   8.164047640454308E-001
         270   3.319595565619601E-001  -9.171740215942013E-001
         271   3.319595565619601E-001   9.171740215942013E-001
         272   5.112000596464537E-001  -6.653511227340556E-001
         273   5.112000596464537E-001   6.653511227340556E-001
         274   3.194309777868528E-001  -9.005049993754128E-001
         275   3.194309777868528E-001   9.005049993754128E-001
         276   3.473930983545975E-001  -8.606361810372262E-001
         277   3.473930983545975E-001   8.606361810372262E-001
         278   1.777749069375808E-001  -9.721553142489388E-001
         279   1.777749069375808E-001   9.721553142489388E-001
         280   3.819978830201370E-001  -8.038691255814656E-001
         281   3.819978830201370E-001   8.038691255814656E-001
         282   2.766570176457570E-001  -9.026577296217488E-001
         283   2.766570176457570E-001   9.026577296217488E-001
         284   2.104750865988583E-001  -9.346105153036313E-001
         285   2.104750865988583E-001   9.346105153036313E-001
         286   1.915436364569536E-001  -9.337592365501298E-001
         287   1.915436364569536E-001   9.337592365501298E-001
         288   2.409550905153534E-001  -8.939463511049856E-001
         289   2.409550905153534E-001   8.939463511049856E-001
         290   4.070899014507359E-001  -7.243700748756492E-001
         291   4.070899014507359E-001   7.243700748756492E-001
         292   6.066589650830739E-002  -9.811205858598698E-001
         293   6.066589650830739E-002   9.811205858598698E-001
         294   1.115907264662850E-001  -9.455788806558336E-001
         295   1.115907264662850E-001   9.455788806558336E-001
         296   9.234779484345246E-002  -9.505453533526089E-001
         297   9.234779484345246E-002   9.505453533526089E-001
         298   1.372722250345518E-001  -9.112023280144298E-001
         299   1.372722250345518E-001   9.112023280144298E-001
         300  -6.144436531357085E-001  -9.902374836179764E-001
         301  -6.144436531357085E-001   9.902374836179764E-001
         302       -1.224311848005560  -2.638999604632925E-001
         303       -1.224311848005560   2.638999604632925E-001
         304   3.028717434039287E-001  -7.677064331556455E-001
         305   3.028717434039287E-001   7.677064331556455E-001
         306   2.412987972336800E-003  -9.544667389775910E-001
         307   2.412987972336800E-003   9.544667389775910E-001
         308  -1.289662207007442E-002  -9.579767936334785E-001
         309  -1.289662207007442E-002   9.579767936334785E-001
         310   3.163178963355634E-002  -9.211780780875311E-001
         311   3.163178963355634E-002   9.211780780875311E-001
         312       -1.218296951945918  -1.910552128679574E-001
         313       -1.218296951945918   1.910552128679574E-001
         314  -1.198646985455255E-001  -9.536807853129690E-001
         315  -1.198646985455255E-001   9.536807853129690E-001
         316       -1.209138873806533  -1.161449285211204E-001
         317       -1.209138873806533   1.161449285211204E-001
         318  -6.295521607864045E-001  -9.338684997026008E-001
         319  -6.295521607864045E-001   9.338684997026008E-001
         320  -7.326066892361915E-002  -9.199739130433980E-001
         321  -7.326066892361915E-002   9.199739130433980E-001
         322       -1.196556822857148  -4.035896348086727E-002
         323       -1.196556822857148   4.035896348086727E-002
         324       -1.180152971579698  -2.949237306106891E-002
         325       -1.180152971579698   2.949237306106891E-002
         326  -2.000940871490265E-001  -9.483731969150245E-001
         327  -2.000940871490265E-001   9.483731969150245E-001
         328  -2.095135646456651E-001  -9.437868104187556E-001
         329  -2.095135646456651E-001   9.437868104187556E-001
         330  -2.192816191123292E-001  -9.368261271551704E-001
         331  -2.192816191123292E-001   9.368261271551704E-001
         332       -1.137922451031641  -1.739981390201922E-001
         333       -1.137922451031641   1.739981390201922E-001
         334       -1.112349779281063  -2.385452759332356E-001
         335       -1.112349779281063   2.385452759332356E-001
         336  -3.097208124855660E-001  -9.245471482424785E-001
         337  -3.097208124855660E-001   9.245471482424785E-001
         338       -1.068254495377322  -3.070159824671316E-001
         339       -1.068254495377322   3.070159824671316E-001
         340  -3.171290893084982E-001  -9.101990008884484E-001
         341  -3.171290893084982E-001   9.101990008884484E-001
         342       -1.015765151163954  -4.003461335922785E-001
         343       -1.015765151163954   4.003461335922785E-001
         344  -2.837550346638363E-001  -8.720948289097389E-001
         345  -2.837550346638363E-001   8.720948289097389E-001
         346  -4.119918412041076E-001  -8.948555609070235E-001
         347  -4.119918412041076E-001   8.948555609070235E-001
         348  -9.748093511597853E-001  -4.730174587659301E-001
         349  -9.748093511597853E-001   4.730174587659301E-001
         350  -9.318791922819503E-001  -5.404744297469989E-001
         351  -9.318791922819503E-001   5.404744297469989E-001
         352  -6.626908900685833E-001  -8.136698962740525E-001
         353  -6.626908900685833E-001   8.136698962740525E-001
         354  -4.119831641210603E-001  -8.790185962425878E-001
         355  -4.119831641210603E-001   8.790185962425878E-001
         356  -8.799738414573741E-001  -6.042763742233644E-001
         357  -8.799738414573741E-001   6.042763742233644E-001
         358  -5.062913659255142E-001  -8.620828737941141E-001
         359  -5.062913659255142E-001   8.620828737941141E-001
         360  -5.912863157675690E-001  -8.217405658697234E-001
         361  -5.912863157675690E-001   8.217405658697234E-001
         362  -4.355116631444744E-001  -8.517042918823998E-001
         363  -4.355116631444744E-001   8.517042918823998E-001
         364  -4.895337704951417E-001  -8.367656203289300E-001
         365  -4.895337704951417E-001   8.367656203289300E-001
         366  -3.807849497852212E-001  -8.357942085343899E-001
         367  -3.807849497852212E-001   8.357942085343899E-001
         368  -6.722305896604738E-001  -7.709841361541032E-001
         369  -6.722305896604738E-001   7.709841361541032E-001
         370  -7.455949626238474E-001  -7.171548387230072E-001
         371  -7.455949626238474E-001   7.171548387230072E-001
         372  -6.807157183661527E-001  -7.534896486183732E-001
         373  -6.807157183661527E-001   7.534896486183732E-001
         374  -4.760067793375404E-001  -7.875378412975529E-001
         375  -4.760067793375404E-001   7.875378412975529E-001
         376  -5.558930372444306E-001  -7.733282530111123E-001
         377  -5.558930372444306E-001   7.733282530111123E-001
         378  -5.422994385010461E-001  -7.757956746043715E-001
         379  -5.422994385010461E-001   7.757956746043715E-001
         380  -7.006515585569604E-001  -6.940242768828266E-001
         381  -7.006515585569604E-001   6.940242768828266E-001
         382  -6.289181342829010E-001  -7.045219931283885E-001
         383  -6.289181342829010E-001   7.045219931283885E-001
         384  -5.615322919563521E-001  -7.167241587950000E-001
         385  -5.615322919563521E-001   7.167241587950000E-001
         386  -8.812680923893050E-001  -4.661983468975830E-001
         387  -8.812680923893050E-001   4.661983468975830E-001
         388  -8.323853784610585E-001  -5.392410269346962E-001
         389  -8.323853784610585E-001   5.392410269346962E-001
         390  -6.886777259076122E-001  -6.649861329521808E-001
         391  -6.886777259076122E-001   6.649861329521808E-001
         392  -7.724204145404015E-001  -5.980683033568797E-001
         393  -7.724204145404015E-001   5.980683033568797E-001
         394  -6.270478957735952E-001  -6.729458873610498E-001
         395  -6.270478957735952E-001   6.729458873610498E-001
         396  -7.180614346854004E-001  -6.305768004799265E-001
         397  -7.180614346854004E-001   6.305768004799265E-001
         398  -9.490844407597019E-001  -2.900990258948545E-001
         399  -9.490844407597019E-001   2.900990258948545E-001
         400  -7.243142432960931E-001  -5.935707457179182E-001
         401  -7.243142432960931E-001   5.935707457179182E-001
         402  -6.989846305478179E-001  -5.950348120757981E-001
         403  -6.989846305478179E-001   5.950348120757981E-001
         404  -7.369266939786596E-001  -5.643835393403773E-001
         405  -7.369266939786596E-001   5.643835393403773E-001
         406  -9.723299240503210E-001  -1.964339347837795E-001
         407  -9.723299240503210E-001   1.964339347837795E-001
         408  -9.878134413282300E-001  -9.705545384172103E-002
         409  -9.878134413282300E-001   9.705545384172103E-002
         410  -9.926859726657837E-001   0.000000000000000E+000
         411  -7.823527238988826E-001  -4.977953078766254E-001
         412  -7.823527238988826E-001   4.977953078766254E-001
         413  -7.544292145796607E-001  -5.098170005345741E-001
         414  -7.544292145796607E-001   5.098170005345741E-001
         415  -7.624892839601732E-001  -4.920005944888689E-001
         416  -7.624892839601732E-001   4.920005944888689E-001
         417  -7.848396232838626E-001  -4.330896119927831E-001
         418  -7.848396232838626E-001   4.330896119927831E-001
         419  -8.222942420528516E-001  -3.707700043800807E-001
         420  -8.222942420528516E-001   3.707700043800807E-001
         421  -8.632322362629452E-001  -2.797516423435875E-001
         422  -8.632322362629452E-001   2.797516423435875E-001
         423  -8.360895116763125E-001  -2.718353286222357E-001
         424  -8.360895116763125E-001   2.718353286222357E-001
         425  -8.562165740035289E-001  -2.326895987488661E-001
         426  -8.562165740035289E-001   2.326895987488661E-001
         427  -8.782238030882831E-001  -1.941548785386668E-001
         428  -8.782238030882831E-001   1.941548785386668E-001
         429  -8.553520535893311E-001  -1.904781195545127E-001
         430  -8.553520535893311E-001   1.904781195545127E-001
         431  -8.695772222273647E-001  -1.363712978215578E-001
         432  -8.695772222273647E-001   1.363712978215578E-001
         433  -8.858589405181540E-001  -8.793244162586733E-002
         434  -8.858589405181540E-001   8.793244162586733E-002
         435  -8.735850444546639E-001  -9.885477198698066E-002
         436  -8.735850444546639E-001   9.885477198698066E-002
         437  -8.828186099987878E-001  -9.391218547494451E-003
         438  -8.828186099987878E-001   9.391218547494451E-003
         439  -8.727660117184526E-001  -3.795811456572112E-002
         440  -8.727660117184526E-001   3.795811456572112E-002
         441  -8.639557262207116E-001  -3.920052608223170E-002
         442  -8.639557262207116E-001   3.920052608223170E-002
         443  -8.502224615949103E-001  -1.459919004339290E-001
         444  -8.502224615949103E-001   1.459919004339290E-001
         445  -8.235672779353950E-001  -2.371300206778816E-001
         446  -8.235672779353950E-001   2.371300206778816E-001
         447  -7.665423858793863E-001  -3.625872641576043E-001
         448  -7.665423858793863E-001   3.625872641576043E-001
         449  -6.786361348676908E-001  -5.238681228710058E-001
         450  -6.786361348676908E-001   5.238681228710058E-001
         451  -7.053475054448661E-001  -4.730773433834087E-001
         452  -7.053475054448661E-001   4.730773433834087E-001
         453   6.550192482454237E-002  -8.061661091064459E-001
         454   6.550192482454237E-002   8.061661091064459E-001
         455  -2.757721197810115E-002  -8.028109833998036E-001
         456  -2.757721197810115E-002   8.028109833998036E-001
         457  -5.540797896099043E-001  -5.961053518687951E-001
         458  -5.540797896099043E-001   5.961053518687951E-001
         459  -1.400791375781428E-001  -7.820219083579498E-001
         460  -1.400791375781428E-001   7.820219083579498E-001
         461  -4.750958103015053E-001  -6.425239634919977E-001
         462  -4.750958103015053E-001   6.425239634919977E-001
         463  -2.461525653899549E-001  -7.456140649699382E-001
         464  -2.461525653899549E-001   7.456140649699382E-001
         465  -4.082442966616607E-001  -6.758250962524836E-001
         466  -4.082442966616607E-001   6.758250962524836E-001
         467  -3.355744926060866E-001  -6.989566416189246E-001
         468  -3.355744926060866E-001   6.989566416189246E-001
         469  -3.497442575977506E-001  -6.921619554640850E-001
         470  -3.497442575977506E-001   6.921619554640850E-001
         471  -4.313604360042417E-001  -6.292984871497184E-001
         472  -4.313604360042417E-001   6.292984871497184E-001
         473  -5.071482277011683E-001  -5.505224132014113E-001
         474  -5.071482277011683E-001   5.505224132014113E-001
         475  -2.257047687987508E-001  -7.232184239468613E-001
         476  -2.257047687987508E-001   7.232184239468613E-001
         477  -6.147974480195231E-001  -3.608653979968142E-001
         478  -6.147974480195231E-001   3.608653979968142E-001
         479  -1.066559873202711E-001  -7.230022630311838E-001
         480  -1.066559873202711E-001   7.230022630311838E-001
         481  -6.389356759295679E-001  -2.651278063545560E-001
         482  -6.389356759295679E-001   2.651278063545560E-001
         483  -3.107837925447354E-002  -7.124737325421700E-001
         484  -3.107837925447354E-002   7.124737325421700E-001
         485  -6.490947187850076E-001  -1.642950159779745E-001
         486  -6.490947187850076E-001   1.642950159779745E-001
         487  -6.434886168254085E-001  -6.485003882947987E-002
         488  -6.434886168254085E-001   6.485003882947987E-002
         489  -6.123172850633138E-001  -1.632632891572560E-002
         490  -6.123172850633138E-001   1.632632891572560E-002
         491  -5.771452588286585E-001  -9.651791213344965E-002
         492  -5.771452588286585E-001   9.651791213344965E-002
         493  -5.377255607936159E-001  -1.712254717816159E-001
         494  -5.377255607936159E-001   1.712254717816159E-001
         495   3.992806493503232E-002  -6.940843760305742E-001
         496   3.992806493503232E-002   6.940843760305742E-001
         497  -4.487255304901991E-001  -2.553442991437840E-001
         498  -4.487255304901991E-001   2.553442991437840E-001
         499  -4.010894480060375E-001  -2.953528497325392E-001
         500  -4.010894480060375E-001   2.953528497325392E-001
         501   1.480046977866096E-001  -6.401466732841487E-001
         502   1.480046977866096E-001   6.401466732841487E-001
         503   1.805498492359736E-001  -6.202834315688083E-001
         504   1.805498492359736E-001   6.202834315688083E-001
         505  -3.507115541943645E-001  -3.263806989693841E-001
         506  -3.507115541943645E-001   3.263806989693841E-001
         507   2.322091546572570E-001  -5.872550789405707E-001
         508   2.322091546572570E-001   5.872550789405707E-001
         509  -3.012348405693364E-001  -3.507427313422792E-001
         510  -3.012348405693364E-001   3.507427313422792E-001
         511  -2.589391661048358E-001  -3.657554941546754E-001
         512  -2.589391661048358E-001   3.657554941546754E-001
         513  -2.129566234332594E-001  -3.837740322879645E-001
         514  -2.129566234332594E-001   3.837740322879645E-001
         515  -1.706052854114273E-001  -3.954048740950699E-001
         516  -1.706052854114273E-001   3.954048740950699E-001
         517   2.916171856161943E-001  -5.327699446909608E-001
         518   2.916171856161943E-001   5.327699446909608E-001
         519  -1.077362213590535E-001  -4.062530326867716E-001
         520  -1.077362213590535E-001   4.062530326867716E-001
         521  -5.765386217749674E-002  -4.005419175594342E-001
         522  -5.765386217749674E-002   4.005419175594342E-001
         523  -2.052587606415748E-002  -3.946643158648656E-001
         524  -2.052587606415748E-002   3.946643158648656E-001
         525   3.556142243431468E-001  -4.506695825271655E-001
         526   3.556142243431468E-001   4.506695825271655E-001
         527   1.660268129716954E-002  -3.865434022243570E-001
         528   1.660268129716954E-002   3.865434022243570E-001
         529   4.188408390117374E-002  -3.801763209748681E-001
         530   4.188408390117374E-002   3.801763209748681E-001
         531   8.501706086939097E-002  -3.717282765508927E-001
         532   8.501706086939097E-002   3.717282765508927E-001
         533   3.857376916557938E-001  -3.985830772282707E-001
         534   3.857376916557938E-001   3.985830772282707E-001
         535   1.192064633124868E-001  -3.599298755260413E-001
         536   1.192064633124868E-001   3.599298755260413E-001
         537   1.673516000842279E-001  -3.391011159533091E-001
         538   1.673516000842279E-001   3.391011159533091E-001
         539   2.175431945982626E-001  -3.479251962649355E-001
         540   2.175431945982626E-001   3.479251962649355E-001
         541   4.072393744037709E-001  -3.487239039275181E-001
         542   4.072393744037709E-001   3.487239039275181E-001
         543   4.867782056251243E-001  -2.644792106775624E-001
         544   4.867782056251243E-001   2.644792106775624E-001
         545   4.183181596965891E-001  -3.192686514812632E-001
         546   4.183181596965891E-001   3.192686514812632E-001
         547   2.177898116708910E-001  -3.131492214375269E-001
         548   2.177898116708910E-001   3.131492214375269E-001
         549   4.366373674428421E-001  -2.801492477640478E-001
         550   4.366373674428421E-001   2.801492477640478E-001
         551   2.691343499744483E-001  -2.686984318395674E-001
         552   2.691343499744483E-001   2.686984318395674E-001
         553   4.450212212096966E-001  -2.204565180502746E-001
         554   4.450212212096966E-001   2.204565180502746E-001
         555   3.069446437084302E-001  -2.388893808467706E-001
         556   3.069446437084302E-001   2.388893808467706E-001
         557   3.246663288550957E-001  -2.269965251880597E-001
         558   3.246663288550957E-001   2.269965251880597E-001
         559   3.352761144951776E-001  -1.963309645249568E-001
         560   3.352761144951776E-001   1.963309645249568E-001
         561   4.432768158757648E-001  -1.367820763394939E-001
         562   4.432768158757648E-001   1.367820763394939E-001
         563   3.614406407590944E-001  -1.561245964541710E-001
         564   3.614406407590944E-001   1.561245964541710E-001
         565   3.860918930740588E-001  -1.066921739747148E-001
         566   3.860918930740588E-001   1.066921739747148E-001
         567   4.371979712896411E-001  -7.937992063780440E-002
         568   4.371979712896411E-001   7.937992063780440E-002
         569   4.015170569142862E-001  -7.326215915992476E-002
         570   4.015170569142862E-001   7.326215915992476E-002
         571   4.307130080550511E-001  -3.512753480235564E-002
         572   4.307130080550511E-001   3.512753480235564E-002
         573   4.144837095669323E-001  -3.942790838504930E-002
         574   4.144837095669323E-001   3.942790838504930E-002
         575   3.474201263074361E-001   0.000000000000000E+000
         576   3.857577520510977E-001   0.000000000000000E+000



           - AUTOVALORES DIFERENTES E REAIS e positivos - 
          REAL
           1   3.474201263074361E-001
           2   3.857577520510977E-001
           3   9.954405358941446E-001
