 ************************************************************************************************************************
                         Exem


DATA

  NUMERO DE ELEMENTOS DE CONTORNO=160

  NUMERO DE NÓS FUNCIONAIS=164

  NUMERO DE PONTOS INTERNOS ONDE A FUNC. É CALCULADA=144




  COORDENADAS DOS PONTOS FONTE DOS ELEMENTOS DE CONTORNO

    PONTO          X                  Y
        1       .0000000E+00       .0000000E+00
        2       .2500000E-01       .0000000E+00
        3       .5000000E-01       .0000000E+00
        4       .7500000E-01       .0000000E+00
        5       .1000000E+00       .0000000E+00
        6       .1250000E+00       .0000000E+00
        7       .1500000E+00       .0000000E+00
        8       .1750000E+00       .0000000E+00
        9       .2000000E+00       .0000000E+00
       10       .2250000E+00       .0000000E+00
       11       .2500000E+00       .0000000E+00
       12       .2750000E+00       .0000000E+00
       13       .3000000E+00       .0000000E+00
       14       .3250000E+00       .0000000E+00
       15       .3500000E+00       .0000000E+00
       16       .3750000E+00       .0000000E+00
       17       .4000000E+00       .0000000E+00
       18       .4250000E+00       .0000000E+00
       19       .4500000E+00       .0000000E+00
       20       .4750000E+00       .0000000E+00
       21       .5000000E+00       .0000000E+00
       22       .5250000E+00       .0000000E+00
       23       .5500000E+00       .0000000E+00
       24       .5750000E+00       .0000000E+00
       25       .6000000E+00       .0000000E+00
       26       .6250000E+00       .0000000E+00
       27       .6500000E+00       .0000000E+00
       28       .6750000E+00       .0000000E+00
       29       .7000000E+00       .0000000E+00
       30       .7250000E+00       .0000000E+00
       31       .7500000E+00       .0000000E+00
       32       .7750000E+00       .0000000E+00
       33       .8000000E+00       .0000000E+00
       34       .8250000E+00       .0000000E+00
       35       .8500000E+00       .0000000E+00
       36       .8750000E+00       .0000000E+00
       37       .9000000E+00       .0000000E+00
       38       .9250000E+00       .0000000E+00
       39       .9500000E+00       .0000000E+00
       40       .9750000E+00       .0000000E+00
       41       .1000000E+01       .0000000E+00
       42       .1000000E+01       .0000000E+00
       43       .1000000E+01       .2500000E-01
       44       .1000000E+01       .5000000E-01
       45       .1000000E+01       .7500000E-01
       46       .1000000E+01       .1000000E+00
       47       .1000000E+01       .1250000E+00
       48       .1000000E+01       .1500000E+00
       49       .1000000E+01       .1750000E+00
       50       .1000000E+01       .2000000E+00
       51       .1000000E+01       .2250000E+00
       52       .1000000E+01       .2500000E+00
       53       .1000000E+01       .2750000E+00
       54       .1000000E+01       .3000000E+00
       55       .1000000E+01       .3250000E+00
       56       .1000000E+01       .3500000E+00
       57       .1000000E+01       .3750000E+00
       58       .1000000E+01       .4000000E+00
       59       .1000000E+01       .4250000E+00
       60       .1000000E+01       .4500000E+00
       61       .1000000E+01       .4750000E+00
       62       .1000000E+01       .5000000E+00
       63       .1000000E+01       .5250000E+00
       64       .1000000E+01       .5500000E+00
       65       .1000000E+01       .5750000E+00
       66       .1000000E+01       .6000000E+00
       67       .1000000E+01       .6250000E+00
       68       .1000000E+01       .6500000E+00
       69       .1000000E+01       .6750000E+00
       70       .1000000E+01       .7000000E+00
       71       .1000000E+01       .7250000E+00
       72       .1000000E+01       .7500000E+00
       73       .1000000E+01       .7750000E+00
       74       .1000000E+01       .8000000E+00
       75       .1000000E+01       .8250000E+00
       76       .1000000E+01       .8500000E+00
       77       .1000000E+01       .8750000E+00
       78       .1000000E+01       .9000000E+00
       79       .1000000E+01       .9250000E+00
       80       .1000000E+01       .9500000E+00
       81       .1000000E+01       .9750000E+00
       82       .1000000E+01       .1000000E+01
       83       .1000000E+01       .1000000E+01
       84       .9750000E+00       .1000000E+01
       85       .9500000E+00       .1000000E+01
       86       .9250000E+00       .1000000E+01
       87       .9000000E+00       .1000000E+01
       88       .8750000E+00       .1000000E+01
       89       .8500000E+00       .1000000E+01
       90       .8250000E+00       .1000000E+01
       91       .8000000E+00       .1000000E+01
       92       .7750000E+00       .1000000E+01
       93       .7500000E+00       .1000000E+01
       94       .7250000E+00       .1000000E+01
       95       .7000000E+00       .1000000E+01
       96       .6750000E+00       .1000000E+01
       97       .6500000E+00       .1000000E+01
       98       .6250000E+00       .1000000E+01
       99       .6000000E+00       .1000000E+01
      100       .5750000E+00       .1000000E+01
      101       .5500000E+00       .1000000E+01
      102       .5250000E+00       .1000000E+01
      103       .5000000E+00       .1000000E+01
      104       .4750000E+00       .1000000E+01
      105       .4500000E+00       .1000000E+01
      106       .4250000E+00       .1000000E+01
      107       .4000000E+00       .1000000E+01
      108       .3750000E+00       .1000000E+01
      109       .3500000E+00       .1000000E+01
      110       .3250000E+00       .1000000E+01
      111       .3000000E+00       .1000000E+01
      112       .2750000E+00       .1000000E+01
      113       .2500000E+00       .1000000E+01
      114       .2250000E+00       .1000000E+01
      115       .2000000E+00       .1000000E+01
      116       .1750000E+00       .1000000E+01
      117       .1500000E+00       .1000000E+01
      118       .1250000E+00       .1000000E+01
      119       .1000000E+00       .1000000E+01
      120       .7500000E-01       .1000000E+01
      121       .5000000E-01       .1000000E+01
      122       .2500000E-01       .1000000E+01
      123       .0000000E+00       .1000000E+01
      124       .0000000E+00       .1000000E+01
      125       .0000000E+00       .9750000E+00
      126       .0000000E+00       .9500000E+00
      127       .0000000E+00       .9250000E+00
      128       .0000000E+00       .9000000E+00
      129       .0000000E+00       .8750000E+00
      130       .0000000E+00       .8500000E+00
      131       .0000000E+00       .8250000E+00
      132       .0000000E+00       .8000000E+00
      133       .0000000E+00       .7750000E+00
      134       .0000000E+00       .7500000E+00
      135       .0000000E+00       .7250000E+00
      136       .0000000E+00       .7000000E+00
      137       .0000000E+00       .6750000E+00
      138       .0000000E+00       .6500000E+00
      139       .0000000E+00       .6250000E+00
      140       .0000000E+00       .6000000E+00
      141       .0000000E+00       .5750000E+00
      142       .0000000E+00       .5500000E+00
      143       .0000000E+00       .5250000E+00
      144       .0000000E+00       .5000000E+00
      145       .0000000E+00       .4750000E+00
      146       .0000000E+00       .4500000E+00
      147       .0000000E+00       .4250000E+00
      148       .0000000E+00       .4000000E+00
      149       .0000000E+00       .3750000E+00
      150       .0000000E+00       .3500000E+00
      151       .0000000E+00       .3250000E+00
      152       .0000000E+00       .3000000E+00
      153       .0000000E+00       .2750000E+00
      154       .0000000E+00       .2500000E+00
      155       .0000000E+00       .2250000E+00
      156       .0000000E+00       .2000000E+00
      157       .0000000E+00       .1750000E+00
      158       .0000000E+00       .1500000E+00
      159       .0000000E+00       .1250000E+00
      160       .0000000E+00       .1000000E+00
      161       .0000000E+00       .7500000E-01
      162       .0000000E+00       .5000000E-01
      163       .0000000E+00       .2500000E-01
      164       .0000000E+00       .0000000E+00
      165       .4167000E-01       .4167000E-01
      166       .1250000E+00       .4167000E-01
      167       .2083300E+00       .4167000E-01
      168       .2916700E+00       .4167000E-01
      169       .3750000E+00       .4167000E-01
      170       .4583300E+00       .4167000E-01
      171       .5416700E+00       .4167000E-01
      172       .6250000E+00       .4167000E-01
      173       .7083300E+00       .4167000E-01
      174       .7916700E+00       .4167000E-01
      175       .8750000E+00       .4167000E-01
      176       .9583300E+00       .4167000E-01
      177       .4167000E-01       .1250000E+00
      178       .1250000E+00       .1250000E+00
      179       .2083300E+00       .1250000E+00
      180       .2916700E+00       .1250000E+00
      181       .3750000E+00       .1250000E+00
      182       .4583300E+00       .1250000E+00
      183       .5416700E+00       .1250000E+00
      184       .6250000E+00       .1250000E+00
      185       .7083300E+00       .1250000E+00
      186       .7916700E+00       .1250000E+00
      187       .8750000E+00       .1250000E+00
      188       .9583300E+00       .1250000E+00
      189       .4167000E-01       .2083300E+00
      190       .1250000E+00       .2083300E+00
      191       .2083300E+00       .2083300E+00
      192       .2916700E+00       .2083300E+00
      193       .3750000E+00       .2083300E+00
      194       .4583300E+00       .2083300E+00
      195       .5416700E+00       .2083300E+00
      196       .6250000E+00       .2083300E+00
      197       .7083300E+00       .2083300E+00
      198       .7916700E+00       .2083300E+00
      199       .8750000E+00       .2083300E+00
      200       .9583300E+00       .2083300E+00
      201       .4167000E-01       .2916700E+00
      202       .1250000E+00       .2916700E+00
      203       .2083300E+00       .2916700E+00
      204       .2916700E+00       .2916700E+00
      205       .3750000E+00       .2916700E+00
      206       .4583300E+00       .2916700E+00
      207       .5416700E+00       .2916700E+00
      208       .6250000E+00       .2916700E+00
      209       .7083300E+00       .2916700E+00
      210       .7916700E+00       .2916700E+00
      211       .8750000E+00       .2916700E+00
      212       .9583300E+00       .2916700E+00
      213       .4167000E-01       .3750000E+00
      214       .1250000E+00       .3750000E+00
      215       .2083300E+00       .3750000E+00
      216       .2916700E+00       .3750000E+00
      217       .3750000E+00       .3750000E+00
      218       .4583300E+00       .3750000E+00
      219       .5416700E+00       .3750000E+00
      220       .6250000E+00       .3750000E+00
      221       .7083300E+00       .3750000E+00
      222       .7916700E+00       .3750000E+00
      223       .8750000E+00       .3750000E+00
      224       .9583300E+00       .3750000E+00
      225       .4167000E-01       .4583300E+00
      226       .1250000E+00       .4583300E+00
      227       .2083300E+00       .4583300E+00
      228       .2916700E+00       .4583300E+00
      229       .3750000E+00       .4583300E+00
      230       .4583300E+00       .4583300E+00
      231       .5416700E+00       .4583300E+00
      232       .6250000E+00       .4583300E+00
      233       .7083300E+00       .4583300E+00
      234       .7916700E+00       .4583300E+00
      235       .8750000E+00       .4583300E+00
      236       .9583300E+00       .4583300E+00
      237       .4167000E-01       .5416700E+00
      238       .1250000E+00       .5416700E+00
      239       .2083300E+00       .5416700E+00
      240       .2916700E+00       .5416700E+00
      241       .3750000E+00       .5416700E+00
      242       .4583300E+00       .5416700E+00
      243       .5416700E+00       .5416700E+00
      244       .6250000E+00       .5416700E+00
      245       .7083300E+00       .5416700E+00
      246       .7916700E+00       .5416700E+00
      247       .8750000E+00       .5416700E+00
      248       .9583300E+00       .5416700E+00
      249       .4167000E-01       .6250000E+00
      250       .1250000E+00       .6250000E+00
      251       .2083300E+00       .6250000E+00
      252       .2916700E+00       .6250000E+00
      253       .3750000E+00       .6250000E+00
      254       .4583300E+00       .6250000E+00
      255       .5416700E+00       .6250000E+00
      256       .6250000E+00       .6250000E+00
      257       .7083300E+00       .6250000E+00
      258       .7916700E+00       .6250000E+00
      259       .8750000E+00       .6250000E+00
      260       .9583300E+00       .6250000E+00
      261       .4167000E-01       .7083300E+00
      262       .1250000E+00       .7083300E+00
      263       .2083300E+00       .7083300E+00
      264       .2916700E+00       .7083300E+00
      265       .3750000E+00       .7083300E+00
      266       .4583300E+00       .7083300E+00
      267       .5416700E+00       .7083300E+00
      268       .6250000E+00       .7083300E+00
      269       .7083300E+00       .7083300E+00
      270       .7916700E+00       .7083300E+00
      271       .8750000E+00       .7083300E+00
      272       .9583300E+00       .7083300E+00
      273       .4167000E-01       .7916700E+00
      274       .1250000E+00       .7916700E+00
      275       .2083300E+00       .7916700E+00
      276       .2916700E+00       .7916700E+00
      277       .3750000E+00       .7916700E+00
      278       .4583300E+00       .7916700E+00
      279       .5416700E+00       .7916700E+00
      280       .6250000E+00       .7916700E+00
      281       .7083300E+00       .7916700E+00
      282       .7916700E+00       .7916700E+00
      283       .8750000E+00       .7916700E+00
      284       .9583300E+00       .7916700E+00
      285       .4167000E-01       .8750000E+00
      286       .1250000E+00       .8750000E+00
      287       .2083300E+00       .8750000E+00
      288       .2916700E+00       .8750000E+00
      289       .3750000E+00       .8750000E+00
      290       .4583300E+00       .8750000E+00
      291       .5416700E+00       .8750000E+00
      292       .6250000E+00       .8750000E+00
      293       .7083300E+00       .8750000E+00
      294       .7916700E+00       .8750000E+00
      295       .8750000E+00       .8750000E+00
      296       .9583300E+00       .8750000E+00
      297       .4167000E-01       .9583300E+00
      298       .1250000E+00       .9583300E+00
      299       .2083300E+00       .9583300E+00
      300       .2916700E+00       .9583300E+00
      301       .3750000E+00       .9583300E+00
      302       .4583300E+00       .9583300E+00
      303       .5416700E+00       .9583300E+00
      304       .6250000E+00       .9583300E+00
      305       .7083300E+00       .9583300E+00
      306       .7916700E+00       .9583300E+00
      307       .8750000E+00       .9583300E+00
      308       .9583300E+00       .9583300E+00


  CONDICOES DE CONTORNO

       INDICE   NÓ        NÓ          VALOR PRESCRITO
       1        0        164          .0000000E+00
       2        0          0          .0000000E+00
       3        0          0          .0000000E+00
       4        0          0          .0000000E+00
       5        0          0          .0000000E+00
       6        0          0          .0000000E+00
       7        0          0          .0000000E+00
       8        0          0          .0000000E+00
       9        0          0          .0000000E+00
      10        0          0          .0000000E+00
      11        0          0          .0000000E+00
      12        0          0          .0000000E+00
      13        0          0          .0000000E+00
      14        0          0          .0000000E+00
      15        0          0          .0000000E+00
      16        0          0          .0000000E+00
      17        0          0          .0000000E+00
      18        0          0          .0000000E+00
      19        0          0          .0000000E+00
      20        0          0          .0000000E+00
      21        0          0          .0000000E+00
      22        0          0          .0000000E+00
      23        0          0          .0000000E+00
      24        0          0          .0000000E+00
      25        0          0          .0000000E+00
      26        0          0          .0000000E+00
      27        0          0          .0000000E+00
      28        0          0          .0000000E+00
      29        0          0          .0000000E+00
      30        0          0          .0000000E+00
      31        0          0          .0000000E+00
      32        0          0          .0000000E+00
      33        0          0          .0000000E+00
      34        0          0          .0000000E+00
      35        0          0          .0000000E+00
      36        0          0          .0000000E+00
      37        0          0          .0000000E+00
      38        0          0          .0000000E+00
      39        0          0          .0000000E+00
      40        0          0          .0000000E+00
      41        0         42          .0000000E+00
      42        0         41          .0000000E+00
      43        0          0          .7850000E-01
      44        0          0          .1564000E+00
      45        0          0          .2334000E+00
      46        0          0          .3090000E+00
      47        0          0          .3827000E+00
      48        0          0          .4540000E+00
      49        0          0          .5225000E+00
      50        0          0          .5878000E+00
      51        0          0          .6494000E+00
      52        0          0          .7071000E+00
      53        0          0          .7604000E+00
      54        0          0          .8090000E+00
      55        0          0          .8526000E+00
      56        0          0          .8910000E+00
      57        0          0          .9239000E+00
      58        0          0          .9510000E+00
      59        0          0          .9724000E+00
      60        0          0          .9877000E+00
      61        0          0          .9969000E+00
      62        0          0          .1000000E+01
      63        0          0          .9969000E+00
      64        0          0          .9877000E+00
      65        0          0          .9724000E+00
      66        0          0          .9511000E+00
      67        0          0          .9239000E+00
      68        0          0          .8910000E+00
      69        0          0          .8527000E+00
      70        0          0          .8091000E+00
      71        0          0          .7604000E+00
      72        0          0          .7072000E+00
      73        0          0          .6495000E+00
      74        0          0          .5878000E+00
      75        0          0          .5226000E+00
      76        0          0          .4541000E+00
      77        0          0          .3828000E+00
      78        0          0          .3091000E+00
      79        0          0          .2335000E+00
      80        0          0          .1565000E+00
      81        0          0          .7850000E-01
      82        0         83          .0000000E+00
      83        0         82          .0000000E+00
      84        0          0          .0000000E+00
      85        0          0          .0000000E+00
      86        0          0          .0000000E+00
      87        0          0          .0000000E+00
      88        0          0          .0000000E+00
      89        0          0          .0000000E+00
      90        0          0          .0000000E+00
      91        0          0          .0000000E+00
      92        0          0          .0000000E+00
      93        0          0          .0000000E+00
      94        0          0          .0000000E+00
      95        0          0          .0000000E+00
      96        0          0          .0000000E+00
      97        0          0          .0000000E+00
      98        0          0          .0000000E+00
      99        0          0          .0000000E+00
     100        0          0          .0000000E+00
     101        0          0          .0000000E+00
     102        0          0          .0000000E+00
     103        0          0          .0000000E+00
     104        0          0          .0000000E+00
     105        0          0          .0000000E+00
     106        0          0          .0000000E+00
     107        0          0          .0000000E+00
     108        0          0          .0000000E+00
     109        0          0          .0000000E+00
     110        0          0          .0000000E+00
     111        0          0          .0000000E+00
     112        0          0          .0000000E+00
     113        0          0          .0000000E+00
     114        0          0          .0000000E+00
     115        0          0          .0000000E+00
     116        0          0          .0000000E+00
     117        0          0          .0000000E+00
     118        0          0          .0000000E+00
     119        0          0          .0000000E+00
     120        0          0          .0000000E+00
     121        0          0          .0000000E+00
     122        0          0          .0000000E+00
     123        0        124          .0000000E+00
     124        0        123          .0000000E+00
     125        0          0          .0000000E+00
     126        0          0          .0000000E+00
     127        0          0          .0000000E+00
     128        0          0          .0000000E+00
     129        0          0          .0000000E+00
     130        0          0          .0000000E+00
     131        0          0          .0000000E+00
     132        0          0          .0000000E+00
     133        0          0          .0000000E+00
     134        0          0          .0000000E+00
     135        0          0          .0000000E+00
     136        0          0          .0000000E+00
     137        0          0          .0000000E+00
     138        0          0          .0000000E+00
     139        0          0          .0000000E+00
     140        0          0          .0000000E+00
     141        0          0          .0000000E+00
     142        0          0          .0000000E+00
     143        0          0          .0000000E+00
     144        0          0          .0000000E+00
     145        0          0          .0000000E+00
     146        0          0          .0000000E+00
     147        0          0          .0000000E+00
     148        0          0          .0000000E+00
     149        0          0          .0000000E+00
     150        0          0          .0000000E+00
     151        0          0          .0000000E+00
     152        0          0          .0000000E+00
     153        0          0          .0000000E+00
     154        0          0          .0000000E+00
     155        0          0          .0000000E+00
     156        0          0          .0000000E+00
     157        0          0          .0000000E+00
     158        0          0          .0000000E+00
     159        0          0          .0000000E+00
     160        0          0          .0000000E+00
     161        0          0          .0000000E+00
     162        0          0          .0000000E+00
     163        0          0          .0000000E+00
     164        0          1          .0000000E+00


  INCIDENCIA DOS NOS GEOMETRICOS

       INDICE     PRIM. NÓ      SEG. NÓ
       1          1       2
       2          2       3
       3          3       4
       4          4       5
       5          5       6
       6          6       7
       7          7       8
       8          8       9
       9          9      10
      10         10      11
      11         11      12
      12         12      13
      13         13      14
      14         14      15
      15         15      16
      16         16      17
      17         17      18
      18         18      19
      19         19      20
      20         20      21
      21         21      22
      22         22      23
      23         23      24
      24         24      25
      25         25      26
      26         26      27
      27         27      28
      28         28      29
      29         29      30
      30         30      31
      31         31      32
      32         32      33
      33         33      34
      34         34      35
      35         35      36
      36         36      37
      37         37      38
      38         38      39
      39         39      40
      40         40      41
      41         42      43
      42         43      44
      43         44      45
      44         45      46
      45         46      47
      46         47      48
      47         48      49
      48         49      50
      49         50      51
      50         51      52
      51         52      53
      52         53      54
      53         54      55
      54         55      56
      55         56      57
      56         57      58
      57         58      59
      58         59      60
      59         60      61
      60         61      62
      61         62      63
      62         63      64
      63         64      65
      64         65      66
      65         66      67
      66         67      68
      67         68      69
      68         69      70
      69         70      71
      70         71      72
      71         72      73
      72         73      74
      73         74      75
      74         75      76
      75         76      77
      76         77      78
      77         78      79
      78         79      80
      79         80      81
      80         81      82
      81         83      84
      82         84      85
      83         85      86
      84         86      87
      85         87      88
      86         88      89
      87         89      90
      88         90      91
      89         91      92
      90         92      93
      91         93      94
      92         94      95
      93         95      96
      94         96      97
      95         97      98
      96         98      99
      97         99     100
      98        100     101
      99        101     102
     100        102     103
     101        103     104
     102        104     105
     103        105     106
     104        106     107
     105        107     108
     106        108     109
     107        109     110
     108        110     111
     109        111     112
     110        112     113
     111        113     114
     112        114     115
     113        115     116
     114        116     117
     115        117     118
     116        118     119
     117        119     120
     118        120     121
     119        121     122
     120        122     123
     121        124     125
     122        125     126
     123        126     127
     124        127     128
     125        128     129
     126        129     130
     127        130     131
     128        131     132
     129        132     133
     130        133     134
     131        134     135
     132        135     136
     133        136     137
     134        137     138
     135        138     139
     136        139     140
     137        140     141
     138        141     142
     139        142     143
     140        143     144
     141        144     145
     142        145     146
     143        146     147
     144        147     148
     145        148     149
     146        149     150
     147        150     151
     148        151     152
     149        152     153
     150        153     154
     151        154     155
     152        155     156
     153        156     157
     154        157     158
     155        158     159
     156        159     160
     157        160     161
     158        161     162
     159        162     163
     160        163     164
 NOVAS COORDENADAS DOS NOS DUPLOS
      .0005      .0000
      .0250      .0000
      .0500      .0000
      .0750      .0000
      .1000      .0000
      .1250      .0000
      .1500      .0000
      .1750      .0000
      .2000      .0000
      .2250      .0000
      .2500      .0000
      .2750      .0000
      .3000      .0000
      .3250      .0000
      .3500      .0000
      .3750      .0000
      .4000      .0000
      .4250      .0000
      .4500      .0000
      .4750      .0000
      .5000      .0000
      .5250      .0000
      .5500      .0000
      .5750      .0000
      .6000      .0000
      .6250      .0000
      .6500      .0000
      .6750      .0000
      .7000      .0000
      .7250      .0000
      .7500      .0000
      .7750      .0000
      .8000      .0000
      .8250      .0000
      .8500      .0000
      .8750      .0000
      .9000      .0000
      .9250      .0000
      .9500      .0000
      .9750      .0000
      .9995      .0000
     1.0000      .0005
     1.0000      .0250
     1.0000      .0500
     1.0000      .0750
     1.0000      .1000
     1.0000      .1250
     1.0000      .1500
     1.0000      .1750
     1.0000      .2000
     1.0000      .2250
     1.0000      .2500
     1.0000      .2750
     1.0000      .3000
     1.0000      .3250
     1.0000      .3500
     1.0000      .3750
     1.0000      .4000
     1.0000      .4250
     1.0000      .4500
     1.0000      .4750
     1.0000      .5000
     1.0000      .5250
     1.0000      .5500
     1.0000      .5750
     1.0000      .6000
     1.0000      .6250
     1.0000      .6500
     1.0000      .6750
     1.0000      .7000
     1.0000      .7250
     1.0000      .7500
     1.0000      .7750
     1.0000      .8000
     1.0000      .8250
     1.0000      .8500
     1.0000      .8750
     1.0000      .9000
     1.0000      .9250
     1.0000      .9500
     1.0000      .9750
     1.0000      .9995
      .9995     1.0000
      .9750     1.0000
      .9500     1.0000
      .9250     1.0000
      .9000     1.0000
      .8750     1.0000
      .8500     1.0000
      .8250     1.0000
      .8000     1.0000
      .7750     1.0000
      .7500     1.0000
      .7250     1.0000
      .7000     1.0000
      .6750     1.0000
      .6500     1.0000
      .6250     1.0000
      .6000     1.0000
      .5750     1.0000
      .5500     1.0000
      .5250     1.0000
      .5000     1.0000
      .4750     1.0000
      .4500     1.0000
      .4250     1.0000
      .4000     1.0000
      .3750     1.0000
      .3500     1.0000
      .3250     1.0000
      .3000     1.0000
      .2750     1.0000
      .2500     1.0000
      .2250     1.0000
      .2000     1.0000
      .1750     1.0000
      .1500     1.0000
      .1250     1.0000
      .1000     1.0000
      .0750     1.0000
      .0500     1.0000
      .0250     1.0000
      .0005     1.0000
      .0000      .9995
      .0000      .9750
      .0000      .9500
      .0000      .9250
      .0000      .9000
      .0000      .8750
      .0000      .8500
      .0000      .8250
      .0000      .8000
      .0000      .7750
      .0000      .7500
      .0000      .7250
      .0000      .7000
      .0000      .6750
      .0000      .6500
      .0000      .6250
      .0000      .6000
      .0000      .5750
      .0000      .5500
      .0000      .5250
      .0000      .5000
      .0000      .4750
      .0000      .4500
      .0000      .4250
      .0000      .4000
      .0000      .3750
      .0000      .3500
      .0000      .3250
      .0000      .3000
      .0000      .2750
      .0000      .2500
      .0000      .2250
      .0000      .2000
      .0000      .1750
      .0000      .1500
      .0000      .1250
      .0000      .1000
      .0000      .0750
      .0000      .0500
      .0000      .0250
      .0000      .0005
   
 VALORES DE DFI  ************************************
      1   .0803
      2   .0815
      3   .0828
      4   .0841
      5   .0855
      6   .0868
      7   .0882
      8   .0896
      9   .0911
     10   .0925
     11   .0940
     12   .0955
     13   .0970
     14   .0985
     15   .1000
     16   .1015
     17   .1030
     18   .1044
     19   .1058
     20   .1072
     21   .1085
     22   .1098
     23   .1109
     24   .1119
     25   .1127
     26   .1134
     27   .1138
     28   .1139
     29   .1137
     30   .1131
     31   .1119
     32   .1101
     33   .1075
     34   .1039
     35   .0992
     36   .0929
     37   .0846
     38   .0737
     39   .0590
     40   .0380
     41   .0017
     42   .0000
     43  -.0393
     44  -.0782
     45  -.1167
     46  -.1545
     47  -.1914
     48  -.2270
     49  -.2613
     50  -.2939
     51  -.3247
     52  -.3536
     53  -.3802
     54  -.4045
     55  -.4263
     56  -.4455
     57  -.4620
     58  -.4755
     59  -.4862
     60  -.4939
     61  -.4985
     62  -.5000
     63  -.4985
     64  -.4939
     65  -.4862
     66  -.4756
     67  -.4620
     68  -.4455
     69  -.4264
     70  -.4046
     71  -.3802
     72  -.3536
     73  -.3248
     74  -.2939
     75  -.2613
     76  -.2271
     77  -.1914
     78  -.1546
     79  -.1168
     80  -.0783
     81  -.0393
     82   .0000
     83   .0017
     84   .0380
     85   .0590
     86   .0737
     87   .0847
     88   .0929
     89   .0992
     90   .1040
     91   .1075
     92   .1101
     93   .1119
     94   .1131
     95   .1137
     96   .1139
     97   .1138
     98   .1134
     99   .1127
    100   .1119
    101   .1109
    102   .1098
    103   .1085
    104   .1072
    105   .1058
    106   .1044
    107   .1030
    108   .1015
    109   .1000
    110   .0985
    111   .0970
    112   .0955
    113   .0940
    114   .0925
    115   .0911
    116   .0896
    117   .0882
    118   .0868
    119   .0855
    120   .0841
    121   .0828
    122   .0815
    123   .0803
    124   .0803
    125   .0816
    126   .0830
    127   .0843
    128   .0856
    129   .0869
    130   .0881
    131   .0892
    132   .0903
    133   .0913
    134   .0922
    135   .0931
    136   .0939
    137   .0946
    138   .0952
    139   .0957
    140   .0961
    141   .0965
    142   .0967
    143   .0969
    144   .0969
    145   .0969
    146   .0967
    147   .0965
    148   .0961
    149   .0957
    150   .0952
    151   .0946
    152   .0939
    153   .0931
    154   .0922
    155   .0913
    156   .0903
    157   .0892
    158   .0881
    159   .0869
    160   .0856
    161   .0843
    162   .0830
    163   .0816
    164   .0803
    165   .0849
    166   .0899
    167   .0953
    168   .1010
    169   .1071
    170   .1133
    171   .1193
    172   .1245
    173   .1279
    174   .1271
    175   .1179
    176   .0903
    177   .0896
    178   .0956
    179   .1023
    180   .1098
    181   .1181
    182   .1272
    183   .1372
    184   .1479
    185   .1590
    186   .1697
    187   .1788
    188   .1864
    189   .0938
    190   .1007
    191   .1086
    192   .1177
    193   .1282
    194   .1403
    195   .1544
    196   .1709
    197   .1904
    198   .2137
    199   .2424
    200   .2800
    201   .0971
    202   .1048
    203   .1138
    204   .1243
    205   .1366
    206   .1514
    207   .1692
    208   .1910
    209   .2181
    210   .2527
    211   .2977
    212   .3582
    213   .0994
    214   .1077
    215   .1174
    216   .1289
    217   .1427
    218   .1594
    219   .1800
    220   .2058
    221   .2387
    222   .2814
    223   .3380
    224   .4140
    225   .1006
    226   .1092
    227   .1193
    228   .1314
    229   .1459
    230   .1637
    231   .1857
    232   .2137
    233   .2496
    234   .2966
    235   .3591
    236   .4431
    237   .1006
    238   .1092
    239   .1193
    240   .1314
    241   .1459
    242   .1637
    243   .1857
    244   .2137
    245   .2496
    246   .2966
    247   .3591
    248   .4431
    249   .0994
    250   .1077
    251   .1174
    252   .1289
    253   .1427
    254   .1594
    255   .1800
    256   .2058
    257   .2387
    258   .2814
    259   .3380
    260   .4141
    261   .0971
    262   .1048
    263   .1138
    264   .1243
    265   .1366
    266   .1514
    267   .1692
    268   .1910
    269   .2181
    270   .2527
    271   .2977
    272   .3582
    273   .0938
    274   .1007
    275   .1086
    276   .1177
    277   .1282
    278   .1403
    279   .1544
    280   .1709
    281   .1904
    282   .2137
    283   .2424
    284   .2800
    285   .0896
    286   .0956
    287   .1023
    288   .1098
    289   .1181
    290   .1272
    291   .1372
    292   .1479
    293   .1590
    294   .1697
    295   .1788
    296   .1864
    297   .0849
    298   .0899
    299   .0953
    300   .1010
    301   .1071
    302   .1133
    303   .1193
    304   .1245
    305   .1279
    306   .1271
    307   .1179
    308   .0903
 VALORES DE AUTOV DE ENTRADA ************************
   
 VALORES DE WR_POS ORIGINAIS ************************
      1   3.45854
      2   3.45688
      3   3.45688
      4   3.42694
      5   3.42694
      6   3.36670
      7   3.36670
      8   3.20313
      9   3.20313
     10   3.05567
     11   3.05567
     12   2.93621
     13   2.93621
     14   2.77721
     15   2.77721
     16   2.36161
     17   2.36161
     18   2.10381
     19   2.10381
     20   1.83575
     21   1.83575
     22   2.25431
     23   2.25431
     24   1.40266
     25   1.40266
     26    .98322
     27    .98322
     28    .68948
     29    .68948
     30    .37032
     31    .37032
     32    .11161
     33    .11161
     34    .00000
     35    .00000
     36    .00000
     37    .00000
     38    .00000
     39    .00000
     40    .00000
     41    .00000
     42    .00000
     43    .00000
     44    .00000
     45    .00000
     46    .00000
     47    .00000
     48    .00000
     49    .00000
     50    .00000
     51    .00000
     52    .00000
     53    .00000
     54    .00000
     55    .00000
     56    .00000
     57    .00000
     58    .00000
     59    .00000
     60    .00000
     61    .00000
     62    .00000
     63    .00000
     64    .00000
     65    .00000
     66    .00000
     67    .00000
     68    .00000
     69    .00000
     70    .00000
     71    .00000
     72    .00000
     73    .00000
     74    .00000
     75    .00000
     76    .00000
     77    .00000
     78    .00000
     79    .00000
     80    .00000
     81    .00000
     82    .00000
     83    .00000
     84    .00000
     85    .00000
     86    .00000
     87    .00000
     88    .00000
     89    .00000
     90    .00000
     91    .00000
     92    .00000
     93    .00000
     94    .00000
     95    .00000
     96    .00000
     97    .00000
     98    .00000
     99    .00000
    100    .00000
    101    .00000
    102    .00000
    103    .00000
    104    .00000
    105    .00000
    106    .00000
    107    .00000
    108    .00000
    109    .00000
    110    .00000
    111    .00000
    112    .00000
    113    .00000
    114    .00000
    115    .00000
    116    .00000
    117    .00000
    118    .00000
    119    .00000
    120    .00000
    121    .00000
    122    .00000
    123    .00000
    124    .00000
    125    .00000
    126    .00000
    127    .00000
    128    .00000
    129    .00000
    130    .00000
    131    .00000
    132    .00000
    133    .00000
    134    .00000
    135    .00000
    136    .00000
    137    .00000
    138    .00000
    139    .00000
    140    .00000
    141    .00000
    142    .00000
    143    .00000
    144    .00000
    145    .00000
    146    .00000
    147    .00000
    148    .00000
    149    .00000
    150    .00000
    151    .00000
    152    .00000
    153    .00000
    154    .00000
    155    .00000
    156    .00000
    157    .00000
    158    .00000
    159    .00000
    160    .00000
    161    .00000
    162    .00000
    163    .00000
    164    .00000
    165    .00000
    166    .00000
    167    .00000
    168    .00000
    169    .00000
    170    .00000
    171    .00000
    172    .00000
    173    .00000
    174    .00000
    175    .00000
    176    .00000
    177    .00000
    178    .00000
    179    .00000
    180    .00000
    181    .00000
    182    .00000
    183    .00000
    184    .00000
    185    .00000
    186    .00000
    187    .00000
    188    .00000
    189    .00000
    190    .00000
    191    .00000
    192    .00000
    193    .00000
    194    .00000
    195    .00000
    196    .00000
    197    .00000
    198    .00000
    199    .00000
    200    .00000
    201    .00000
    202    .00000
    203    .00000
    204    .00000
    205    .00000
    206    .00000
    207    .00000
    208    .00000
    209    .00000
    210    .00000
    211    .00000
    212    .00000
    213    .00000
    214    .00000
    215    .00000
    216    .00000
    217    .00000
    218    .00000
    219    .00000
    220    .00000
    221    .00000
    222    .00000
    223    .00000
    224    .00000
    225    .00000
    226    .00000
    227    .00000
    228    .00000
    229    .00000
    230    .00000
    231    .00000
    232    .00000
    233    .00000
    234    .00000
    235    .00000
    236    .00000
    237    .00000
    238    .00000
    239    .00000
    240    .00000
    241    .00000
    242    .00000
    243    .00000
    244    .00000
    245    .00000
    246    .00000
    247    .00000
    248    .00000
    249    .00000
    250    .00000
    251    .00000
    252    .00000
    253    .00000
    254    .00000
    255    .00000
    256    .00000
    257    .00000
    258    .00000
    259    .00000
    260    .00000
    261    .00000
    262    .00000
    263    .00000
    264    .00000
    265    .00000
    266    .00000
    267    .00000
    268    .00000
    269    .00000
    270    .00000
    271    .00000
    272    .00000
    273    .00000
    274    .00000
    275    .00000
    276    .00000
    277    .00000
    278    .00000
    279    .00000
    280    .00000
    281    .00000
    282    .00000
    283    .00000
    284    .00000
    285    .00000
    286    .00000
    287    .00000
    288    .00000
    289    .00000
    290    .00000
    291    .00000
    292    .00000
    293    .00000
    294    .00000
    295    .00000
    296    .00000
    297    .00000
    298    .00000
    299    .00000
    300    .00000
    301    .00000
    302    .00000
    303    .00000
    304    .00000
    305    .00000
    306    .00000
    307    .00000
    308    .00000
    309    .00000
    310    .00000
    311    .00000
    312    .00000
    313    .00000
    314    .00000
    315    .00000
    316    .00000
    317    .00000
    318    .00000
    319    .00000
    320    .00000
    321    .00000
    322    .00000
    323    .00000
    324    .00000
    325    .00000
    326    .00000
    327    .00000
    328    .00000
    329    .00000
    330    .00000
    331    .00000
    332    .00000
    333    .00000
    334    .00000
    335    .00000
    336    .00000
    337    .00000
    338    .00000
    339    .00000
    340    .00000
    341    .00000
    342    .00000
    343    .00000
    344    .00000
    345    .00000
    346    .00000
    347    .00000
    348    .00000
    349    .00000
    350    .00000
    351    .00000
    352    .00000
    353    .00000
    354    .00000
    355    .00000
    356    .00000
    357    .00000
    358    .00000
    359    .00000
    360    .00000
    361    .00000
    362    .00000
    363    .00000
    364    .00000
    365    .00000
    366    .00000
    367    .00000
    368    .00000
    369    .00000
    370    .00000
    371    .00000
    372    .00000
    373    .00000
    374    .00000
    375    .00000
    376    .00000
    377    .00000
    378    .00000
    379    .00000
    380    .00000
    381    .00000
    382    .00000
    383    .00000
    384    .00000
    385    .00000
    386    .00000
    387    .00000
    388    .00000
    389    .00000
    390    .00000
    391    .00000
    392    .00000
    393    .00000
    394    .00000
    395    .00000
    396    .00000
    397    .00000
    398    .00000
    399    .00000
    400    .00000
    401    .00000
    402    .00000
    403    .00000
    404    .00000
    405    .00000
    406    .00000
    407    .00000
    408    .00000
    409    .00000
    410    .00000
    411    .00000
    412    .00000
    413    .00000
    414    .00000
    415    .00000
    416    .00000
    417    .00000
    418    .00000
    419    .00000
    420    .00000
    421    .00000
    422    .00000
    423    .00000
    424    .00000
    425    .00000
    426    .00000
    427    .00000
    428    .00000
    429    .00000
    430    .00000
    431    .00000
    432    .00000
    433    .00000
    434    .00000
    435    .00000
    436    .00000
    437    .00000
    438    .00000
    439    .00000
    440    .00000
    441    .00000
    442    .00000
    443    .00000
    444    .00000
    445    .00000
    446    .00000
    447    .00000
    448    .00000
    449    .00000
    450    .00000
    451    .00000
    452    .00000
    453    .00000
    454    .00000
    455    .00000
    456    .00000
    457    .00000
    458    .00000
    459    .00000
    460    .00000
    461    .00000
    462    .00000
    463    .00000
    464    .00000
    465    .00000
    466    .00000
    467    .00000
    468    .00000
    469    .00000
    470    .00000
    471    .00000
    472    .00000
    473    .00000
    474    .00000
    475    .00000
    476    .00000
    477    .00000
    478    .00000
    479    .00000
    480    .00000
    481    .00000
    482    .00000
    483    .00000
    484    .00000
    485    .00000
    486    .00000
    487    .00000
    488    .00000
    489    .00000
    490    .00000
    491    .00000
    492    .00000
    493    .00000
    494    .00000
    495    .00000
    496    .00000
    497    .00000
    498    .00000
    499    .00000
    500    .00000
    501    .00000
    502    .00000
    503    .00000
    504    .00000
    505    .00000
    506    .00000
    507    .00000
    508    .00000
    509    .00000
    510    .00000
    511    .00000
    512    .00000
    513    .00000
    514    .00000
    515    .00000
    516    .00000
    517    .00000
    518    .00000
    519    .00000
    520    .00000
    521    .00000
    522    .00000
    523    .00000
    524    .00000
    525    .00000
    526    .00000
    527    .00000
    528    .00000
    529    .00000
    530    .00000
    531    .00000
    532    .00000
    533    .00000
    534    .00000
    535    .00000
    536    .00000
    537    .00000
    538    .00000
    539    .00000
    540    .00000
    541    .00000
    542    .00000
    543    .00000
    544    .00000
    545    .00000
    546    .00000
    547    .00000
    548    .00000
    549    .00000
    550    .00000
    551    .00000
    552    .00000
    553    .00000
    554    .00000
    555    .00000
    556    .00000
    557    .00000
    558    .00000
    559    .00000
    560    .00000
    561    .00000
    562    .00000
    563    .00000
    564    .00000
    565    .00000
    566    .00000
    567    .00000
    568    .00000
    569    .00000
    570    .00000
    571    .00000
    572    .00000
    573    .00000
    574    .00000
    575    .00000
    576    .00000
   
 VALORES DE WRA  ************************************
 WRA ORIGINAL POSSUIA         576 NUM., REDUZIDO PARA         277 NUM.
      1    .53772
      2   1.36371
      3    .85632
      4   1.08064
      5    .96197
      6   1.01958
      7    .99035
      8   1.00486
      9    .99758
     10   1.00121
     11    .99939
     12   1.00030
     13    .99985
     14   1.00008
     15    .99996
     16   1.00002
     17    .99999
     18   1.00000
     19   1.00000
     20   1.00000
     21   1.00000
     22   1.00000
     23   1.00000
     24   1.00000
     25   1.00000
     26   1.00000
     27   1.00000
     28   1.00000
     29   1.00000
     30   1.00000
     31   1.00000
     32   1.00000
     33   1.00000
     34   1.00000
     35   1.00000
     36   1.00000
     37   1.00000
     38   1.00000
     39   1.00000
     40   1.00000
     41   1.00000
     42   1.00000
     43   1.00000
     44   1.00000
     45   1.00000
     46   1.00000
     47   1.00000
     48   1.00000
     49   1.00000
     50   1.00000
     51   1.00000
     52   1.00000
     53   1.00000
     54   1.00000
     55   1.00000
     56   1.00000
     57   1.00000
     58   1.00000
     59   1.00000
     60   1.00000
     61   1.00000
     62   1.00000
     63   1.00000
     64   1.00000
     65   1.00000
     66   1.00000
     67   1.00000
     68   1.00000
     69   1.00000
     70   1.00000
     71   1.00000
     72   1.00000
     73   1.00000
     74   1.00000
     75   1.00000
     76   1.00000
     77   1.00000
     78   1.00000
     79   1.00000
     80   1.00000
     81   1.00000
     82   1.00000
     83   1.00000
     84   1.00000
     85   1.00000
     86   1.00000
     87   1.00000
     88   1.00000
     89   1.00000
     90   1.00000
     91   1.00000
     92   1.00000
     93   1.00000
     94   1.00000
     95   1.00000
     96   1.00000
     97   1.00000
     98   1.00000
     99   1.00000
    100   1.00000
    101   1.00000
    102   1.00000
    103   1.00000
    104   1.00000
    105   1.00000
    106   1.00000
    107   1.00000
    108   1.00000
    109   1.00000
    110   1.00000
    111   1.00000
    112   1.00000
    113   1.00000
    114   1.00000
    115   1.00000
    116   1.00000
    117   1.00000
    118   1.00000
    119   1.00000
    120   1.00000
    121   1.00000
    122   1.00000
    123   1.00000
    124   1.00000
    125   1.00000
    126   1.00000
    127   1.00000
    128   1.00000
    129   1.00000
    130   1.00000
    131   1.00000
    132   1.00000
    133   1.00000
    134   1.00000
    135   1.00000
    136   1.00000
    137   1.00000
    138   1.00000
    139   1.00000
    140   1.00000
    141   1.00000
    142   1.00000
    143   1.00000
    144   1.00000
    145   1.00000
    146   1.00000
    147   1.00000
    148   1.00000
    149   1.00000
    150   1.00000
    151   1.00000
    152   1.00000
    153   1.00000
    154   1.00000
    155   1.00000
    156   1.00000
    157   1.00000
    158   1.00000
    159   1.00000
    160   1.00000
    161   1.00000
    162   1.00000
    163   1.00000
    164   1.00000
    165   1.00000
    166   1.00000
    167   1.00000
    168   1.00000
    169   1.00000
    170   1.00000
    171   1.00000
    172   1.00000
    173   1.00000
    174   1.00000
    175   1.00000
    176   1.00000
    177   1.00000
    178   1.00000
    179   1.00000
    180   1.00000
    181   1.00000
    182   1.00000
    183   1.00000
    184   1.00000
    185   1.00000
    186   1.00000
    187   1.00000
    188   1.00000
    189   1.00000
    190   1.00000
    191   1.00000
    192   1.00000
    193   1.00000
    194   1.00000
    195   1.00000
    196   1.00000
    197   1.00000
    198   1.00000
    199   1.00000
    200   1.00000
    201   1.00000
    202   1.00000
    203   1.00000
    204   1.00000
    205   1.00000
    206   1.00000
    207   1.00000
    208   1.00000
    209   1.00000
    210   1.00000
    211   1.00000
    212   1.00000
    213   1.00000
    214   1.00000
    215   1.00000
    216   1.00000
    217   1.00000
    218   1.00000
    219   1.00000
    220   1.00000
    221   1.00000
    222   1.00000
    223   1.00000
    224   1.00000
    225   1.00000
    226   1.00000
    227   1.00000
    228   1.00000
    229   1.00000
    230   1.00000
    231   1.00000
    232   1.00000
    233   1.00000
    234   1.00000
    235   1.00000
    236   1.00000
    237   1.00000
    238   1.00000
    239   1.00000
    240   1.00000
    241   1.00000
    242   1.00000
    243   1.00000
    244   1.00000
    245   1.00000
    246   1.00000
    247   1.00000
    248   1.00000
    249   1.00000
    250   1.00000
    251   1.00000
    252   1.00000
    253   1.00000
    254   1.00000
    255   1.00000
    256   1.00000
    257   1.00000
    258   1.00000
    259   1.00000
    260   1.00000
    261   1.00000
    262   1.00000
    263   1.00000
    264   1.00000
    265   1.00000
    266   1.00000
    267   1.00000
    268   1.00000
    269   1.00000
    270   1.00000
    271   1.00000
    272   1.00000
    273   1.00000
    274   1.00000
    275   1.00000
    276   1.00000
    277   1.00000



           - AUTOVALORES - 
          REAL     IMAGINARIO
           1        3.458541038738633   0.000000000000000E+000
           2        3.456884489243884  -1.510786728549484E-001
           3        3.456884489243884   1.510786728549484E-001
           4        3.426935581576770  -4.540368190775503E-001
           5        3.426935581576770   4.540368190775503E-001
           6        3.366700774571481  -7.534745354641325E-001
           7        3.366700774571481   7.534745354641325E-001
           8        3.203128497433129       -1.227920295859275
           9        3.203128497433129        1.227920295859275
          10        3.055672542704691       -1.540030970294614
          11        3.055672542704691        1.540030970294614
          12        2.936205480077747       -1.729440354021387
          13        2.936205480077747        1.729440354021387
          14        2.777213429237521       -1.905030932850849
          15        2.777213429237521        1.905030932850849
          16        2.361614578388385       -2.293483041964815
          17        2.361614578388385        2.293483041964815
          18        2.103811632165217       -2.470813590551126
          19        2.103811632165217        2.470813590551126
          20        1.835749854263409       -2.621259592391290
          21        1.835749854263409        2.621259592391290
          22        2.254308654792794       -2.226759246837100
          23        2.254308654792794        2.226759246837100
          24        1.402662986873813       -2.793279503846688
          25        1.402662986873813        2.793279503846688
          26   9.832245998445622E-001       -2.868396111605320
          27   9.832245998445622E-001        2.868396111605320
          28   6.894758277332298E-001       -2.890536361694446
          29   6.894758277332298E-001        2.890536361694446
          30   3.703167637369801E-001       -2.871991056037265
          31   3.703167637369801E-001        2.871991056037265
          32   1.116097680207560E-001       -2.836709979359482
          33   1.116097680207560E-001        2.836709979359482
          34       -2.206409130057277       -1.943230938908892
          35       -2.206409130057277        1.943230938908892
          36  -2.221436639412935E-001       -2.750999800941485
          37  -2.221436639412935E-001        2.750999800941485
          38  -4.638172775598928E-001       -2.644591853514507
          39  -4.638172775598928E-001        2.644591853514507
          40  -8.096142733127818E-001       -2.440769587340305
          41  -8.096142733127818E-001        2.440769587340305
          42       -1.131496481911129       -2.171090473017903
          43       -1.131496481911129        2.171090473017903
          44       -1.317995005050253       -1.962165591085477
          45       -1.317995005050253        1.962165591085477
          46       -1.490390018307731       -1.710426238199855
          47       -1.490390018307731        1.710426238199855
          48   1.354078988009190E-001       -2.011971523521248
          49   1.354078988009190E-001        2.011971523521248
          50       -1.604068312581508       -1.518124613748853
          51       -1.604068312581508        1.518124613748853
          52       -1.714446801065681       -1.266980244621081
          53       -1.714446801065681        1.266980244621081
          54       -1.792177761263275       -1.012382604314544
          55       -1.792177761263275        1.012382604314544
          56       -1.853111147196795  -6.365177058263237E-001
          57       -1.853111147196795   6.365177058263237E-001
          58       -1.844380386464705  -2.438408520045545E-001
          59       -1.844380386464705   2.438408520045545E-001
          60       -1.383863990714041       -1.104278788695388
          61       -1.383863990714041        1.104278788695388
          62       -1.501532788195578  -9.334786606199736E-001
          63       -1.501532788195578   9.334786606199736E-001
          64       -1.584212573542682  -7.930691045577839E-001
          65       -1.584212573542682   7.930691045577839E-001
          66       -1.806342293149033  -6.480661905123719E-003
          67       -1.806342293149033   6.480661905123719E-003
          68       -1.708079925636673  -4.724837755369128E-001
          69       -1.708079925636673   4.724837755369128E-001
          70       -1.742562310293576  -3.157356356735721E-001
          71       -1.742562310293576   3.157356356735721E-001
          72       -1.758548825385884  -1.462263834918318E-001
          73       -1.758548825385884   1.462263834918318E-001
          74       -1.755549795843701  -1.738179391898123E-002
          75       -1.755549795843701   1.738179391898123E-002
          76       -1.736976482107413  -2.614994167816924E-001
          77       -1.736976482107413   2.614994167816924E-001
          78       -1.736137807496585  -1.703862824003476E-001
          79       -1.736137807496585   1.703862824003476E-001
          80       -1.266677739050847       -1.207394843254820
          81       -1.266677739050847        1.207394843254820
          82       -1.690551017328407  -3.532120172532974E-001
          83       -1.690551017328407   3.532120172532974E-001
          84       -1.657321057989882  -4.631705804635297E-001
          85       -1.657321057989882   4.631705804635297E-001
          86       -1.635961722554555  -4.935829378790234E-001
          87       -1.635961722554555   4.935829378790234E-001
          88       -1.123554136820602       -1.322606684160342
          89       -1.123554136820602        1.322606684160342
          90  -9.742335346895963E-001       -1.419367995684962
          91  -9.742335346895963E-001        1.419367995684962
          92       -1.547429518444867  -6.702374090237412E-001
          93       -1.547429518444867   6.702374090237412E-001
          94  -8.089375479185345E-001       -1.500566035940884
          95  -8.089375479185345E-001        1.500566035940884
          96       -1.471485917787453  -7.668658127333741E-001
          97       -1.471485917787453   7.668658127333741E-001
          98       -1.417870978729326  -8.560838118206405E-001
          99       -1.417870978729326   8.560838118206405E-001
         100       -1.391675523426328  -8.588408904961989E-001
         101       -1.391675523426328   8.588408904961989E-001
         102  -4.634653407620606E-001       -1.601978506866605
         103  -4.634653407620606E-001        1.601978506866605
         104       -1.274318159016287       -1.015854511472261
         105       -1.274318159016287        1.015854511472261
         106  -2.869569639316880E-001       -1.622034584209740
         107  -2.869569639316880E-001        1.622034584209740
         108       -1.278922478754793  -9.635287417922508E-001
         109       -1.278922478754793   9.635287417922508E-001
         110  -1.012596145671233E-001       -1.620761179774050
         111  -1.012596145671233E-001        1.620761179774050
         112       -1.161028419374866       -1.048566518560986
         113       -1.161028419374866        1.048566518560986
         114   7.653436995014418E-002       -1.597541708388865
         115   7.653436995014418E-002        1.597541708388865
         116  -9.101723889061235E-001       -1.274936602397762
         117  -9.101723889061235E-001        1.274936602397762
         118   2.482575079025491E-001       -1.553770834711031
         119   2.482575079025491E-001        1.553770834711031
         120  -7.175038791583108E-001       -1.374247872836007
         121  -7.175038791583108E-001        1.374247872836007
         122  -4.508838348529393E-002       -1.556676164000868
         123  -4.508838348529393E-002        1.556676164000868
         124   1.018838544938883E-001       -1.553120314575693
         125   1.018838544938883E-001        1.553120314575693
         126   2.532972336408019E-001       -1.529688958643404
         127   2.532972336408019E-001        1.529688958643404
         128   4.179602875911339E-001       -1.489723167032849
         129   4.179602875911339E-001        1.489723167032849
         130   4.031911256302663E-001       -1.485862714315126
         131   4.031911256302663E-001        1.485862714315126
         132  -5.217766544799400E-001       -1.443705312980657
         133  -5.217766544799400E-001        1.443705312980657
         134  -3.310233445969019E-001       -1.495743040653542
         135  -3.310233445969019E-001        1.495743040653542
         136  -3.399508448315415E-001       -1.490411795166228
         137  -3.399508448315415E-001        1.490411795166228
         138  -1.256818405224093E-001       -1.509648975490586
         139  -1.256818405224093E-001        1.509648975490586
         140   5.338714233625170E-001       -1.430030485239558
         141   5.338714233625170E-001        1.430030485239558
         142   5.718063734639409E-001       -1.410657898785396
         143   5.718063734639409E-001        1.410657898785396
         144  -4.788154442686110E-001       -1.432986065342860
         145  -4.788154442686110E-001        1.432986065342860
         146   7.274139251891482E-002       -1.503231098582371
         147   7.274139251891482E-002        1.503231098582371
         148   2.575576273937737E-001       -1.477065296384289
         149   2.575576273937737E-001        1.477065296384289
         150   6.807981695603919E-001       -1.344651580965112
         151   6.807981695603919E-001        1.344651580965112
         152   6.338369984068649E-001       -1.343636610401518
         153   6.338369984068649E-001        1.343636610401518
         154   8.079488931010601E-001       -1.246045536879908
         155   8.079488931010601E-001        1.246045536879908
         156   7.993479315300811E-001       -1.244910529254719
         157   7.993479315300811E-001        1.244910529254719
         158   8.496816516858934E-001       -1.199604431310513
         159   8.496816516858934E-001        1.199604431310513
         160   9.409177916423794E-001       -1.135650440302088
         161   9.409177916423794E-001        1.135650440302088
         162        1.079966805243729  -9.951632443022053E-001
         163        1.079966805243729   9.951632443022053E-001
         164        1.443039424983178  -1.290563695933548E-002
         165        1.443039424983178   1.290563695933548E-002
         166        1.438697157504977  -1.668791948745469E-001
         167        1.438697157504977   1.668791948745469E-001
         168        1.427280671599717  -2.005312953406618E-001
         169        1.427280671599717   2.005312953406618E-001
         170        1.388806055961043  -3.710219994535602E-001
         171        1.388806055961043   3.710219994535602E-001
         172        1.349771372546902  -5.438278491809594E-001
         173        1.349771372546902   5.438278491809594E-001
         174        1.290071030900569  -6.830210976063452E-001
         175        1.290071030900569   6.830210976063452E-001
         176        1.194376383907317  -8.461818459215740E-001
         177        1.194376383907317   8.461818459215740E-001
         178   9.783861785873921E-001       -1.067410920727544
         179   9.783861785873921E-001        1.067410920727544
         180   9.688162374392876E-001       -1.068803263528625
         181   9.688162374392876E-001        1.068803263528625
         182   7.881054053858633E-001       -1.185267586873823
         183   7.881054053858633E-001        1.185267586873823
         184   6.112465507470153E-001       -1.283012725474490
         185   6.112465507470153E-001        1.283012725474490
         186   9.208896803359254E-001       -1.087093588175387
         187   9.208896803359254E-001        1.087093588175387
         188        1.329243266077878  -5.393048090644503E-001
         189        1.329243266077878   5.393048090644503E-001
         190        1.246558074681798  -7.042626115569879E-001
         191        1.246558074681798   7.042626115569879E-001
         192        1.168875368604354  -8.236119132220996E-001
         193        1.168875368604354   8.236119132220996E-001
         194        1.067703994627278  -9.320241175628413E-001
         195        1.067703994627278   9.320241175628413E-001
         196   4.609620432935100E-001       -1.343328908754279
         197   4.609620432935100E-001        1.343328908754279
         198        1.102205823060272  -8.703510590032093E-001
         199        1.102205823060272   8.703510590032093E-001
         200   2.981455233602385E-001       -1.388329113312751
         201   2.981455233602385E-001        1.388329113312751
         202        1.152655463831946  -7.881417957836160E-001
         203        1.152655463831946   7.881417957836160E-001
         204   1.266483685816230E-001       -1.414473847855263
         205   1.266483685816230E-001        1.414473847855263
         206        1.167321500926796  -7.234311099831132E-001
         207        1.167321500926796   7.234311099831132E-001
         208  -3.429399917899628E-002       -1.418485551552273
         209  -3.429399917899628E-002        1.418485551552273
         210  -6.051892824521563E-001       -1.357396287451150
         211  -6.051892824521563E-001        1.357396287451150
         212       -1.039688605949923       -1.116176330845400
         213       -1.039688605949923        1.116176330845400
         214  -3.707189204358313E-001       -1.368141780171829
         215  -3.707189204358313E-001        1.368141780171829
         216  -7.189409231682878E-001       -1.273256027962927
         217  -7.189409231682878E-001        1.273256027962927
         218  -9.033879451342768E-001       -1.168639255704498
         219  -9.033879451342768E-001        1.168639255704498
         220  -5.208941103578950E-001       -1.317133916420282
         221  -5.208941103578950E-001        1.317133916420282
         222  -8.416716600616864E-001       -1.171140216652414
         223  -8.416716600616864E-001        1.171140216652414
         224  -7.720937844313448E-001       -1.203996140579702
         225  -7.720937844313448E-001        1.203996140579702
         226  -7.148914623948102E-001       -1.223595362575826
         227  -7.148914623948102E-001        1.223595362575826
         228  -8.198115889869959E-001       -1.161658495225084
         229  -8.198115889869959E-001        1.161658495225084
         230       -1.419662952127201   0.000000000000000E+000
         231       -1.409976680689551  -1.663318358057204E-001
         232       -1.409976680689551   1.663318358057204E-001
         233       -1.379874265870039  -3.356101606715624E-001
         234       -1.379874265870039   3.356101606715624E-001
         235       -1.332486800066618  -4.934443371482046E-001
         236       -1.332486800066618   4.934443371482046E-001
         237  -9.626047058382993E-001       -1.053230948468434
         238  -9.626047058382993E-001        1.053230948468434
         239       -1.181407997170496  -7.929687068501811E-001
         240       -1.181407997170496   7.929687068501811E-001
         241       -1.077406935987518  -9.307615590862975E-001
         242       -1.077406935987518   9.307615590862975E-001
         243        1.192356246257897  -6.435999447613914E-001
         244        1.192356246257897   6.435999447613914E-001
         245        1.214840155887824  -5.669663977284076E-001
         246        1.214840155887824   5.669663977284076E-001
         247        1.241403355473595  -4.499385309312249E-001
         248        1.241403355473595   4.499385309312249E-001
         249        1.237991341709176  -4.372473668188426E-001
         250        1.237991341709176   4.372473668188426E-001
         251  -9.045684121269901E-001       -1.039981918343248
         252  -9.045684121269901E-001        1.039981918343248
         253        1.257703306788241  -2.999880542534604E-001
         254        1.257703306788241   2.999880542534604E-001
         255        1.251993547562482  -2.566803483373451E-001
         256        1.251993547562482   2.566803483373451E-001
         257  -4.884055470795938E-001       -1.219839068825206
         258  -4.884055470795938E-001        1.219839068825206
         259  -9.677529332405794E-001  -9.148707447498776E-001
         260  -9.677529332405794E-001   9.148707447498776E-001
         261        1.242566659987026  -9.676333304067304E-002
         262        1.242566659987026   9.676333304067304E-002
         263        1.232083898034319  -1.544014620048700E-002
         264        1.232083898034319   1.544014620048700E-002
         265        1.193834388113015  -1.567989340039235E-001
         266        1.193834388113015   1.567989340039235E-001
         267        1.193683601329994  -1.304977019068388E-001
         268        1.193683601329994   1.304977019068388E-001
         269  -3.806256054424835E-001       -1.207762067769006
         270  -3.806256054424835E-001        1.207762067769006
         271        1.133208985486904  -2.991770148352320E-001
         272        1.133208985486904   2.991770148352320E-001
         273        1.116692811347382  -3.284317118284429E-001
         274        1.116692811347382   3.284317118284429E-001
         275        1.067132431645452  -4.432417701987370E-001
         276        1.067132431645452   4.432417701987370E-001
         277        1.057651589181900  -4.259626305547742E-001
         278        1.057651589181900   4.259626305547742E-001
         279  -2.502394987657550E-001       -1.177591475064996
         280  -2.502394987657550E-001        1.177591475064996
         281   9.717480703331869E-001  -5.342783702534955E-001
         282   9.717480703331869E-001   5.342783702534955E-001
         283   9.261886390140919E-001  -5.828993648398906E-001
         284   9.261886390140919E-001   5.828993648398906E-001
         285       -1.042997498441382  -6.184125592942072E-001
         286       -1.042997498441382   6.184125592942072E-001
         287   8.496485525788894E-001  -6.482862974974338E-001
         288   8.496485525788894E-001   6.482862974974338E-001
         289   8.220662109991695E-001  -6.711642180133247E-001
         290   8.220662109991695E-001   6.711642180133247E-001
         291  -1.261974838157377E-001       -1.134262664378086
         292  -1.261974838157377E-001        1.134262664378086
         293   7.113567008119756E-001  -7.568703429600397E-001
         294   7.113567008119756E-001   7.568703429600397E-001
         295   7.400330463675984E-001  -7.225825530290706E-001
         296   7.400330463675984E-001   7.225825530290706E-001
         297   5.938776113079541E-001  -8.194792316616785E-001
         298   5.938776113079541E-001   8.194792316616785E-001
         299  -2.518545073912304E-003       -1.076569613964616
         300  -2.518545073912304E-003        1.076569613964616
         301       -1.049211646554777  -4.665485253717510E-001
         302       -1.049211646554777   4.665485253717510E-001
         303       -1.037415339706326  -3.242629550736533E-001
         304       -1.037415339706326   3.242629550736533E-001
         305   1.018167382242200E-001       -1.015129707495189
         306   1.018167382242200E-001        1.015129707495189
         307   4.165213649317248E-001  -8.859843896098990E-001
         308   4.165213649317248E-001   8.859843896098990E-001
         309   4.839608307140320E-001  -8.210678619072864E-001
         310   4.839608307140320E-001   8.210678619072864E-001
         311   2.052641988766169E-001  -9.424357758311155E-001
         312   2.052641988766169E-001   9.424357758311155E-001
         313   3.827394165662069E-001  -8.346077853044392E-001
         314   3.827394165662069E-001   8.346077853044392E-001
         315   2.193422240939504E-001  -9.103895989459327E-001
         316   2.193422240939504E-001   9.103895989459327E-001
         317       -1.003311973781804  -1.680802401591136E-001
         318       -1.003311973781804   1.680802401591136E-001
         319   3.849615894274315E-001  -7.767725947404222E-001
         320   3.849615894274315E-001   7.767725947404222E-001
         321   9.317553359699976E-002  -9.053009221352341E-001
         322   9.317553359699976E-002   9.053009221352341E-001
         323   2.573575485744776E-001  -8.310907588444766E-001
         324   2.573575485744776E-001   8.310907588444766E-001
         325   4.513889863089191E-001  -6.944128820668325E-001
         326   4.513889863089191E-001   6.944128820668325E-001
         327  -2.563331789723058E-002  -8.838742733419750E-001
         328  -2.563331789723058E-002   8.838742733419750E-001
         329   5.105862690284329E-001  -6.048570422578196E-001
         330   5.105862690284329E-001   6.048570422578196E-001
         331  -9.527188788490849E-001  -2.650410406264248E-002
         332  -9.527188788490849E-001   2.650410406264248E-002
         333   5.606530200127899E-001  -5.124342691665746E-001
         334   5.606530200127899E-001   5.124342691665746E-001
         335   1.476178174171045E-001  -8.069130191873860E-001
         336   1.476178174171045E-001   8.069130191873860E-001
         337   7.265922431179851E-001   0.000000000000000E+000
         338   5.912324699140590E-001  -4.233759113428794E-001
         339   5.912324699140590E-001   4.233759113428794E-001
         340   6.873850539017827E-001  -9.657664178387410E-002
         341   6.873850539017827E-001   9.657664178387410E-002
         342   6.925342085887489E-001  -2.383189319790873E-002
         343   6.925342085887489E-001   2.383189319790873E-002
         344   6.694965135788009E-001  -1.663145176016160E-001
         345   6.694965135788009E-001   1.663145176016160E-001
         346   6.160678293074942E-001  -3.335581563849749E-001
         347   6.160678293074942E-001   3.335581563849749E-001
         348   6.256224606692368E-001  -2.769196397534357E-001
         349   6.256224606692368E-001   2.769196397534357E-001
         350   6.320009986082087E-001  -2.437972916915686E-001
         351   6.320009986082087E-001   2.437972916915686E-001
         352   5.795509800517873E-001  -3.533255795022672E-001
         353   5.795509800517873E-001   3.533255795022672E-001
         354   6.340617814288432E-001  -7.891091371330064E-002
         355   6.340617814288432E-001   7.891091371330064E-002
         356   5.275984400581804E-001  -4.039636404279628E-001
         357   5.275984400581804E-001   4.039636404279628E-001
         358   5.161587149281701E-001  -4.208308657330591E-001
         359   5.161587149281701E-001   4.208308657330591E-001
         360   6.208245965390533E-001  -1.475212680064638E-003
         361   6.208245965390533E-001   1.475212680064638E-003
         362   5.998056149504532E-001  -6.979880705456547E-002
         363   5.998056149504532E-001   6.979880705456547E-002
         364   4.393647592269165E-001  -5.210366127594641E-001
         365   4.393647592269165E-001   5.210366127594641E-001
         366   5.728052551521667E-001  -1.381028134209505E-001
         367   5.728052551521667E-001   1.381028134209505E-001
         368   3.830972528161814E-001  -5.618168769662643E-001
         369   3.830972528161814E-001   5.618168769662643E-001
         370   5.437315791307682E-001  -1.946037185063158E-001
         371   5.437315791307682E-001   1.946037185063158E-001
         372   3.227438392508973E-001  -5.974844477942798E-001
         373   3.227438392508973E-001   5.974844477942798E-001
         374   5.045862061519684E-001  -2.541913694901907E-001
         375   5.045862061519684E-001   2.541913694901907E-001
         376   5.693090247873284E-002  -7.682973270652974E-001
         377   5.693090247873284E-002   7.682973270652974E-001
         378   4.625879696783993E-001  -3.035983590917890E-001
         379   4.625879696783993E-001   3.035983590917890E-001
         380  -2.038234891858244E-001  -7.989695558728084E-001
         381  -2.038234891858244E-001   7.989695558728084E-001
         382   2.269049264817601E-001  -6.403749702528616E-001
         383   2.269049264817601E-001   6.403749702528616E-001
         384   3.919596392918631E-001  -3.684670076626894E-001
         385   3.919596392918631E-001   3.684670076626894E-001
         386  -2.519983486449798E-001  -7.605424431394537E-001
         387  -2.519983486449798E-001   7.605424431394537E-001
         388   1.342297302597705E-001  -6.606561956171488E-001
         389   1.342297302597705E-001   6.606561956171488E-001
         390  -8.842655498529757E-001  -1.050725018692684E-001
         391  -8.842655498529757E-001   1.050725018692684E-001
         392  -1.601276809826024E-002  -7.207332616886981E-001
         393  -1.601276809826024E-002   7.207332616886981E-001
         394   7.776264482104778E-002  -6.667786179789256E-001
         395   7.776264482104778E-002   6.667786179789256E-001
         396   3.183648395925186E-001  -4.128839288982645E-001
         397   3.183648395925186E-001   4.128839288982645E-001
         398  -1.494038717889754E-001  -7.253522465955069E-001
         399  -1.494038717889754E-001   7.253522465955069E-001
         400  -3.404555869540941E-001  -7.120843663290607E-001
         401  -3.404555869540941E-001   7.120843663290607E-001
         402   2.695137729477343E-002  -6.650800425343676E-001
         403   2.695137729477343E-002   6.650800425343676E-001
         404   2.656988249580075E-001  -4.372397985994531E-001
         405   2.656988249580075E-001   4.372397985994531E-001
         406  -6.904090648956379E-002  -6.787534699794092E-001
         407  -6.904090648956379E-002   6.787534699794092E-001
         408  -5.619675806073388E-002  -6.698689267411599E-001
         409  -5.619675806073388E-002   6.698689267411599E-001
         410  -8.167048479469375E-001  -1.990140745379816E-001
         411  -8.167048479469375E-001   1.990140745379816E-001
         412   2.108064291650854E-001  -4.565837942720802E-001
         413   2.108064291650854E-001   4.565837942720802E-001
         414  -4.350091523809924E-001  -6.264595863803040E-001
         415  -4.350091523809924E-001   6.264595863803040E-001
         416   1.653219972521854E-001  -4.658788313298961E-001
         417   1.653219972521854E-001   4.658788313298961E-001
         418  -1.907453343392054E-001  -6.453143782695654E-001
         419  -1.907453343392054E-001   6.453143782695654E-001
         420   1.062209897781176E-001  -4.783477747522477E-001
         421   1.062209897781176E-001   4.783477747522477E-001
         422   2.692132149022251E-001   0.000000000000000E+000
         423   2.685893840147712E-001  -2.471242158587449E-002
         424   2.685893840147712E-001   2.471242158587449E-002
         425   2.662140522738943E-001  -5.026763912716913E-002
         426   2.662140522738943E-001   5.026763912716913E-002
         427   2.632551989592870E-001  -7.449232385384966E-002
         428   2.632551989592870E-001   7.449232385384966E-002
         429   2.557897694209153E-001  -1.188349558327112E-001
         430   2.557897694209153E-001   1.188349558327112E-001
         431   2.438906805267068E-001  -1.390256741637297E-001
         432   2.438906805267068E-001   1.390256741637297E-001
         433   2.311176051830488E-001  -1.585350774070743E-001
         434   2.311176051830488E-001   1.585350774070743E-001
         435   2.166768966696537E-001  -1.804381845658421E-001
         436   2.166768966696537E-001   1.804381845658421E-001
         437   5.321551174325659E-002  -4.823061564906584E-001
         438   5.321551174325659E-002   4.823061564906584E-001
         439   1.828987768382415E-001  -2.140387098884848E-001
         440   1.828987768382415E-001   2.140387098884848E-001
         441   1.740710028025188E-001  -2.392096151940897E-001
         442   1.740710028025188E-001   2.392096151940897E-001
         443   1.589940221825587E-001  -2.593807053297433E-001
         444   1.589940221825587E-001   2.593807053297433E-001
         445  -1.561954713714866E-001  -6.082157092914661E-001
         446  -1.561954713714866E-001   6.082157092914661E-001
         447   1.244022802354776E-001  -2.918858960226896E-001
         448   1.244022802354776E-001   2.918858960226896E-001
         449  -2.855057134492223E-001  -6.090656517698915E-001
         450  -2.855057134492223E-001   6.090656517698915E-001
         451   1.001636599888113E-001  -3.102765087490516E-001
         452   1.001636599888113E-001   3.102765087490516E-001
         453  -1.856115005811440E-001  -5.876891951695324E-001
         454  -1.856115005811440E-001   5.876891951695324E-001
         455   7.331077208188516E-002  -3.265517090740965E-001
         456   7.331077208188516E-002   3.265517090740965E-001
         457  -2.221491389607078E-002  -4.801300492508654E-001
         458  -2.221491389607078E-002   4.801300492508654E-001
         459   4.479020632378651E-002  -3.430396692293959E-001
         460   4.479020632378651E-002   3.430396692293959E-001
         461  -7.345237715183452E-002  -4.914873193605086E-001
         462  -7.345237715183452E-002   4.914873193605086E-001
         463   1.514663119920653E-002  -3.587323599378548E-001
         464   1.514663119920653E-002   3.587323599378548E-001
         465  -2.203051959128332E-001  -5.640314549713328E-001
         466  -2.203051959128332E-001   5.640314549713328E-001
         467  -3.592604791985656E-001  -5.751653517303165E-001
         468  -3.592604791985656E-001   5.751653517303165E-001
         469  -2.555332980342531E-002  -3.775137443133352E-001
         470  -2.555332980342531E-002   3.775137443133352E-001
         471  -1.062045459248916E-001  -4.702327984413879E-001
         472  -1.062045459248916E-001   4.702327984413879E-001
         473  -6.113556479038084E-002  -3.907439141936787E-001
         474  -6.113556479038084E-002   3.907439141936787E-001
         475  -2.512227088198367E-001  -5.438690958135759E-001
         476  -2.512227088198367E-001   5.438690958135759E-001
         477  -5.239797680431466E-001  -4.958562082244238E-001
         478  -5.239797680431466E-001   4.958562082244238E-001
         479  -2.794814323212724E-001  -5.206019121540724E-001
         480  -2.794814323212724E-001   5.206019121540724E-001
         481  -3.969519124079012E-001  -5.256281660762874E-001
         482  -3.969519124079012E-001   5.256281660762874E-001
         483  -1.514484261362843E-001  -4.176917205787475E-001
         484  -1.514484261362843E-001   4.176917205787475E-001
         485  -1.936315394617129E-001  -4.360454971138764E-001
         486  -1.936315394617129E-001   4.360454971138764E-001
         487  -1.917831672323639E-001  -4.263722510734652E-001
         488  -1.917831672323639E-001   4.263722510734652E-001
         489  -3.155452851804628E-001  -4.893025196054137E-001
         490  -3.155452851804628E-001   4.893025196054137E-001
         491  -4.525936755716234E-001  -4.690906914158319E-001
         492  -4.525936755716234E-001   4.690906914158319E-001
         493  -3.746384351049216E-001  -4.807467908275657E-001
         494  -3.746384351049216E-001   4.807467908275657E-001
         495  -2.554696932751570E-001  -4.433398627362712E-001
         496  -2.554696932751570E-001   4.433398627362712E-001
         497  -2.474997999385639E-001  -4.155413920958341E-001
         498  -2.474997999385639E-001   4.155413920958341E-001
         499  -3.153709654816432E-001  -4.497019909403116E-001
         500  -3.153709654816432E-001   4.497019909403116E-001
         501  -3.602441871897526E-001  -4.588137014117596E-001
         502  -3.602441871897526E-001   4.588137014117596E-001
         503  -3.956275935203967E-001  -4.545805244444670E-001
         504  -3.956275935203967E-001   4.545805244444670E-001
         505  -5.584016737943803E-001  -4.145198995363024E-001
         506  -5.584016737943803E-001   4.145198995363024E-001
         507  -6.079219152788125E-001  -3.772704816937662E-001
         508  -6.079219152788125E-001   3.772704816937662E-001
         509  -4.908159929631501E-001  -4.392089894193814E-001
         510  -4.908159929631501E-001   4.392089894193814E-001
         511  -2.773131857196551E-001  -3.956013271703645E-001
         512  -2.773131857196551E-001   3.956013271703645E-001
         513  -5.033595542950803E-001  -4.204434376261844E-001
         514  -5.033595542950803E-001   4.204434376261844E-001
         515  -5.292829380391091E-001  -3.932384449057155E-001
         516  -5.292829380391091E-001   3.932384449057155E-001
         517  -3.100770999439614E-001  -3.640908297050418E-001
         518  -3.100770999439614E-001   3.640908297050418E-001
         519  -4.236472442292401E-001  -3.871581144577284E-001
         520  -4.236472442292401E-001   3.871581144577284E-001
         521  -5.612403597370450E-001  -3.484523950746933E-001
         522  -5.612403597370450E-001   3.484523950746933E-001
         523  -5.797337508956563E-001  -3.317285426836432E-001
         524  -5.797337508956563E-001   3.317285426836432E-001
         525  -4.507730467660919E-001  -3.535199817307177E-001
         526  -4.507730467660919E-001   3.535199817307177E-001
         527  -3.603530861448118E-001  -3.213459145513921E-001
         528  -3.603530861448118E-001   3.213459145513921E-001
         529  -6.021202453175717E-001  -2.879171827023285E-001
         530  -6.021202453175717E-001   2.879171827023285E-001
         531  -5.899372417588394E-001  -2.947105189911872E-001
         532  -5.899372417588394E-001   2.947105189911872E-001
         533  -4.790284242342296E-001  -3.177688120768856E-001
         534  -4.790284242342296E-001   3.177688120768856E-001
         535  -5.866028545705302E-001  -2.638708434149930E-001
         536  -5.866028545705302E-001   2.638708434149930E-001
         537  -5.076963778999816E-001  -2.796511437892752E-001
         538  -5.076963778999816E-001   2.796511437892752E-001
         539  -4.089143685634831E-001  -2.660325186353801E-001
         540  -4.089143685634831E-001   2.660325186353801E-001
         541  -6.204300798132727E-001  -2.116387794911499E-001
         542  -6.204300798132727E-001   2.116387794911499E-001
         543  -5.306019227024086E-001  -2.390869818040438E-001
         544  -5.306019227024086E-001   2.390869818040438E-001
         545  -4.388952192029947E-001  -2.274131452497544E-001
         546  -4.388952192029947E-001   2.274131452497544E-001
         547  -6.242954389348077E-001  -1.640972135685496E-001
         548  -6.242954389348077E-001   1.640972135685496E-001
         549  -5.870678136181180E-001  -1.903801614970450E-001
         550  -5.870678136181180E-001   1.903801614970450E-001
         551  -5.543905601582008E-001  -1.981837158223092E-001
         552  -5.543905601582008E-001   1.981837158223092E-001
         553  -4.663932052550506E-001  -1.876556730038811E-001
         554  -4.663932052550506E-001   1.876556730038811E-001
         555  -5.799915746670343E-001  -1.523179919966292E-001
         556  -5.799915746670343E-001   1.523179919966292E-001
         557  -6.255731062963842E-001  -1.064856815624894E-001
         558  -6.255731062963842E-001   1.064856815624894E-001
         559  -5.858517466500499E-001  -1.268676397644442E-001
         560  -5.858517466500499E-001   1.268676397644442E-001
         561  -6.289182357011270E-001  -6.310907673374688E-002
         562  -6.289182357011270E-001   6.310907673374688E-002
         563  -6.238832914986037E-001  -1.674377979607295E-002
         564  -6.238832914986037E-001   1.674377979607295E-002
         565  -6.056017633932174E-001  -3.116068145241818E-002
         566  -6.056017633932174E-001   3.116068145241818E-002
         567  -5.892900869131907E-001  -7.171572429952534E-002
         568  -5.892900869131907E-001   7.171572429952534E-002
         569  -5.092701313243022E-001  -1.029822561849687E-001
         570  -5.092701313243022E-001   1.029822561849687E-001
         571  -5.265703507352628E-001  -5.399766414522207E-002
         572  -5.265703507352628E-001   5.399766414522207E-002
         573  -5.556439015357206E-001  -2.675006486883302E-002
         574  -5.556439015357206E-001   2.675006486883302E-002
         575  -4.152635661671482E-001   0.000000000000000E+000
         576  -5.301757337313354E-001   0.000000000000000E+000



           - AUTOVALORES DIFERENTES E REAIS e positivos - 
          REAL
           1   2.692132149022251E-001
           2   7.265922431179851E-001
           3        3.458541038738633
**** singularity in row  135
