Exemplo de barra bidimensional          
160
164
144
  1    .000       .000
  2    .025       .000
  3    .050       .000
  4    .075       .000
  5    .100       .000
  6    .125       .000
  7    .150       .000
  8    .175       .000
  9    .200       .000
 10    .225       .000
 11    .250       .000
 12    .275       .000
 13    .300       .000
 14    .325       .000
 15    .350       .000
 16    .375       .000
 17    .400       .000
 18    .425       .000
 19    .450       .000
 20    .475       .000
 21    .500       .000
 22    .525       .000
 23    .550       .000
 24    .575       .000
 25    .600       .000
 26    .625       .000
 27    .650       .000
 28    .675       .000
 29    .700       .000
 30    .725       .000
 31    .750       .000
 32    .775       .000
 33    .800       .000
 34    .825       .000
 35    .850       .000
 36    .875       .000
 37    .900       .000
 38    .925       .000
 39    .950       .000
 40    .975       .000
 41   1.000       .000
 42   1.000       .000
 43   1.000       .025
 44   1.000       .050
 45   1.000       .075
 46   1.000       .100
 47   1.000       .125
 48   1.000       .150
 49   1.000       .175
 50   1.000       .200
 51   1.000       .225
 52   1.000       .250
 53   1.000       .275
 54   1.000       .300
 55   1.000       .325
 56   1.000       .350
 57   1.000       .375
 58   1.000       .400
 59   1.000       .425
 60   1.000       .450
 61   1.000       .475
 62   1.000       .500
 63   1.000       .525
 64   1.000       .550
 65   1.000       .575
 66   1.000       .600
 67   1.000       .625
 68   1.000       .650
 69   1.000       .675
 70   1.000       .700
 71   1.000       .725
 72   1.000       .750
 73   1.000       .775
 74   1.000       .800
 75   1.000       .825
 76   1.000       .850
 77   1.000       .875
 78   1.000       .900
 79   1.000       .925
 80   1.000       .950
 81   1.000       .975
 82   1.000      1.000
 83   1.000      1.000
 84    .975      1.000
 85    .950      1.000
 86    .925      1.000
 87    .900      1.000
 88    .875      1.000
 89    .850      1.000
 90    .825      1.000
 91    .800      1.000
 92    .775      1.000
 93    .750      1.000
 94    .725      1.000
 95    .700      1.000
 96    .675      1.000
 97    .650      1.000
 98    .625      1.000
 99    .600      1.000
100    .575      1.000
101    .550      1.000
102    .525      1.000
103    .500      1.000
104    .475      1.000
105    .450      1.000
106    .425      1.000
107    .400      1.000
108    .375      1.000
109    .350      1.000
110    .325      1.000
111    .300      1.000
112    .275      1.000
113    .250      1.000
114    .225      1.000
115    .200      1.000
116    .175      1.000
117    .150      1.000
118    .125      1.000
119    .100      1.000
120    .075      1.000
121    .050      1.000
122    .025      1.000
123    .000      1.000
124    .000      1.000
125    .000       .975
126    .000       .950
127    .000       .925
128    .000       .900
129    .000       .875
130    .000       .850
131    .000       .825
132    .000       .800
133    .000       .775
134    .000       .750
135    .000       .725
136    .000       .700
137    .000       .675
138    .000       .650
139    .000       .625
140    .000       .600
141    .000       .575
142    .000       .550
143    .000       .525
144    .000       .500
145    .000       .475
146    .000       .450
147    .000       .425
148    .000       .400
149    .000       .375
150    .000       .350
151    .000       .325
152    .000       .300
153    .000       .275
154    .000       .250
155    .000       .225
156    .000       .200
157    .000       .175
158    .000       .150
159    .000       .125
160    .000       .100
161    .000       .075
162    .000       .050
163    .000       .025
164    .000       .000
165  .04167     .04167
166  .12500     .04167
167  .20833     .04167
168  .29167     .04167
169  .37500     .04167
170  .45833     .04167
171  .54167     .04167
172  .62500     .04167
173  .70833     .04167
174  .79167     .04167
175  .87500     .04167
176  .95833     .04167
177  .04167     .12500
178  .12500     .12500
179  .20833     .12500
180  .29167     .12500
181  .37500     .12500
182  .45833     .12500
183  .54167     .12500
184  .62500     .12500
185  .70833     .12500
186  .79167     .12500
187  .87500     .12500
188  .95833     .12500
189  .04167     .20833
190  .12500     .20833
191  .20833     .20833
192  .29167     .20833
193  .37500     .20833
194  .45833     .20833
195  .54167     .20833
196  .62500     .20833
197  .70833     .20833
198  .79167     .20833
199  .87500     .20833
200  .95833     .20833
201  .04167     .29167
202  .12500     .29167
203  .20833     .29167
204  .29167     .29167
205  .37500     .29167
206  .45833     .29167
207  .54167     .29167
208  .62500     .29167
209  .70833     .29167
210  .79167     .29167
211  .87500     .29167
212  .95833     .29167
213  .04167     .37500
214  .12500     .37500
215  .20833     .37500
216  .29167     .37500
217  .37500     .37500
218  .45833     .37500
219  .54167     .37500
220  .62500     .37500
221  .70833     .37500
222  .79167     .37500
223  .87500     .37500
224  .95833     .37500
225  .04167     .45833
226  .12500     .45833
227  .20833     .45833
228  .29167     .45833
229  .37500     .45833
230  .45833     .45833
231  .54167     .45833
232  .62500     .45833
233  .70833     .45833
234  .79167     .45833
235  .87500     .45833
236  .95833     .45833
237  .04167     .54167
238  .12500     .54167
239  .20833     .54167
240  .29167     .54167
241  .37500     .54167
242  .45833     .54167
243  .54167     .54167
244  .62500     .54167
245  .70833     .54167
246  .79167     .54167
247  .87500     .54167
248  .95833     .54167
249  .04167     .62500
250  .12500     .62500
251  .20833     .62500
252  .29167     .62500
253  .37500     .62500
254  .45833     .62500
255  .54167     .62500
256  .62500     .62500
257  .70833     .62500
258  .79167     .62500
259  .87500     .62500
260  .95833     .62500
261  .04167     .70833
262  .12500     .70833
263  .20833     .70833
264  .29167     .70833
265  .37500     .70833
266  .45833     .70833
267  .54167     .70833
268  .62500     .70833
269  .70833     .70833
270  .79167     .70833
271  .87500     .70833
272  .95833     .70833
273  .04167     .79167
274  .12500     .79167
275  .20833     .79167
276  .29167     .79167
277  .37500     .79167
278  .45833     .79167
279  .54167     .79167
280  .62500     .79167
281  .70833     .79167
282  .79167     .79167
283  .87500     .79167
284  .95833     .79167
285  .04167     .87500
286  .12500     .87500
287  .20833     .87500
288  .29167     .87500
289  .37500     .87500
290  .45833     .87500
291  .54167     .87500
292  .62500     .87500
293  .70833     .87500
294  .79167     .87500
295  .87500     .87500
296  .95833     .87500
297  .04167     .95833
298  .12500     .95833
299  .20833     .95833
300  .29167     .95833
301  .37500     .95833
302  .45833     .95833
303  .54167     .95833
304  .62500     .95833
305  .70833     .95833
306  .79167     .95833
307  .87500     .95833
308  .95833     .95833
   0  164     .000
   0    0     .000
   0    0     .000
   0    0     .000
   0    0     .000
   0    0     .000
   0    0     .000
   0    0     .000
   0    0     .000
   0    0     .000
   0    0     .000
   0    0     .000
   0    0     .000
   0    0     .000
   0    0     .000
   0    0     .000
   0    0     .000
   0    0     .000
   0    0     .000
   0    0     .000
   0    0     .000
   0    0     .000
   0    0     .000
   0    0     .000
   0    0     .000
   0    0     .000
   0    0     .000
   0    0     .000
   0    0     .000
   0    0     .000
   0    0     .000
   0    0     .000
   0    0     .000
   0    0     .000
   0    0     .000
   0    0     .000
   0    0     .000
   0    0     .000
   0    0     .000
   0    0     .000
   0   42     .000
   0   41     .000 
   0    0     .0785
   0    0     .1564
   0    0     .2334
   0    0     .3090
   0    0     .3827
   0    0     .4540
   0    0     .5225
   0    0     .5878
   0    0     .6494
   0    0     .7071
   0    0     .7604
   0    0     .8090
   0    0     .8526
   0    0     .8910
   0    0     .9239
   0    0     .9510
   0    0     .9724
   0    0     .9877
   0    0     .9969
   0    0      1.0000
   0    0     .9969
   0    0     .9877
   0    0     .9724
   0    0     .9511
   0    0     .9239
   0    0     .8910
   0    0     .8527
   0    0     .8091
   0    0     .7604
   0    0     .7072
   0    0     .6495
   0    0     .5878
   0    0     .5226
   0    0     .4541
   0    0     .3828
   0    0     .3091
   0    0     .2335
   0    0     .1565
   0    0     .0785
   0   83     .0000
   0   82     .000
   0    0     .000
   0    0     .000
   0    0     .000
   0    0     .000
   0    0     .000
   0    0     .000
   0    0     .000
   0    0     .000
   0    0     .000
   0    0     .000
   0    0     .000
   0    0     .000
   0    0     .000
   0    0     .000
   0    0     .000
   0    0     .000
   0    0     .000
   0    0     .000
   0    0     .000
   0    0     .000
   0    0     .000
   0    0     .000
   0    0     .000
   0    0     .000
   0    0     .000
   0    0     .000
   0    0     .000
   0    0     .000
   0    0     .000
   0    0     .000
   0    0     .000
   0    0     .000
   0    0     .000
   0    0     .000
   0    0     .000
   0    0     .000
   0    0     .000
   0    0     .000
   0    0     .000
   0  124     .000
   0  123     .000
   0    0     .000
   0    0     .000
   0    0     .000
   0    0     .000
   0    0     .000
   0    0     .000
   0    0     .000
   0    0     .000
   0    0     .000
   0    0     .000
   0    0     .000
   0    0     .000
   0    0     .000
   0    0     .000
   0    0     .000
   0    0     .000
   0    0     .000
   0    0     .000
   0    0     .000
   0    0     .000
   0    0     .000
   0    0     .000
   0    0     .000
   0    0     .000
   0    0     .000
   0    0     .000
   0    0     .000
   0    0     .000
   0    0     .000
   0    0     .000
   0    0     .000
   0    0     .000
   0    0     .000
   0    0     .000
   0    0     .000
   0    0     .000
   0    0     .000
   0    0     .000
   0    0     .000
   0    1     .000
  1    2
  2    3
  3    4
  4    5
  5    6
  6    7
  7    8
  8    9
  9   10
 10   11
 11   12
 12   13
 13   14
 14   15
 15   16
 16   17
 17   18
 18   19
 19   20
 20   21
 21   22
 22   23
 23   24
 24   25
 25   26
 26   27
 27   28
 28   29
 29   30
 30   31
 31   32
 32   33
 33   34
 34   35
 35   36
 36   37
 37   38
 38   39
 39   40
 40   41
 42   43
 43   44
 44   45
 45   46
 46   47
 47   48
 48   49
 49   50
 50   51
 51   52
 52   53
 53   54
 54   55
 55   56
 56   57
 57   58
 58   59
 59   60
 60   61
 61   62
 62   63
 63   64
 64   65
 65   66
 66   67
 67   68
 68   69
 69   70
 70   71
 71   72
 72   73
 73   74
 74   75
 75   76
 76   77
 77   78
 78   79
 79   80
 80   81
 81   82
 83   84
 84   85
 85   86
 86   87
 87   88
 88   89
 89   90
 90   91
 91   92
 92   93
 93   94
 94   95
 95   96
 96   97
 97   98
 98   99
 99  100
100  101
101  102
102  103
103  104
104  105
105  106
106  107
107  108
108  109
109  110
110  111
111  112
112  113
113  114
114  115
115  116
116  117
117  118
118  119
119  120
120  121
121  122
122  123
124  125
125  126
126  127
127  128
128  129
129  130
130  131
131  132
132  133
133  134
134  135
135  136
136  137
137  138
138  139
139  140
140  141
141  142
142  143
143  144
144  145
145  146
146  147
147  148
148  149
149  150
150  151
151  152
152  153
153  154
154  155
155  156
156  157
157  158
158  159
159  160
160  161
161  162
162  163
163  164
