 ************************************************************************************************************************
                         Exem


data

  number of boundary elements=320

  number of functional nodes=324

  number of internal source points where the funct. is calculated=324




  coordinates of the source points of the boundary el ements

    point          x                  y
        1       .0000000E+00       .0000000E+00
        2       .1250000E-01       .0000000E+00
        3       .2500000E-01       .0000000E+00
        4       .3750000E-01       .0000000E+00
        5       .5000000E-01       .0000000E+00
        6       .6250000E-01       .0000000E+00
        7       .7500000E-01       .0000000E+00
        8       .8750000E-01       .0000000E+00
        9       .1000000E+00       .0000000E+00
       10       .1125000E+00       .0000000E+00
       11       .1250000E+00       .0000000E+00
       12       .1375000E+00       .0000000E+00
       13       .1500000E+00       .0000000E+00
       14       .1625000E+00       .0000000E+00
       15       .1750000E+00       .0000000E+00
       16       .1875000E+00       .0000000E+00
       17       .2000000E+00       .0000000E+00
       18       .2125000E+00       .0000000E+00
       19       .2250000E+00       .0000000E+00
       20       .2375000E+00       .0000000E+00
       21       .2500000E+00       .0000000E+00
       22       .2625000E+00       .0000000E+00
       23       .2750000E+00       .0000000E+00
       24       .2875000E+00       .0000000E+00
       25       .3000000E+00       .0000000E+00
       26       .3125000E+00       .0000000E+00
       27       .3250000E+00       .0000000E+00
       28       .3375000E+00       .0000000E+00
       29       .3500000E+00       .0000000E+00
       30       .3625000E+00       .0000000E+00
       31       .3750000E+00       .0000000E+00
       32       .3875000E+00       .0000000E+00
       33       .4000000E+00       .0000000E+00
       34       .4125000E+00       .0000000E+00
       35       .4250000E+00       .0000000E+00
       36       .4375000E+00       .0000000E+00
       37       .4500000E+00       .0000000E+00
       38       .4625000E+00       .0000000E+00
       39       .4750000E+00       .0000000E+00
       40       .4875000E+00       .0000000E+00
       41       .5000000E+00       .0000000E+00
       42       .5125000E+00       .0000000E+00
       43       .5250000E+00       .0000000E+00
       44       .5375000E+00       .0000000E+00
       45       .5500000E+00       .0000000E+00
       46       .5625000E+00       .0000000E+00
       47       .5750000E+00       .0000000E+00
       48       .5875000E+00       .0000000E+00
       49       .6000000E+00       .0000000E+00
       50       .6125000E+00       .0000000E+00
       51       .6250000E+00       .0000000E+00
       52       .6375000E+00       .0000000E+00
       53       .6500000E+00       .0000000E+00
       54       .6625000E+00       .0000000E+00
       55       .6750000E+00       .0000000E+00
       56       .6875000E+00       .0000000E+00
       57       .7000000E+00       .0000000E+00
       58       .7125000E+00       .0000000E+00
       59       .7250000E+00       .0000000E+00
       60       .7375000E+00       .0000000E+00
       61       .7500000E+00       .0000000E+00
       62       .7625000E+00       .0000000E+00
       63       .7750000E+00       .0000000E+00
       64       .7875000E+00       .0000000E+00
       65       .8000000E+00       .0000000E+00
       66       .8125000E+00       .0000000E+00
       67       .8250000E+00       .0000000E+00
       68       .8375000E+00       .0000000E+00
       69       .8500000E+00       .0000000E+00
       70       .8625000E+00       .0000000E+00
       71       .8750000E+00       .0000000E+00
       72       .8875000E+00       .0000000E+00
       73       .9000000E+00       .0000000E+00
       74       .9125000E+00       .0000000E+00
       75       .9250000E+00       .0000000E+00
       76       .9375000E+00       .0000000E+00
       77       .9500000E+00       .0000000E+00
       78       .9625000E+00       .0000000E+00
       79       .9750000E+00       .0000000E+00
       80       .9875000E+00       .0000000E+00
       81       .1000000E+01       .0000000E+00
       82       .1000000E+01       .0000000E+00
       83       .1000000E+01       .1250000E-01
       84       .1000000E+01       .2500000E-01
       85       .1000000E+01       .3750000E-01
       86       .1000000E+01       .5000000E-01
       87       .1000000E+01       .6250000E-01
       88       .1000000E+01       .7500000E-01
       89       .1000000E+01       .8750000E-01
       90       .1000000E+01       .1000000E+00
       91       .1000000E+01       .1125000E+00
       92       .1000000E+01       .1250000E+00
       93       .1000000E+01       .1375000E+00
       94       .1000000E+01       .1500000E+00
       95       .1000000E+01       .1625000E+00
       96       .1000000E+01       .1750000E+00
       97       .1000000E+01       .1875000E+00
       98       .1000000E+01       .2000000E+00
       99       .1000000E+01       .2125000E+00
      100       .1000000E+01       .2250000E+00
      101       .1000000E+01       .2375000E+00
      102       .1000000E+01       .2500000E+00
      103       .1000000E+01       .2625000E+00
      104       .1000000E+01       .2750000E+00
      105       .1000000E+01       .2875000E+00
      106       .1000000E+01       .3000000E+00
      107       .1000000E+01       .3125000E+00
      108       .1000000E+01       .3250000E+00
      109       .1000000E+01       .3375000E+00
      110       .1000000E+01       .3500000E+00
      111       .1000000E+01       .3625000E+00
      112       .1000000E+01       .3750000E+00
      113       .1000000E+01       .3875000E+00
      114       .1000000E+01       .4000000E+00
      115       .1000000E+01       .4125000E+00
      116       .1000000E+01       .4250000E+00
      117       .1000000E+01       .4375000E+00
      118       .1000000E+01       .4500000E+00
      119       .1000000E+01       .4625000E+00
      120       .1000000E+01       .4750000E+00
      121       .1000000E+01       .4875000E+00
      122       .1000000E+01       .5000000E+00
      123       .1000000E+01       .5125000E+00
      124       .1000000E+01       .5250000E+00
      125       .1000000E+01       .5375000E+00
      126       .1000000E+01       .5500000E+00
      127       .1000000E+01       .5625000E+00
      128       .1000000E+01       .5750000E+00
      129       .1000000E+01       .5875000E+00
      130       .1000000E+01       .6000000E+00
      131       .1000000E+01       .6125000E+00
      132       .1000000E+01       .6250000E+00
      133       .1000000E+01       .6375000E+00
      134       .1000000E+01       .6500000E+00
      135       .1000000E+01       .6625000E+00
      136       .1000000E+01       .6750000E+00
      137       .1000000E+01       .6875000E+00
      138       .1000000E+01       .7000000E+00
      139       .1000000E+01       .7125000E+00
      140       .1000000E+01       .7250000E+00
      141       .1000000E+01       .7375000E+00
      142       .1000000E+01       .7500000E+00
      143       .1000000E+01       .7625000E+00
      144       .1000000E+01       .7750000E+00
      145       .1000000E+01       .7875000E+00
      146       .1000000E+01       .8000000E+00
      147       .1000000E+01       .8125000E+00
      148       .1000000E+01       .8250000E+00
      149       .1000000E+01       .8375000E+00
      150       .1000000E+01       .8500000E+00
      151       .1000000E+01       .8625000E+00
      152       .1000000E+01       .8750000E+00
      153       .1000000E+01       .8875000E+00
      154       .1000000E+01       .9000000E+00
      155       .1000000E+01       .9125000E+00
      156       .1000000E+01       .9250000E+00
      157       .1000000E+01       .9375000E+00
      158       .1000000E+01       .9500000E+00
      159       .1000000E+01       .9625000E+00
      160       .1000000E+01       .9750000E+00
      161       .1000000E+01       .9875000E+00
      162       .1000000E+01       .1000000E+01
      163       .1000000E+01       .1000000E+01
      164       .9875000E+00       .1000000E+01
      165       .9750000E+00       .1000000E+01
      166       .9625000E+00       .1000000E+01
      167       .9500000E+00       .1000000E+01
      168       .9375000E+00       .1000000E+01
      169       .9250000E+00       .1000000E+01
      170       .9125000E+00       .1000000E+01
      171       .9000000E+00       .1000000E+01
      172       .8875000E+00       .1000000E+01
      173       .8750000E+00       .1000000E+01
      174       .8625000E+00       .1000000E+01
      175       .8500000E+00       .1000000E+01
      176       .8375000E+00       .1000000E+01
      177       .8250000E+00       .1000000E+01
      178       .8125000E+00       .1000000E+01
      179       .8000000E+00       .1000000E+01
      180       .7875000E+00       .1000000E+01
      181       .7750000E+00       .1000000E+01
      182       .7625000E+00       .1000000E+01
      183       .7500000E+00       .1000000E+01
      184       .7375000E+00       .1000000E+01
      185       .7250000E+00       .1000000E+01
      186       .7125000E+00       .1000000E+01
      187       .7000000E+00       .1000000E+01
      188       .6875000E+00       .1000000E+01
      189       .6750000E+00       .1000000E+01
      190       .6625000E+00       .1000000E+01
      191       .6500000E+00       .1000000E+01
      192       .6375000E+00       .1000000E+01
      193       .6250000E+00       .1000000E+01
      194       .6125000E+00       .1000000E+01
      195       .6000000E+00       .1000000E+01
      196       .5875000E+00       .1000000E+01
      197       .5750000E+00       .1000000E+01
      198       .5625000E+00       .1000000E+01
      199       .5500000E+00       .1000000E+01
      200       .5375000E+00       .1000000E+01
      201       .5250000E+00       .1000000E+01
      202       .5125000E+00       .1000000E+01
      203       .5000000E+00       .1000000E+01
      204       .4875000E+00       .1000000E+01
      205       .4750000E+00       .1000000E+01
      206       .4625000E+00       .1000000E+01
      207       .4500000E+00       .1000000E+01
      208       .4375000E+00       .1000000E+01
      209       .4250000E+00       .1000000E+01
      210       .4125000E+00       .1000000E+01
      211       .4000000E+00       .1000000E+01
      212       .3875000E+00       .1000000E+01
      213       .3750000E+00       .1000000E+01
      214       .3625000E+00       .1000000E+01
      215       .3500000E+00       .1000000E+01
      216       .3375000E+00       .1000000E+01
      217       .3250000E+00       .1000000E+01
      218       .3125000E+00       .1000000E+01
      219       .3000000E+00       .1000000E+01
      220       .2875000E+00       .1000000E+01
      221       .2750000E+00       .1000000E+01
      222       .2625000E+00       .1000000E+01
      223       .2500000E+00       .1000000E+01
      224       .2375000E+00       .1000000E+01
      225       .2250000E+00       .1000000E+01
      226       .2125000E+00       .1000000E+01
      227       .2000000E+00       .1000000E+01
      228       .1875000E+00       .1000000E+01
      229       .1750000E+00       .1000000E+01
      230       .1625000E+00       .1000000E+01
      231       .1500000E+00       .1000000E+01
      232       .1375000E+00       .1000000E+01
      233       .1250000E+00       .1000000E+01
      234       .1125000E+00       .1000000E+01
      235       .1000000E+00       .1000000E+01
      236       .8750000E-01       .1000000E+01
      237       .7500000E-01       .1000000E+01
      238       .6250000E-01       .1000000E+01
      239       .5000000E-01       .1000000E+01
      240       .3750000E-01       .1000000E+01
      241       .2500000E-01       .1000000E+01
      242       .1250000E-01       .1000000E+01
      243       .0000000E+00       .1000000E+01
      244       .0000000E+00       .1000000E+01
      245       .0000000E+00       .9875000E+00
      246       .0000000E+00       .9750000E+00
      247       .0000000E+00       .9625000E+00
      248       .0000000E+00       .9500000E+00
      249       .0000000E+00       .9375000E+00
      250       .0000000E+00       .9250000E+00
      251       .0000000E+00       .9125000E+00
      252       .0000000E+00       .9000000E+00
      253       .0000000E+00       .8875000E+00
      254       .0000000E+00       .8750000E+00
      255       .0000000E+00       .8625000E+00
      256       .0000000E+00       .8500000E+00
      257       .0000000E+00       .8375000E+00
      258       .0000000E+00       .8250000E+00
      259       .0000000E+00       .8125000E+00
      260       .0000000E+00       .8000000E+00
      261       .0000000E+00       .7875000E+00
      262       .0000000E+00       .7750000E+00
      263       .0000000E+00       .7625000E+00
      264       .0000000E+00       .7500000E+00
      265       .0000000E+00       .7375000E+00
      266       .0000000E+00       .7250000E+00
      267       .0000000E+00       .7125000E+00
      268       .0000000E+00       .7000000E+00
      269       .0000000E+00       .6875000E+00
      270       .0000000E+00       .6750000E+00
      271       .0000000E+00       .6625000E+00
      272       .0000000E+00       .6500000E+00
      273       .0000000E+00       .6375000E+00
      274       .0000000E+00       .6250000E+00
      275       .0000000E+00       .6125000E+00
      276       .0000000E+00       .6000000E+00
      277       .0000000E+00       .5875000E+00
      278       .0000000E+00       .5750000E+00
      279       .0000000E+00       .5625000E+00
      280       .0000000E+00       .5500000E+00
      281       .0000000E+00       .5375000E+00
      282       .0000000E+00       .5250000E+00
      283       .0000000E+00       .5125000E+00
      284       .0000000E+00       .5000000E+00
      285       .0000000E+00       .4875000E+00
      286       .0000000E+00       .4750000E+00
      287       .0000000E+00       .4625000E+00
      288       .0000000E+00       .4500000E+00
      289       .0000000E+00       .4375000E+00
      290       .0000000E+00       .4250000E+00
      291       .0000000E+00       .4125000E+00
      292       .0000000E+00       .4000000E+00
      293       .0000000E+00       .3875000E+00
      294       .0000000E+00       .3750000E+00
      295       .0000000E+00       .3625000E+00
      296       .0000000E+00       .3500000E+00
      297       .0000000E+00       .3375000E+00
      298       .0000000E+00       .3250000E+00
      299       .0000000E+00       .3125000E+00
      300       .0000000E+00       .3000000E+00
      301       .0000000E+00       .2875000E+00
      302       .0000000E+00       .2750000E+00
      303       .0000000E+00       .2625000E+00
      304       .0000000E+00       .2500000E+00
      305       .0000000E+00       .2375000E+00
      306       .0000000E+00       .2250000E+00
      307       .0000000E+00       .2125000E+00
      308       .0000000E+00       .2000000E+00
      309       .0000000E+00       .1875000E+00
      310       .0000000E+00       .1750000E+00
      311       .0000000E+00       .1625000E+00
      312       .0000000E+00       .1500000E+00
      313       .0000000E+00       .1375000E+00
      314       .0000000E+00       .1250000E+00
      315       .0000000E+00       .1125000E+00
      316       .0000000E+00       .1000000E+00
      317       .0000000E+00       .8750000E-01
      318       .0000000E+00       .7500000E-01
      319       .0000000E+00       .6250000E-01
      320       .0000000E+00       .5000000E-01
      321       .0000000E+00       .3750000E-01
      322       .0000000E+00       .2500000E-01
      323       .0000000E+00       .1250000E-01
      324       .0000000E+00       .0000000E+00
      325       .2778000E-01       .2778000E-01
      326       .8333000E-01       .2778000E-01
      327       .1388900E+00       .2778000E-01
      328       .1944400E+00       .2778000E-01
      329       .2500000E+00       .2778000E-01
      330       .3055600E+00       .2778000E-01
      331       .3611100E+00       .2778000E-01
      332       .4166700E+00       .2778000E-01
      333       .4722200E+00       .2778000E-01
      334       .5277800E+00       .2778000E-01
      335       .5833300E+00       .2778000E-01
      336       .6388900E+00       .2778000E-01
      337       .6944400E+00       .2778000E-01
      338       .7500000E+00       .2778000E-01
      339       .8055600E+00       .2778000E-01
      340       .8611100E+00       .2778000E-01
      341       .9166700E+00       .2778000E-01
      342       .9722200E+00       .2778000E-01
      343       .2778000E-01       .8333000E-01
      344       .8333000E-01       .8333000E-01
      345       .1388900E+00       .8333000E-01
      346       .1944400E+00       .8333000E-01
      347       .2500000E+00       .8333000E-01
      348       .3055600E+00       .8333000E-01
      349       .3611100E+00       .8333000E-01
      350       .4166700E+00       .8333000E-01
      351       .4722200E+00       .8333000E-01
      352       .5277800E+00       .8333000E-01
      353       .5833300E+00       .8333000E-01
      354       .6388900E+00       .8333000E-01
      355       .6944400E+00       .8333000E-01
      356       .7500000E+00       .8333000E-01
      357       .8055600E+00       .8333000E-01
      358       .8611100E+00       .8333000E-01
      359       .9166700E+00       .8333000E-01
      360       .9722200E+00       .8333000E-01
      361       .2778000E-01       .1388900E+00
      362       .8333000E-01       .1388900E+00
      363       .1388900E+00       .1388900E+00
      364       .1944400E+00       .1388900E+00
      365       .2500000E+00       .1388900E+00
      366       .3055600E+00       .1388900E+00
      367       .3611100E+00       .1388900E+00
      368       .4166700E+00       .1388900E+00
      369       .4722200E+00       .1388900E+00
      370       .5277800E+00       .1388900E+00
      371       .5833300E+00       .1388900E+00
      372       .6388900E+00       .1388900E+00
      373       .6944400E+00       .1388900E+00
      374       .7500000E+00       .1388900E+00
      375       .8055600E+00       .1388900E+00
      376       .8611100E+00       .1388900E+00
      377       .9166700E+00       .1388900E+00
      378       .9722200E+00       .1388900E+00
      379       .2778000E-01       .1944400E+00
      380       .8333000E-01       .1944400E+00
      381       .1388900E+00       .1944400E+00
      382       .1944400E+00       .1944400E+00
      383       .2500000E+00       .1944400E+00
      384       .3055600E+00       .1944400E+00
      385       .3611100E+00       .1944400E+00
      386       .4166700E+00       .1944400E+00
      387       .4722200E+00       .1944400E+00
      388       .5277800E+00       .1944400E+00
      389       .5833300E+00       .1944400E+00
      390       .6388900E+00       .1944400E+00
      391       .6944400E+00       .1944400E+00
      392       .7500000E+00       .1944400E+00
      393       .8055600E+00       .1944400E+00
      394       .8611100E+00       .1944400E+00
      395       .9166700E+00       .1944400E+00
      396       .9722200E+00       .1944400E+00
      397       .2778000E-01       .2500000E+00
      398       .8333000E-01       .2500000E+00
      399       .1388900E+00       .2500000E+00
      400       .1944400E+00       .2500000E+00
      401       .2500000E+00       .2500000E+00
      402       .3055600E+00       .2500000E+00
      403       .3611100E+00       .2500000E+00
      404       .4166700E+00       .2500000E+00
      405       .4722200E+00       .2500000E+00
      406       .5277800E+00       .2500000E+00
      407       .5833300E+00       .2500000E+00
      408       .6388900E+00       .2500000E+00
      409       .6944400E+00       .2500000E+00
      410       .7500000E+00       .2500000E+00
      411       .8055600E+00       .2500000E+00
      412       .8611100E+00       .2500000E+00
      413       .9166700E+00       .2500000E+00
      414       .9722200E+00       .2500000E+00
      415       .2778000E-01       .3055600E+00
      416       .8333000E-01       .3055600E+00
      417       .1388900E+00       .3055600E+00
      418       .1944400E+00       .3055600E+00
      419       .2500000E+00       .3055600E+00
      420       .3055600E+00       .3055600E+00
      421       .3611100E+00       .3055600E+00
      422       .4166700E+00       .3055600E+00
      423       .4722200E+00       .3055600E+00
      424       .5277800E+00       .3055600E+00
      425       .5833300E+00       .3055600E+00
      426       .6388900E+00       .3055600E+00
      427       .6944400E+00       .3055600E+00
      428       .7500000E+00       .3055600E+00
      429       .8055600E+00       .3055600E+00
      430       .8611100E+00       .3055600E+00
      431       .9166700E+00       .3055600E+00
      432       .9722200E+00       .3055600E+00
      433       .2778000E-01       .3611100E+00
      434       .8333000E-01       .3611100E+00
      435       .1388900E+00       .3611100E+00
      436       .1944400E+00       .3611100E+00
      437       .2500000E+00       .3611100E+00
      438       .3055600E+00       .3611100E+00
      439       .3611100E+00       .3611100E+00
      440       .4166700E+00       .3611100E+00
      441       .4722200E+00       .3611100E+00
      442       .5277800E+00       .3611100E+00
      443       .5833300E+00       .3611100E+00
      444       .6388900E+00       .3611100E+00
      445       .6944400E+00       .3611100E+00
      446       .7500000E+00       .3611100E+00
      447       .8055600E+00       .3611100E+00
      448       .8611100E+00       .3611100E+00
      449       .9166700E+00       .3611100E+00
      450       .9722200E+00       .3611100E+00
      451       .2778000E-01       .4166700E+00
      452       .8333000E-01       .4166700E+00
      453       .1388900E+00       .4166700E+00
      454       .1944400E+00       .4166700E+00
      455       .2500000E+00       .4166700E+00
      456       .3055600E+00       .4166700E+00
      457       .3611100E+00       .4166700E+00
      458       .4166700E+00       .4166700E+00
      459       .4722200E+00       .4166700E+00
      460       .5277800E+00       .4166700E+00
      461       .5833300E+00       .4166700E+00
      462       .6388900E+00       .4166700E+00
      463       .6944400E+00       .4166700E+00
      464       .7500000E+00       .4166700E+00
      465       .8055600E+00       .4166700E+00
      466       .8611100E+00       .4166700E+00
      467       .9166700E+00       .4166700E+00
      468       .9722200E+00       .4166700E+00
      469       .2778000E-01       .4722200E+00
      470       .8333000E-01       .4722200E+00
      471       .1388900E+00       .4722200E+00
      472       .1944400E+00       .4722200E+00
      473       .2500000E+00       .4722200E+00
      474       .3055600E+00       .4722200E+00
      475       .3611100E+00       .4722200E+00
      476       .4166700E+00       .4722200E+00
      477       .4722200E+00       .4722200E+00
      478       .5277800E+00       .4722200E+00
      479       .5833300E+00       .4722200E+00
      480       .6388900E+00       .4722200E+00
      481       .6944400E+00       .4722200E+00
      482       .7500000E+00       .4722200E+00
      483       .8055600E+00       .4722200E+00
      484       .8611100E+00       .4722200E+00
      485       .9166700E+00       .4722200E+00
      486       .9722200E+00       .4722200E+00
      487       .2778000E-01       .5277800E+00
      488       .8333000E-01       .5277800E+00
      489       .1388900E+00       .5277800E+00
      490       .1944400E+00       .5277800E+00
      491       .2500000E+00       .5277800E+00
      492       .3055600E+00       .5277800E+00
      493       .3611100E+00       .5277800E+00
      494       .4166700E+00       .5277800E+00
      495       .4722200E+00       .5277800E+00
      496       .5277800E+00       .5277800E+00
      497       .5833300E+00       .5277800E+00
      498       .6388900E+00       .5277800E+00
      499       .6944400E+00       .5277800E+00
      500       .7500000E+00       .5277800E+00
      501       .8055600E+00       .5277800E+00
      502       .8611100E+00       .5277800E+00
      503       .9166700E+00       .5277800E+00
      504       .9722200E+00       .5277800E+00
      505       .2778000E-01       .5833300E+00
      506       .8333000E-01       .5833300E+00
      507       .1388900E+00       .5833300E+00
      508       .1944400E+00       .5833300E+00
      509       .2500000E+00       .5833300E+00
      510       .3055600E+00       .5833300E+00
      511       .3611100E+00       .5833300E+00
      512       .4166700E+00       .5833300E+00
      513       .4722200E+00       .5833300E+00
      514       .5277800E+00       .5833300E+00
      515       .5833300E+00       .5833300E+00
      516       .6388900E+00       .5833300E+00
      517       .6944400E+00       .5833300E+00
      518       .7500000E+00       .5833300E+00
      519       .8055600E+00       .5833300E+00
      520       .8611100E+00       .5833300E+00
      521       .9166700E+00       .5833300E+00
      522       .9722200E+00       .5833300E+00
      523       .2778000E-01       .6388900E+00
      524       .8333000E-01       .6388900E+00
      525       .1388900E+00       .6388900E+00
      526       .1944400E+00       .6388900E+00
      527       .2500000E+00       .6388900E+00
      528       .3055600E+00       .6388900E+00
      529       .3611100E+00       .6388900E+00
      530       .4166700E+00       .6388900E+00
      531       .4722200E+00       .6388900E+00
      532       .5277800E+00       .6388900E+00
      533       .5833300E+00       .6388900E+00
      534       .6388900E+00       .6388900E+00
      535       .6944400E+00       .6388900E+00
      536       .7500000E+00       .6388900E+00
      537       .8055600E+00       .6388900E+00
      538       .8611100E+00       .6388900E+00
      539       .9166700E+00       .6388900E+00
      540       .9722200E+00       .6388900E+00
      541       .2778000E-01       .6944400E+00
      542       .8333000E-01       .6944400E+00
      543       .1388900E+00       .6944400E+00
      544       .1944400E+00       .6944400E+00
      545       .2500000E+00       .6944400E+00
      546       .3055600E+00       .6944400E+00
      547       .3611100E+00       .6944400E+00
      548       .4166700E+00       .6944400E+00
      549       .4722200E+00       .6944400E+00
      550       .5277800E+00       .6944400E+00
      551       .5833300E+00       .6944400E+00
      552       .6388900E+00       .6944400E+00
      553       .6944400E+00       .6944400E+00
      554       .7500000E+00       .6944400E+00
      555       .8055600E+00       .6944400E+00
      556       .8611100E+00       .6944400E+00
      557       .9166700E+00       .6944400E+00
      558       .9722200E+00       .6944400E+00
      559       .2778000E-01       .7500000E+00
      560       .8333000E-01       .7500000E+00
      561       .1388900E+00       .7500000E+00
      562       .1944400E+00       .7500000E+00
      563       .2500000E+00       .7500000E+00
      564       .3055600E+00       .7500000E+00
      565       .3611100E+00       .7500000E+00
      566       .4166700E+00       .7500000E+00
      567       .4722200E+00       .7500000E+00
      568       .5277800E+00       .7500000E+00
      569       .5833300E+00       .7500000E+00
      570       .6388900E+00       .7500000E+00
      571       .6944400E+00       .7500000E+00
      572       .7500000E+00       .7500000E+00
      573       .8055600E+00       .7500000E+00
      574       .8611100E+00       .7500000E+00
      575       .9166700E+00       .7500000E+00
      576       .9722200E+00       .7500000E+00
      577       .2778000E-01       .8055600E+00
      578       .8333000E-01       .8055600E+00
      579       .1388900E+00       .8055600E+00
      580       .1944400E+00       .8055600E+00
      581       .2500000E+00       .8055600E+00
      582       .3055600E+00       .8055600E+00
      583       .3611100E+00       .8055600E+00
      584       .4166700E+00       .8055600E+00
      585       .4722200E+00       .8055600E+00
      586       .5277800E+00       .8055600E+00
      587       .5833300E+00       .8055600E+00
      588       .6388900E+00       .8055600E+00
      589       .6944400E+00       .8055600E+00
      590       .7500000E+00       .8055600E+00
      591       .8055600E+00       .8055600E+00
      592       .8611100E+00       .8055600E+00
      593       .9166700E+00       .8055600E+00
      594       .9722200E+00       .8055600E+00
      595       .2778000E-01       .8611100E+00
      596       .8333000E-01       .8611100E+00
      597       .1388900E+00       .8611100E+00
      598       .1944400E+00       .8611100E+00
      599       .2500000E+00       .8611100E+00
      600       .3055600E+00       .8611100E+00
      601       .3611100E+00       .8611100E+00
      602       .4166700E+00       .8611100E+00
      603       .4722200E+00       .8611100E+00
      604       .5277800E+00       .8611100E+00
      605       .5833300E+00       .8611100E+00
      606       .6388900E+00       .8611100E+00
      607       .6944400E+00       .8611100E+00
      608       .7500000E+00       .8611100E+00
      609       .8055600E+00       .8611100E+00
      610       .8611100E+00       .8611100E+00
      611       .9166700E+00       .8611100E+00
      612       .9722200E+00       .8611100E+00
      613       .2778000E-01       .9166700E+00
      614       .8333000E-01       .9166700E+00
      615       .1388900E+00       .9166700E+00
      616       .1944400E+00       .9166700E+00
      617       .2500000E+00       .9166700E+00
      618       .3055600E+00       .9166700E+00
      619       .3611100E+00       .9166700E+00
      620       .4166700E+00       .9166700E+00
      621       .4722200E+00       .9166700E+00
      622       .5277800E+00       .9166700E+00
      623       .5833300E+00       .9166700E+00
      624       .6388900E+00       .9166700E+00
      625       .6944400E+00       .9166700E+00
      626       .7500000E+00       .9166700E+00
      627       .8055600E+00       .9166700E+00
      628       .8611100E+00       .9166700E+00
      629       .9166700E+00       .9166700E+00
      630       .9722200E+00       .9166700E+00
      631       .2778000E-01       .9722200E+00
      632       .8333000E-01       .9722200E+00
      633       .1388900E+00       .9722200E+00
      634       .1944400E+00       .9722200E+00
      635       .2500000E+00       .9722200E+00
      636       .3055600E+00       .9722200E+00
      637       .3611100E+00       .9722200E+00
      638       .4166700E+00       .9722200E+00
      639       .4722200E+00       .9722200E+00
      640       .5277800E+00       .9722200E+00
      641       .5833300E+00       .9722200E+00
      642       .6388900E+00       .9722200E+00
      643       .6944400E+00       .9722200E+00
      644       .7500000E+00       .9722200E+00
      645       .8055600E+00       .9722200E+00
      646       .8611100E+00       .9722200E+00
      647       .9166700E+00       .9722200E+00
      648       .9722200E+00       .9722200E+00


  boundary conditions

     node      code     prescribed value
       1        0        324          .0000000E+00
       2        0          0          .0000000E+00
       3        0          0          .0000000E+00
       4        0          0          .0000000E+00
       5        0          0          .0000000E+00
       6        0          0          .0000000E+00
       7        0          0          .0000000E+00
       8        0          0          .0000000E+00
       9        0          0          .0000000E+00
      10        0          0          .0000000E+00
      11        0          0          .0000000E+00
      12        0          0          .0000000E+00
      13        0          0          .0000000E+00
      14        0          0          .0000000E+00
      15        0          0          .0000000E+00
      16        0          0          .0000000E+00
      17        0          0          .0000000E+00
      18        0          0          .0000000E+00
      19        0          0          .0000000E+00
      20        0          0          .0000000E+00
      21        0          0          .0000000E+00
      22        0          0          .0000000E+00
      23        0          0          .0000000E+00
      24        0          0          .0000000E+00
      25        0          0          .0000000E+00
      26        0          0          .0000000E+00
      27        0          0          .0000000E+00
      28        0          0          .0000000E+00
      29        0          0          .0000000E+00
      30        0          0          .0000000E+00
      31        0          0          .0000000E+00
      32        0          0          .0000000E+00
      33        0          0          .0000000E+00
      34        0          0          .0000000E+00
      35        0          0          .0000000E+00
      36        0          0          .0000000E+00
      37        0          0          .0000000E+00
      38        0          0          .0000000E+00
      39        0          0          .0000000E+00
      40        0          0          .0000000E+00
      41        0          0          .0000000E+00
      42        0          0          .0000000E+00
      43        0          0          .0000000E+00
      44        0          0          .0000000E+00
      45        0          0          .0000000E+00
      46        0          0          .0000000E+00
      47        0          0          .0000000E+00
      48        0          0          .0000000E+00
      49        0          0          .0000000E+00
      50        0          0          .0000000E+00
      51        0          0          .0000000E+00
      52        0          0          .0000000E+00
      53        0          0          .0000000E+00
      54        0          0          .0000000E+00
      55        0          0          .0000000E+00
      56        0          0          .0000000E+00
      57        0          0          .0000000E+00
      58        0          0          .0000000E+00
      59        0          0          .0000000E+00
      60        0          0          .0000000E+00
      61        0          0          .0000000E+00
      62        0          0          .0000000E+00
      63        0          0          .0000000E+00
      64        0          0          .0000000E+00
      65        0          0          .0000000E+00
      66        0          0          .0000000E+00
      67        0          0          .0000000E+00
      68        0          0          .0000000E+00
      69        0          0          .0000000E+00
      70        0          0          .0000000E+00
      71        0          0          .0000000E+00
      72        0          0          .0000000E+00
      73        0          0          .0000000E+00
      74        0          0          .0000000E+00
      75        0          0          .0000000E+00
      76        0          0          .0000000E+00
      77        0          0          .0000000E+00
      78        0          0          .0000000E+00
      79        0          0          .0000000E+00
      80        0          0          .0000000E+00
      81        0         82          .0000000E+00
      82        0         81          .1000000E+01
      83        0          0          .1000000E+01
      84        0          0          .1000000E+01
      85        0          0          .1000000E+01
      86        0          0          .1000000E+01
      87        0          0          .1000000E+01
      88        0          0          .1000000E+01
      89        0          0          .1000000E+01
      90        0          0          .1000000E+01
      91        0          0          .1000000E+01
      92        0          0          .1000000E+01
      93        0          0          .1000000E+01
      94        0          0          .1000000E+01
      95        0          0          .1000000E+01
      96        0          0          .1000000E+01
      97        0          0          .1000000E+01
      98        0          0          .1000000E+01
      99        0          0          .1000000E+01
     100        0          0          .1000000E+01
     101        0          0          .1000000E+01
     102        0          0          .1000000E+01
     103        0          0          .1000000E+01
     104        0          0          .1000000E+01
     105        0          0          .1000000E+01
     106        0          0          .1000000E+01
     107        0          0          .1000000E+01
     108        0          0          .1000000E+01
     109        0          0          .1000000E+01
     110        0          0          .1000000E+01
     111        0          0          .1000000E+01
     112        0          0          .1000000E+01
     113        0          0          .1000000E+01
     114        0          0          .1000000E+01
     115        0          0          .1000000E+01
     116        0          0          .1000000E+01
     117        0          0          .1000000E+01
     118        0          0          .1000000E+01
     119        0          0          .1000000E+01
     120        0          0          .1000000E+01
     121        0          0          .1000000E+01
     122        0          0          .1000000E+01
     123        0          0          .1000000E+01
     124        0          0          .1000000E+01
     125        0          0          .1000000E+01
     126        0          0          .1000000E+01
     127        0          0          .1000000E+01
     128        0          0          .1000000E+01
     129        0          0          .1000000E+01
     130        0          0          .1000000E+01
     131        0          0          .1000000E+01
     132        0          0          .1000000E+01
     133        0          0          .1000000E+01
     134        0          0          .1000000E+01
     135        0          0          .1000000E+01
     136        0          0          .1000000E+01
     137        0          0          .1000000E+01
     138        0          0          .1000000E+01
     139        0          0          .1000000E+01
     140        0          0          .1000000E+01
     141        0          0          .1000000E+01
     142        0          0          .1000000E+01
     143        0          0          .1000000E+01
     144        0          0          .1000000E+01
     145        0          0          .1000000E+01
     146        0          0          .1000000E+01
     147        0          0          .1000000E+01
     148        0          0          .1000000E+01
     149        0          0          .1000000E+01
     150        0          0          .1000000E+01
     151        0          0          .1000000E+01
     152        0          0          .1000000E+01
     153        0          0          .1000000E+01
     154        0          0          .1000000E+01
     155        0          0          .1000000E+01
     156        0          0          .1000000E+01
     157        0          0          .1000000E+01
     158        0          0          .1000000E+01
     159        0          0          .1000000E+01
     160        0          0          .1000000E+01
     161        0          0          .1000000E+01
     162        0        163          .1000000E+01
     163        0        162          .0000000E+00
     164        0          0          .0000000E+00
     165        0          0          .0000000E+00
     166        0          0          .0000000E+00
     167        0          0          .0000000E+00
     168        0          0          .0000000E+00
     169        0          0          .0000000E+00
     170        0          0          .0000000E+00
     171        0          0          .0000000E+00
     172        0          0          .0000000E+00
     173        0          0          .0000000E+00
     174        0          0          .0000000E+00
     175        0          0          .0000000E+00
     176        0          0          .0000000E+00
     177        0          0          .0000000E+00
     178        0          0          .0000000E+00
     179        0          0          .0000000E+00
     180        0          0          .0000000E+00
     181        0          0          .0000000E+00
     182        0          0          .0000000E+00
     183        0          0          .0000000E+00
     184        0          0          .0000000E+00
     185        0          0          .0000000E+00
     186        0          0          .0000000E+00
     187        0          0          .0000000E+00
     188        0          0          .0000000E+00
     189        0          0          .0000000E+00
     190        0          0          .0000000E+00
     191        0          0          .0000000E+00
     192        0          0          .0000000E+00
     193        0          0          .0000000E+00
     194        0          0          .0000000E+00
     195        0          0          .0000000E+00
     196        0          0          .0000000E+00
     197        0          0          .0000000E+00
     198        0          0          .0000000E+00
     199        0          0          .0000000E+00
     200        0          0          .0000000E+00
     201        0          0          .0000000E+00
     202        0          0          .0000000E+00
     203        0          0          .0000000E+00
     204        0          0          .0000000E+00
     205        0          0          .0000000E+00
     206        0          0          .0000000E+00
     207        0          0          .0000000E+00
     208        0          0          .0000000E+00
     209        0          0          .0000000E+00
     210        0          0          .0000000E+00
     211        0          0          .0000000E+00
     212        0          0          .0000000E+00
     213        0          0          .0000000E+00
     214        0          0          .0000000E+00
     215        0          0          .0000000E+00
     216        0          0          .0000000E+00
     217        0          0          .0000000E+00
     218        0          0          .0000000E+00
     219        0          0          .0000000E+00
     220        0          0          .0000000E+00
     221        0          0          .0000000E+00
     222        0          0          .0000000E+00
     223        0          0          .0000000E+00
     224        0          0          .0000000E+00
     225        0          0          .0000000E+00
     226        0          0          .0000000E+00
     227        0          0          .0000000E+00
     228        0          0          .0000000E+00
     229        0          0          .0000000E+00
     230        0          0          .0000000E+00
     231        0          0          .0000000E+00
     232        0          0          .0000000E+00
     233        0          0          .0000000E+00
     234        0          0          .0000000E+00
     235        0          0          .0000000E+00
     236        0          0          .0000000E+00
     237        0          0          .0000000E+00
     238        0          0          .0000000E+00
     239        0          0          .0000000E+00
     240        0          0          .0000000E+00
     241        0          0          .0000000E+00
     242        0          0          .0000000E+00
     243        0        244          .0000000E+00
     244        0        243          .0000000E+00
     245        0          0          .0000000E+00
     246        0          0          .0000000E+00
     247        0          0          .0000000E+00
     248        0          0          .0000000E+00
     249        0          0          .0000000E+00
     250        0          0          .0000000E+00
     251        0          0          .0000000E+00
     252        0          0          .0000000E+00
     253        0          0          .0000000E+00
     254        0          0          .0000000E+00
     255        0          0          .0000000E+00
     256        0          0          .0000000E+00
     257        0          0          .0000000E+00
     258        0          0          .0000000E+00
     259        0          0          .0000000E+00
     260        0          0          .0000000E+00
     261        0          0          .0000000E+00
     262        0          0          .0000000E+00
     263        0          0          .0000000E+00
     264        0          0          .0000000E+00
     265        0          0          .0000000E+00
     266        0          0          .0000000E+00
     267        0          0          .0000000E+00
     268        0          0          .0000000E+00
     269        0          0          .0000000E+00
     270        0          0          .0000000E+00
     271        0          0          .0000000E+00
     272        0          0          .0000000E+00
     273        0          0          .0000000E+00
     274        0          0          .0000000E+00
     275        0          0          .0000000E+00
     276        0          0          .0000000E+00
     277        0          0          .0000000E+00
     278        0          0          .0000000E+00
     279        0          0          .0000000E+00
     280        0          0          .0000000E+00
     281        0          0          .0000000E+00
     282        0          0          .0000000E+00
     283        0          0          .0000000E+00
     284        0          0          .0000000E+00
     285        0          0          .0000000E+00
     286        0          0          .0000000E+00
     287        0          0          .0000000E+00
     288        0          0          .0000000E+00
     289        0          0          .0000000E+00
     290        0          0          .0000000E+00
     291        0          0          .0000000E+00
     292        0          0          .0000000E+00
     293        0          0          .0000000E+00
     294        0          0          .0000000E+00
     295        0          0          .0000000E+00
     296        0          0          .0000000E+00
     297        0          0          .0000000E+00
     298        0          0          .0000000E+00
     299        0          0          .0000000E+00
     300        0          0          .0000000E+00
     301        0          0          .0000000E+00
     302        0          0          .0000000E+00
     303        0          0          .0000000E+00
     304        0          0          .0000000E+00
     305        0          0          .0000000E+00
     306        0          0          .0000000E+00
     307        0          0          .0000000E+00
     308        0          0          .0000000E+00
     309        0          0          .0000000E+00
     310        0          0          .0000000E+00
     311        0          0          .0000000E+00
     312        0          0          .0000000E+00
     313        0          0          .0000000E+00
     314        0          0          .0000000E+00
     315        0          0          .0000000E+00
     316        0          0          .0000000E+00
     317        0          0          .0000000E+00
     318        0          0          .0000000E+00
     319        0          0          .0000000E+00
     320        0          0          .0000000E+00
     321        0          0          .0000000E+00
     322        0          0          .0000000E+00
     323        0          0          .0000000E+00
     324        0          1          .0000000E+00


  incidence of geometric nodes

      first node      second node

       1          1       2
       2          2       3
       3          3       4
       4          4       5
       5          5       6
       6          6       7
       7          7       8
       8          8       9
       9          9      10
      10         10      11
      11         11      12
      12         12      13
      13         13      14
      14         14      15
      15         15      16
      16         16      17
      17         17      18
      18         18      19
      19         19      20
      20         20      21
      21         21      22
      22         22      23
      23         23      24
      24         24      25
      25         25      26
      26         26      27
      27         27      28
      28         28      29
      29         29      30
      30         30      31
      31         31      32
      32         32      33
      33         33      34
      34         34      35
      35         35      36
      36         36      37
      37         37      38
      38         38      39
      39         39      40
      40         40      41
      41         41      42
      42         42      43
      43         43      44
      44         44      45
      45         45      46
      46         46      47
      47         47      48
      48         48      49
      49         49      50
      50         50      51
      51         51      52
      52         52      53
      53         53      54
      54         54      55
      55         55      56
      56         56      57
      57         57      58
      58         58      59
      59         59      60
      60         60      61
      61         61      62
      62         62      63
      63         63      64
      64         64      65
      65         65      66
      66         66      67
      67         67      68
      68         68      69
      69         69      70
      70         70      71
      71         71      72
      72         72      73
      73         73      74
      74         74      75
      75         75      76
      76         76      77
      77         77      78
      78         78      79
      79         79      80
      80         80      81
      81         82      83
      82         83      84
      83         84      85
      84         85      86
      85         86      87
      86         87      88
      87         88      89
      88         89      90
      89         90      91
      90         91      92
      91         92      93
      92         93      94
      93         94      95
      94         95      96
      95         96      97
      96         97      98
      97         98      99
      98         99     100
      99        100     101
     100        101     102
     101        102     103
     102        103     104
     103        104     105
     104        105     106
     105        106     107
     106        107     108
     107        108     109
     108        109     110
     109        110     111
     110        111     112
     111        112     113
     112        113     114
     113        114     115
     114        115     116
     115        116     117
     116        117     118
     117        118     119
     118        119     120
     119        120     121
     120        121     122
     121        122     123
     122        123     124
     123        124     125
     124        125     126
     125        126     127
     126        127     128
     127        128     129
     128        129     130
     129        130     131
     130        131     132
     131        132     133
     132        133     134
     133        134     135
     134        135     136
     135        136     137
     136        137     138
     137        138     139
     138        139     140
     139        140     141
     140        141     142
     141        142     143
     142        143     144
     143        144     145
     144        145     146
     145        146     147
     146        147     148
     147        148     149
     148        149     150
     149        150     151
     150        151     152
     151        152     153
     152        153     154
     153        154     155
     154        155     156
     155        156     157
     156        157     158
     157        158     159
     158        159     160
     159        160     161
     160        161     162
     161        163     164
     162        164     165
     163        165     166
     164        166     167
     165        167     168
     166        168     169
     167        169     170
     168        170     171
     169        171     172
     170        172     173
     171        173     174
     172        174     175
     173        175     176
     174        176     177
     175        177     178
     176        178     179
     177        179     180
     178        180     181
     179        181     182
     180        182     183
     181        183     184
     182        184     185
     183        185     186
     184        186     187
     185        187     188
     186        188     189
     187        189     190
     188        190     191
     189        191     192
     190        192     193
     191        193     194
     192        194     195
     193        195     196
     194        196     197
     195        197     198
     196        198     199
     197        199     200
     198        200     201
     199        201     202
     200        202     203
     201        203     204
     202        204     205
     203        205     206
     204        206     207
     205        207     208
     206        208     209
     207        209     210
     208        210     211
     209        211     212
     210        212     213
     211        213     214
     212        214     215
     213        215     216
     214        216     217
     215        217     218
     216        218     219
     217        219     220
     218        220     221
     219        221     222
     220        222     223
     221        223     224
     222        224     225
     223        225     226
     224        226     227
     225        227     228
     226        228     229
     227        229     230
     228        230     231
     229        231     232
     230        232     233
     231        233     234
     232        234     235
     233        235     236
     234        236     237
     235        237     238
     236        238     239
     237        239     240
     238        240     241
     239        241     242
     240        242     243
     241        244     245
     242        245     246
     243        246     247
     244        247     248
     245        248     249
     246        249     250
     247        250     251
     248        251     252
     249        252     253
     250        253     254
     251        254     255
     252        255     256
     253        256     257
     254        257     258
     255        258     259
     256        259     260
     257        260     261
     258        261     262
     259        262     263
     260        263     264
     261        264     265
     262        265     266
     263        266     267
     264        267     268
     265        268     269
     266        269     270
     267        270     271
     268        271     272
     269        272     273
     270        273     274
     271        274     275
     272        275     276
     273        276     277
     274        277     278
     275        278     279
     276        279     280
     277        280     281
     278        281     282
     279        282     283
     280        283     284
     281        284     285
     282        285     286
     283        286     287
     284        287     288
     285        288     289
     286        289     290
     287        290     291
     288        291     292
     289        292     293
     290        293     294
     291        294     295
     292        295     296
     293        296     297
     294        297     298
     295        298     299
     296        299     300
     297        300     301
     298        301     302
     299        302     303
     300        303     304
     301        304     305
     302        305     306
     303        306     307
     304        307     308
     305        308     309
     306        309     310
     307        310     311
     308        311     312
     309        312     313
     310        313     314
     311        314     315
     312        315     316
     313        316     317
     314        317     318
     315        318     319
     316        319     320
     317        320     321
     318        321     322
     319        322     323
     320        323     324
 NOVAS COORDENADAS DOS NOS DUPLOS
      .0002      .0000
      .0125      .0000
      .0250      .0000
      .0375      .0000
      .0500      .0000
      .0625      .0000
      .0750      .0000
      .0875      .0000
      .1000      .0000
      .1125      .0000
      .1250      .0000
      .1375      .0000
      .1500      .0000
      .1625      .0000
      .1750      .0000
      .1875      .0000
      .2000      .0000
      .2125      .0000
      .2250      .0000
      .2375      .0000
      .2500      .0000
      .2625      .0000
      .2750      .0000
      .2875      .0000
      .3000      .0000
      .3125      .0000
      .3250      .0000
      .3375      .0000
      .3500      .0000
      .3625      .0000
      .3750      .0000
      .3875      .0000
      .4000      .0000
      .4125      .0000
      .4250      .0000
      .4375      .0000
      .4500      .0000
      .4625      .0000
      .4750      .0000
      .4875      .0000
      .5000      .0000
      .5125      .0000
      .5250      .0000
      .5375      .0000
      .5500      .0000
      .5625      .0000
      .5750      .0000
      .5875      .0000
      .6000      .0000
      .6125      .0000
      .6250      .0000
      .6375      .0000
      .6500      .0000
      .6625      .0000
      .6750      .0000
      .6875      .0000
      .7000      .0000
      .7125      .0000
      .7250      .0000
      .7375      .0000
      .7500      .0000
      .7625      .0000
      .7750      .0000
      .7875      .0000
      .8000      .0000
      .8125      .0000
      .8250      .0000
      .8375      .0000
      .8500      .0000
      .8625      .0000
      .8750      .0000
      .8875      .0000
      .9000      .0000
      .9125      .0000
      .9250      .0000
      .9375      .0000
      .9500      .0000
      .9625      .0000
      .9750      .0000
      .9875      .0000
      .9998      .0000
     1.0000      .0002
     1.0000      .0125
     1.0000      .0250
     1.0000      .0375
     1.0000      .0500
     1.0000      .0625
     1.0000      .0750
     1.0000      .0875
     1.0000      .1000
     1.0000      .1125
     1.0000      .1250
     1.0000      .1375
     1.0000      .1500
     1.0000      .1625
     1.0000      .1750
     1.0000      .1875
     1.0000      .2000
     1.0000      .2125
     1.0000      .2250
     1.0000      .2375
     1.0000      .2500
     1.0000      .2625
     1.0000      .2750
     1.0000      .2875
     1.0000      .3000
     1.0000      .3125
     1.0000      .3250
     1.0000      .3375
     1.0000      .3500
     1.0000      .3625
     1.0000      .3750
     1.0000      .3875
     1.0000      .4000
     1.0000      .4125
     1.0000      .4250
     1.0000      .4375
     1.0000      .4500
     1.0000      .4625
     1.0000      .4750
     1.0000      .4875
     1.0000      .5000
     1.0000      .5125
     1.0000      .5250
     1.0000      .5375
     1.0000      .5500
     1.0000      .5625
     1.0000      .5750
     1.0000      .5875
     1.0000      .6000
     1.0000      .6125
     1.0000      .6250
     1.0000      .6375
     1.0000      .6500
     1.0000      .6625
     1.0000      .6750
     1.0000      .6875
     1.0000      .7000
     1.0000      .7125
     1.0000      .7250
     1.0000      .7375
     1.0000      .7500
     1.0000      .7625
     1.0000      .7750
     1.0000      .7875
     1.0000      .8000
     1.0000      .8125
     1.0000      .8250
     1.0000      .8375
     1.0000      .8500
     1.0000      .8625
     1.0000      .8750
     1.0000      .8875
     1.0000      .9000
     1.0000      .9125
     1.0000      .9250
     1.0000      .9375
     1.0000      .9500
     1.0000      .9625
     1.0000      .9750
     1.0000      .9875
     1.0000      .9998
      .9998     1.0000
      .9875     1.0000
      .9750     1.0000
      .9625     1.0000
      .9500     1.0000
      .9375     1.0000
      .9250     1.0000
      .9125     1.0000
      .9000     1.0000
      .8875     1.0000
      .8750     1.0000
      .8625     1.0000
      .8500     1.0000
      .8375     1.0000
      .8250     1.0000
      .8125     1.0000
      .8000     1.0000
      .7875     1.0000
      .7750     1.0000
      .7625     1.0000
      .7500     1.0000
      .7375     1.0000
      .7250     1.0000
      .7125     1.0000
      .7000     1.0000
      .6875     1.0000
      .6750     1.0000
      .6625     1.0000
      .6500     1.0000
      .6375     1.0000
      .6250     1.0000
      .6125     1.0000
      .6000     1.0000
      .5875     1.0000
      .5750     1.0000
      .5625     1.0000
      .5500     1.0000
      .5375     1.0000
      .5250     1.0000
      .5125     1.0000
      .5000     1.0000
      .4875     1.0000
      .4750     1.0000
      .4625     1.0000
      .4500     1.0000
      .4375     1.0000
      .4250     1.0000
      .4125     1.0000
      .4000     1.0000
      .3875     1.0000
      .3750     1.0000
      .3625     1.0000
      .3500     1.0000
      .3375     1.0000
      .3250     1.0000
      .3125     1.0000
      .3000     1.0000
      .2875     1.0000
      .2750     1.0000
      .2625     1.0000
      .2500     1.0000
      .2375     1.0000
      .2250     1.0000
      .2125     1.0000
      .2000     1.0000
      .1875     1.0000
      .1750     1.0000
      .1625     1.0000
      .1500     1.0000
      .1375     1.0000
      .1250     1.0000
      .1125     1.0000
      .1000     1.0000
      .0875     1.0000
      .0750     1.0000
      .0625     1.0000
      .0500     1.0000
      .0375     1.0000
      .0250     1.0000
      .0125     1.0000
      .0002     1.0000
      .0000      .9998
      .0000      .9875
      .0000      .9750
      .0000      .9625
      .0000      .9500
      .0000      .9375
      .0000      .9250
      .0000      .9125
      .0000      .9000
      .0000      .8875
      .0000      .8750
      .0000      .8625
      .0000      .8500
      .0000      .8375
      .0000      .8250
      .0000      .8125
      .0000      .8000
      .0000      .7875
      .0000      .7750
      .0000      .7625
      .0000      .7500
      .0000      .7375
      .0000      .7250
      .0000      .7125
      .0000      .7000
      .0000      .6875
      .0000      .6750
      .0000      .6625
      .0000      .6500
      .0000      .6375
      .0000      .6250
      .0000      .6125
      .0000      .6000
      .0000      .5875
      .0000      .5750
      .0000      .5625
      .0000      .5500
      .0000      .5375
      .0000      .5250
      .0000      .5125
      .0000      .5000
      .0000      .4875
      .0000      .4750
      .0000      .4625
      .0000      .4500
      .0000      .4375
      .0000      .4250
      .0000      .4125
      .0000      .4000
      .0000      .3875
      .0000      .3750
      .0000      .3625
      .0000      .3500
      .0000      .3375
      .0000      .3250
      .0000      .3125
      .0000      .3000
      .0000      .2875
      .0000      .2750
      .0000      .2625
      .0000      .2500
      .0000      .2375
      .0000      .2250
      .0000      .2125
      .0000      .2000
      .0000      .1875
      .0000      .1750
      .0000      .1625
      .0000      .1500
      .0000      .1375
      .0000      .1250
      .0000      .1125
      .0000      .1000
      .0000      .0875
      .0000      .0750
      .0000      .0625
      .0000      .0500
      .0000      .0375
      .0000      .0250
      .0000      .0125
      .0000      .0002
   
 VALORES DE DFI  ************************************
      1   .1250
      2   .1260
      3   .1270
      4   .1280
      5   .1291
      6   .1301
      7   .1312
      8   .1323
      9   .1334
     10   .1345
     11   .1356
     12   .1367
     13   .1379
     14   .1390
     15   .1402
     16   .1414
     17   .1426
     18   .1438
     19   .1451
     20   .1463
     21   .1476
     22   .1489
     23   .1502
     24   .1515
     25   .1528
     26   .1541
     27   .1555
     28   .1569
     29   .1583
     30   .1597
     31   .1611
     32   .1625
     33   .1640
     34   .1655
     35   .1669
     36   .1685
     37   .1700
     38   .1715
     39   .1731
     40   .1746
     41   .1762
     42   .1778
     43   .1794
     44   .1811
     45   .1827
     46   .1844
     47   .1860
     48   .1877
     49   .1894
     50   .1912
     51   .1929
     52   .1947
     53   .1964
     54   .1982
     55   .2000
     56   .2018
     57   .2036
     58   .2054
     59   .2073
     60   .2091
     61   .2110
     62   .2129
     63   .2148
     64   .2167
     65   .2186
     66   .2205
     67   .2224
     68   .2244
     69   .2263
     70   .2283
     71   .2302
     72   .2322
     73   .2341
     74   .2361
     75   .2381
     76   .2401
     77   .2420
     78   .2440
     79   .2460
     80   .2480
     81   .2500
     82  -.5000
     83  -.5000
     84  -.5000
     85  -.5000
     86  -.5000
     87  -.5000
     88  -.5000
     89  -.5000
     90  -.5000
     91  -.5000
     92  -.5000
     93  -.5000
     94  -.5000
     95  -.5000
     96  -.5000
     97  -.5000
     98  -.5000
     99  -.5000
    100  -.5000
    101  -.5000
    102  -.5000
    103  -.5000
    104  -.5000
    105  -.5000
    106  -.5000
    107  -.5000
    108  -.5000
    109  -.5000
    110  -.5000
    111  -.5000
    112  -.5000
    113  -.5000
    114  -.5000
    115  -.5000
    116  -.5000
    117  -.5000
    118  -.5000
    119  -.5000
    120  -.5000
    121  -.5000
    122  -.5000
    123  -.5000
    124  -.5000
    125  -.5000
    126  -.5000
    127  -.5000
    128  -.5000
    129  -.5000
    130  -.5000
    131  -.5000
    132  -.5000
    133  -.5000
    134  -.5000
    135  -.5000
    136  -.5000
    137  -.5000
    138  -.5000
    139  -.5000
    140  -.5000
    141  -.5000
    142  -.5000
    143  -.5000
    144  -.5000
    145  -.5000
    146  -.5000
    147  -.5000
    148  -.5000
    149  -.5000
    150  -.5000
    151  -.5000
    152  -.5000
    153  -.5000
    154  -.5000
    155  -.5000
    156  -.5000
    157  -.5000
    158  -.5000
    159  -.5000
    160  -.5000
    161  -.5000
    162  -.5000
    163   .2500
    164   .2480
    165   .2460
    166   .2440
    167   .2420
    168   .2401
    169   .2381
    170   .2361
    171   .2341
    172   .2322
    173   .2302
    174   .2283
    175   .2263
    176   .2244
    177   .2224
    178   .2205
    179   .2186
    180   .2167
    181   .2148
    182   .2129
    183   .2110
    184   .2091
    185   .2073
    186   .2054
    187   .2036
    188   .2018
    189   .2000
    190   .1982
    191   .1964
    192   .1947
    193   .1929
    194   .1912
    195   .1894
    196   .1877
    197   .1860
    198   .1844
    199   .1827
    200   .1811
    201   .1794
    202   .1778
    203   .1762
    204   .1746
    205   .1731
    206   .1715
    207   .1700
    208   .1685
    209   .1669
    210   .1655
    211   .1640
    212   .1625
    213   .1611
    214   .1597
    215   .1583
    216   .1569
    217   .1555
    218   .1541
    219   .1528
    220   .1515
    221   .1502
    222   .1489
    223   .1476
    224   .1463
    225   .1451
    226   .1438
    227   .1426
    228   .1414
    229   .1402
    230   .1390
    231   .1379
    232   .1367
    233   .1356
    234   .1345
    235   .1334
    236   .1323
    237   .1312
    238   .1301
    239   .1291
    240   .1280
    241   .1270
    242   .1260
    243   .1250
    244   .1250
    245   .1260
    246   .1270
    247   .1279
    248   .1289
    249   .1298
    250   .1307
    251   .1316
    252   .1325
    253   .1334
    254   .1342
    255   .1350
    256   .1358
    257   .1366
    258   .1374
    259   .1381
    260   .1388
    261   .1395
    262   .1402
    263   .1408
    264   .1414
    265   .1420
    266   .1426
    267   .1431
    268   .1436
    269   .1441
    270   .1445
    271   .1449
    272   .1453
    273   .1457
    274   .1460
    275   .1463
    276   .1466
    277   .1468
    278   .1470
    279   .1472
    280   .1473
    281   .1474
    282   .1475
    283   .1476
    284   .1476
    285   .1476
    286   .1475
    287   .1474
    288   .1473
    289   .1472
    290   .1470
    291   .1468
    292   .1466
    293   .1463
    294   .1460
    295   .1457
    296   .1453
    297   .1449
    298   .1445
    299   .1441
    300   .1436
    301   .1431
    302   .1426
    303   .1420
    304   .1414
    305   .1408
    306   .1402
    307   .1395
    308   .1388
    309   .1381
    310   .1374
    311   .1366
    312   .1358
    313   .1350
    314   .1342
    315   .1334
    316   .1325
    317   .1316
    318   .1307
    319   .1298
    320   .1289
    321   .1279
    322   .1270
    323   .1260
    324   .1250
    325   .1295
    326   .1345
    327   .1398
    328   .1454
    329   .1513
    330   .1576
    331   .1644
    332   .1716
    333   .1792
    334   .1874
    335   .1962
    336   .2056
    337   .2160
    338   .2276
    339   .2412
    340   .2588
    341   .2876
    342   .3705
    343   .1339
    344   .1394
    345   .1453
    346   .1517
    347   .1585
    348   .1658
    349   .1738
    350   .1824
    351   .1918
    352   .2021
    353   .2135
    354   .2264
    355   .2412
    356   .2588
    357   .2812
    358   .3121
    359   .3606
    360   .4440
    361   .1380
    362   .1440
    363   .1505
    364   .1575
    365   .1651
    366   .1734
    367   .1825
    368   .1924
    369   .2034
    370   .2157
    371   .2295
    372   .2452
    373   .2636
    374   .2857
    375   .3134
    376   .3495
    377   .3986
    378   .4634
    379   .1415
    380   .1480
    381   .1550
    382   .1627
    383   .1711
    384   .1802
    385   .1903
    386   .2015
    387   .2139
    388   .2278
    389   .2435
    390   .2615
    391   .2825
    392   .3073
    393   .3373
    394   .3741
    395   .4192
    396   .4719
    397   .1446
    398   .1515
    399   .1590
    400   .1672
    401   .1762
    402   .1861
    403   .1971
    404   .2092
    405   .2228
    406   .2381
    407   .2553
    408   .2750
    409   .2976
    410   .3238
    411   .3544
    412   .3901
    413   .4312
    414   .4765
    415   .1472
    416   .1544
    417   .1623
    418   .1709
    419   .1805
    420   .1910
    421   .2026
    422   .2156
    423   .2301
    424   .2464
    425   .2647
    426   .2855
    427   .3090
    428   .3359
    429   .3664
    430   .4007
    431   .4386
    432   .4792
    433   .1491
    434   .1566
    435   .1648
    436   .1738
    437   .1837
    438   .1947
    439   .2069
    440   .2205
    441   .2356
    442   .2526
    443   .2717
    444   .2931
    445   .3172
    446   .3443
    447   .3744
    448   .4075
    449   .4433
    450   .4809
    451   .1505
    452   .1581
    453   .1665
    454   .1757
    455   .1859
    456   .1972
    457   .2097
    458   .2237
    459   .2393
    460   .2568
    461   .2763
    462   .2981
    463   .3225
    464   .3495
    465   .3793
    466   .4116
    467   .4460
    468   .4818
    469   .1511
    470   .1589
    471   .1673
    472   .1767
    473   .1870
    474   .1985
    475   .2112
    476   .2254
    477   .2412
    478   .2588
    479   .2786
    480   .3006
    481   .3251
    482   .3521
    483   .3817
    484   .4135
    485   .4473
    486   .4823
    487   .1511
    488   .1589
    489   .1673
    490   .1767
    491   .1870
    492   .1985
    493   .2112
    494   .2254
    495   .2412
    496   .2588
    497   .2786
    498   .3006
    499   .3251
    500   .3521
    501   .3817
    502   .4135
    503   .4473
    504   .4823
    505   .1505
    506   .1581
    507   .1665
    508   .1757
    509   .1859
    510   .1972
    511   .2097
    512   .2237
    513   .2393
    514   .2568
    515   .2763
    516   .2981
    517   .3225
    518   .3495
    519   .3793
    520   .4116
    521   .4460
    522   .4818
    523   .1491
    524   .1566
    525   .1648
    526   .1738
    527   .1837
    528   .1947
    529   .2069
    530   .2205
    531   .2356
    532   .2526
    533   .2717
    534   .2931
    535   .3172
    536   .3443
    537   .3744
    538   .4075
    539   .4433
    540   .4809
    541   .1472
    542   .1544
    543   .1623
    544   .1709
    545   .1805
    546   .1910
    547   .2026
    548   .2156
    549   .2301
    550   .2464
    551   .2647
    552   .2855
    553   .3090
    554   .3359
    555   .3664
    556   .4007
    557   .4386
    558   .4792
    559   .1446
    560   .1515
    561   .1590
    562   .1672
    563   .1762
    564   .1861
    565   .1971
    566   .2092
    567   .2228
    568   .2381
    569   .2553
    570   .2750
    571   .2976
    572   .3238
    573   .3544
    574   .3901
    575   .4312
    576   .4765
    577   .1415
    578   .1480
    579   .1550
    580   .1627
    581   .1711
    582   .1802
    583   .1903
    584   .2015
    585   .2139
    586   .2278
    587   .2435
    588   .2615
    589   .2825
    590   .3073
    591   .3373
    592   .3741
    593   .4192
    594   .4719
    595   .1380
    596   .1440
    597   .1505
    598   .1575
    599   .1651
    600   .1734
    601   .1825
    602   .1924
    603   .2034
    604   .2157
    605   .2295
    606   .2452
    607   .2636
    608   .2857
    609   .3134
    610   .3495
    611   .3986
    612   .4634
    613   .1339
    614   .1394
    615   .1453
    616   .1517
    617 