Exemplo de barra bidimensional          
320
324
324
  1    .00000     .00000
  2    .01250     .00000
  3    .02500     .00000
  4    .03750     .00000
  5    .05000     .00000
  6    .06250     .00000
  7    .07500     .00000
  8    .08750     .00000
  9    .10000     .00000
 10    .11250     .00000
 11    .12500     .00000
 12    .13750     .00000
 13    .15000     .00000
 14    .16250     .00000
 15    .17500     .00000
 16    .18750     .00000
 17    .20000     .00000
 18    .21250     .00000
 19    .22500     .00000
 20    .23750     .00000
 21    .25000     .00000
 22    .26250     .00000
 23    .27500     .00000
 24    .28750     .00000
 25    .30000     .00000
 26    .31250     .00000
 27    .32500     .00000
 28    .33750     .00000
 29    .35000     .00000
 30    .36250     .00000
 31    .37500     .00000
 32    .38750     .00000
 33    .40000     .00000
 34    .41250     .00000
 35    .42500     .00000
 36    .43750     .00000
 37    .45000     .00000
 38    .46250     .00000
 39    .47500     .00000
 40    .48750     .00000
 41    .50000     .00000
 42    .51250     .00000
 43    .52500     .00000
 44    .53750     .00000
 45    .55000     .00000
 46    .56250     .00000
 47    .57500     .00000
 48    .58750     .00000
 49    .60000     .00000
 50    .61250     .00000
 51    .62500     .00000
 52    .63750     .00000
 53    .65000     .00000
 54    .66250     .00000
 55    .67500     .00000
 56    .68750     .00000
 57    .70000     .00000
 58    .71250     .00000
 59    .72500     .00000
 60    .73750     .00000
 61    .75000     .00000
 62    .76250     .00000
 63    .77500     .00000
 64    .78750     .00000
 65    .80000     .00000
 66    .81250     .00000
 67    .82500     .00000
 68    .83750     .00000
 69    .85000     .00000
 70    .86250     .00000
 71    .87500     .00000
 72    .88750     .00000
 73    .90000     .00000
 74    .91250     .00000
 75    .92500     .00000
 76    .93750     .00000
 77    .95000     .00000
 78    .96250     .00000
 79    .97500     .00000
 80    .98750     .00000
 81   1.00000     .00000
 82   1.00000     .00000
 83   1.00000     .01250
 84   1.00000     .02500
 85   1.00000     .03750
 86   1.00000     .05000
 87   1.00000     .06250
 88   1.00000     .07500
 89   1.00000     .08750
 90   1.00000     .10000
 91   1.00000     .11250
 92   1.00000     .12500
 93   1.00000     .13750
 94   1.00000     .15000
 95   1.00000     .16250
 96   1.00000     .17500
 97   1.00000     .18750
 98   1.00000     .20000
 99   1.00000     .21250
100   1.00000     .22500
101   1.00000     .23750
102   1.00000     .25000
103   1.00000     .26250
104   1.00000     .27500
105   1.00000     .28750
106   1.00000     .30000
107   1.00000     .31250
108   1.00000     .32500
109   1.00000     .33750
110   1.00000     .35000
111   1.00000     .36250
112   1.00000     .37500
113   1.00000     .38750
114   1.00000     .40000
115   1.00000     .41250
116   1.00000     .42500
117   1.00000     .43750
118   1.00000     .45000
119   1.00000     .46250
120   1.00000     .47500
121   1.00000     .48750
122   1.00000     .50000
123   1.00000     .51250
124   1.00000     .52500
125   1.00000     .53750
126   1.00000     .55000
127   1.00000     .56250
128   1.00000     .57500
129   1.00000     .58750
130   1.00000     .60000
131   1.00000     .61250
132   1.00000     .62500
133   1.00000     .63750
134   1.00000     .65000
135   1.00000     .66250
136   1.00000     .67500
137   1.00000     .68750
138   1.00000     .70000
139   1.00000     .71250
140   1.00000     .72500
141   1.00000     .73750
142   1.00000     .75000
143   1.00000     .76250
144   1.00000     .77500
145   1.00000     .78750
146   1.00000     .80000
147   1.00000     .81250
148   1.00000     .82500
149   1.00000     .83750
150   1.00000     .85000
151   1.00000     .86250
152   1.00000     .87500
153   1.00000     .88750
154   1.00000     .90000
155   1.00000     .91250
156   1.00000     .92500
157   1.00000     .93750
158   1.00000     .95000
159   1.00000     .96250
160   1.00000     .97500
161   1.00000     .98750
162   1.00000    1.00000
163   1.00000    1.00000
164    .98750    1.00000
165    .97500    1.00000
166    .96250    1.00000
167    .95000    1.00000
168    .93750    1.00000
169    .92500    1.00000
170    .91250    1.00000
171    .90000    1.00000
172    .88750    1.00000
173    .87500    1.00000
174    .86250    1.00000
175    .85000    1.00000
176    .83750    1.00000
177    .82500    1.00000
178    .81250    1.00000
179    .80000    1.00000
180    .78750    1.00000
181    .77500    1.00000
182    .76250    1.00000
183    .75000    1.00000
184    .73750    1.00000
185    .72500    1.00000
186    .71250    1.00000
187    .70000    1.00000
188    .68750    1.00000
189    .67500    1.00000
190    .66250    1.00000
191    .65000    1.00000
192    .63750    1.00000
193    .62500    1.00000
194    .61250    1.00000
195    .60000    1.00000
196    .58750    1.00000
197    .57500    1.00000
198    .56250    1.00000
199    .55000    1.00000
200    .53750    1.00000
201    .52500    1.00000
202    .51250    1.00000
203    .50000    1.00000
204    .48750    1.00000
205    .47500    1.00000
206    .46250    1.00000
207    .45000    1.00000
208    .43750    1.00000
209    .42500    1.00000
210    .41250    1.00000
211    .40000    1.00000
212    .38750    1.00000
213    .37500    1.00000
214    .36250    1.00000
215    .35000    1.00000
216    .33750    1.00000
217    .32500    1.00000
218    .31250    1.00000
219    .30000    1.00000
220    .28750    1.00000
221    .27500    1.00000
222    .26250    1.00000
223    .25000    1.00000
224    .23750    1.00000
225    .22500    1.00000
226    .21250    1.00000
227    .20000    1.00000
228    .18750    1.00000
229    .17500    1.00000
230    .16250    1.00000
231    .15000    1.00000
232    .13750    1.00000
233    .12500    1.00000
234    .11250    1.00000
235    .10000    1.00000
236    .08750    1.00000
237    .07500    1.00000
238    .06250    1.00000
239    .05000    1.00000
240    .03750    1.00000
241    .02500    1.00000
242    .01250    1.00000
243    .00000    1.00000
244    .00000    1.00000
245    .00000     .98750
246    .00000     .97500
247    .00000     .96250
248    .00000     .95000
249    .00000     .93750
250    .00000     .92500
251    .00000     .91250
252    .00000     .90000
253    .00000     .88750
254    .00000     .87500
255    .00000     .86250
256    .00000     .85000
257    .00000     .83750
258    .00000     .82500
259    .00000     .81250
260    .00000     .80000
261    .00000     .78750
262    .00000     .77500
263    .00000     .76250
264    .00000     .75000
265    .00000     .73750
266    .00000     .72500
267    .00000     .71250
268    .00000     .70000
269    .00000     .68750
270    .00000     .67500
271    .00000     .66250
272    .00000     .65000
273    .00000     .63750
274    .00000     .62500
275    .00000     .61250
276    .00000     .60000
277    .00000     .58750
278    .00000     .57500
279    .00000     .56250
280    .00000     .55000
281    .00000     .53750
282    .00000     .52500
283    .00000     .51250
284    .00000     .50000
285    .00000     .48750
286    .00000     .47500
287    .00000     .46250
288    .00000     .45000
289    .00000     .43750
290    .00000     .42500
291    .00000     .41250
292    .00000     .40000
293    .00000     .38750
294    .00000     .37500
295    .00000     .36250
296    .00000     .35000
297    .00000     .33750
298    .00000     .32500
299    .00000     .31250
300    .00000     .30000
301    .00000     .28750
302    .00000     .27500
303    .00000     .26250
304    .00000     .25000
305    .00000     .23750
306    .00000     .22500
307    .00000     .21250
308    .00000     .20000
309    .00000     .18750
310    .00000     .17500
311    .00000     .16250
312    .00000     .15000
313    .00000     .13750
314    .00000     .12500
315    .00000     .11250
316    .00000     .10000
317    .00000     .08750
318    .00000     .07500
319    .00000     .06250
320    .00000     .05000
321    .00000     .03750
322    .00000     .02500
323    .00000     .01250
324    .00000     .00000
325    .02778     .02778
326    .08333     .02778
327    .13889     .02778
328    .19444     .02778
329    .25000     .02778
330    .30556     .02778
331    .36111     .02778
332    .41667     .02778
333    .47222     .02778
334    .52778     .02778
335    .58333     .02778
336    .63889     .02778
337    .69444     .02778
338    .75000     .02778
339    .80556     .02778
340    .86111     .02778
341    .91667     .02778
342    .97222     .02778
343    .02778     .08333
344    .08333     .08333
345    .13889     .08333
346    .19444     .08333
347    .25000     .08333
348    .30556     .08333
349    .36111     .08333
350    .41667     .08333
351    .47222     .08333
352    .52778     .08333
353    .58333     .08333
354    .63889     .08333
355    .69444     .08333
356    .75000     .08333
357    .80556     .08333
358    .86111     .08333
359    .91667     .08333
360    .97222     .08333
361    .02778     .13889
362    .08333     .13889
363    .13889     .13889
364    .19444     .13889
365    .25000     .13889
366    .30556     .13889
367    .36111     .13889
368    .41667     .13889
369    .47222     .13889
370    .52778     .13889
371    .58333     .13889
372    .63889     .13889
373    .69444     .13889
374    .75000     .13889
375    .80556     .13889
376    .86111     .13889
377    .91667     .13889
378    .97222     .13889
379    .02778     .19444
380    .08333     .19444
381    .13889     .19444
382    .19444     .19444
383    .25000     .19444
384    .30556     .19444
385    .36111     .19444
386    .41667     .19444
387    .47222     .19444
388    .52778     .19444
389    .58333     .19444
390    .63889     .19444
391    .69444     .19444
392    .75000     .19444
393    .80556     .19444
394    .86111     .19444
395    .91667     .19444
396    .97222     .19444
397    .02778     .25000
398    .08333     .25000
399    .13889     .25000
400    .19444     .25000
401    .25000     .25000
402    .30556     .25000
403    .36111     .25000
404    .41667     .25000
405    .47222     .25000
406    .52778     .25000
407    .58333     .25000
408    .63889     .25000
409    .69444     .25000
410    .75000     .25000
411    .80556     .25000
412    .86111     .25000
413    .91667     .25000
414    .97222     .25000
415    .02778     .30556
416    .08333     .30556
417    .13889     .30556
418    .19444     .30556
419    .25000     .30556
420    .30556     .30556
421    .36111     .30556
422    .41667     .30556
423    .47222     .30556
424    .52778     .30556
425    .58333     .30556
426    .63889     .30556
427    .69444     .30556
428    .75000     .30556
429    .80556     .30556
430    .86111     .30556
431    .91667     .30556
432    .97222     .30556
433    .02778     .36111
434    .08333     .36111
435    .13889     .36111
436    .19444     .36111
437    .25000     .36111
438    .30556     .36111
439    .36111     .36111
440    .41667     .36111
441    .47222     .36111
442    .52778     .36111
443    .58333     .36111
444    .63889     .36111
445    .69444     .36111
446    .75000     .36111
447    .80556     .36111
448    .86111     .36111
449    .91667     .36111
450    .97222     .36111
451    .02778     .41667
452    .08333     .41667
453    .13889     .41667
454    .19444     .41667
455    .25000     .41667
456    .30556     .41667
457    .36111     .41667
458    .41667     .41667
459    .47222     .41667
460    .52778     .41667
461    .58333     .41667
462    .63889     .41667
463    .69444     .41667
464    .75000     .41667
465    .80556     .41667
466    .86111     .41667
467    .91667     .41667
468    .97222     .41667
469    .02778     .47222
470    .08333     .47222
471    .13889     .47222
472    .19444     .47222
473    .25000     .47222
474    .30556     .47222
475    .36111     .47222
476    .41667     .47222
477    .47222     .47222
478    .52778     .47222
479    .58333     .47222
480    .63889     .47222
481    .69444     .47222
482    .75000     .47222
483    .80556     .47222
484    .86111     .47222
485    .91667     .47222
486    .97222     .47222
487    .02778     .52778
488    .08333     .52778
489    .13889     .52778
490    .19444     .52778
491    .25000     .52778
492    .30556     .52778
493    .36111     .52778
494    .41667     .52778
495    .47222     .52778
496    .52778     .52778
497    .58333     .52778
498    .63889     .52778
499    .69444     .52778
500    .75000     .52778
501    .80556     .52778
502    .86111     .52778
503    .91667     .52778
504    .97222     .52778
505    .02778     .58333
506    .08333     .58333
507    .13889     .58333
508    .19444     .58333
509    .25000     .58333
510    .30556     .58333
511    .36111     .58333
512    .41667     .58333
513    .47222     .58333
514    .52778     .58333
515    .58333     .58333
516    .63889     .58333
517    .69444     .58333
518    .75000     .58333
519    .80556     .58333
520    .86111     .58333
521    .91667     .58333
522    .97222     .58333
523    .02778     .63889
524    .08333     .63889
525    .13889     .63889
526    .19444     .63889
527    .25000     .63889
528    .30556     .63889
529    .36111     .63889
530    .41667     .63889
531    .47222     .63889
532    .52778     .63889
533    .58333     .63889
534    .63889     .63889
535    .69444     .63889
536    .75000     .63889
537    .80556     .63889
538    .86111     .63889
539    .91667     .63889
540    .97222     .63889
541    .02778     .69444
542    .08333     .69444
543    .13889     .69444
544    .19444     .69444
545    .25000     .69444
546    .30556     .69444
547    .36111     .69444
548    .41667     .69444
549    .47222     .69444
550    .52778     .69444
551    .58333     .69444
552    .63889     .69444
553    .69444     .69444
554    .75000     .69444
555    .80556     .69444
556    .86111     .69444
557    .91667     .69444
558    .97222     .69444
559    .02778     .75000
560    .08333     .75000
561    .13889     .75000
562    .19444     .75000
563    .25000     .75000
564    .30556     .75000
565    .36111     .75000
566    .41667     .75000
567    .47222     .75000
568    .52778     .75000
569    .58333     .75000
570    .63889     .75000
571    .69444     .75000
572    .75000     .75000
573    .80556     .75000
574    .86111     .75000
575    .91667     .75000
576    .97222     .75000
577    .02778     .80556
578    .08333     .80556
579    .13889     .80556
580    .19444     .80556
581    .25000     .80556
582    .30556     .80556
583    .36111     .80556
584    .41667     .80556
585    .47222     .80556
586    .52778     .80556
587    .58333     .80556
588    .63889     .80556
589    .69444     .80556
590    .75000     .80556
591    .80556     .80556
592    .86111     .80556
593    .91667     .80556
594    .97222     .80556
595    .02778     .86111
596    .08333     .86111
597    .13889     .86111
598    .19444     .86111
599    .25000     .86111
600    .30556     .86111
601    .36111     .86111
602    .41667     .86111
603    .47222     .86111
604    .52778     .86111
605    .58333     .86111
606    .63889     .86111
607    .69444     .86111
608    .75000     .86111
609    .80556     .86111
610    .86111     .86111
611    .91667     .86111
612    .97222     .86111
613    .02778     .91667
614    .08333     .91667
615    .13889     .91667
616    .19444     .91667
617    .25000     .91667
618    .30556     .91667
619    .36111     .91667
620    .41667     .91667
621    .47222     .91667
622    .52778     .91667
623    .58333     .91667
624    .63889     .91667
625    .69444     .91667
626    .75000     .91667
627    .80556     .91667
628    .86111     .91667
629    .91667     .91667
630    .97222     .91667
631    .02778     .97222
632    .08333     .97222
633    .13889     .97222
634    .19444     .97222
635    .25000     .97222
636    .30556     .97222
637    .36111     .97222
638    .41667     .97222
639    .47222     .97222
640    .52778     .97222
641    .58333     .97222
642    .63889     .97222
643    .69444     .97222
644    .75000     .97222
645    .80556     .97222
646    .86111     .97222
647    .91667     .97222
648    .97222     .97222
   0  324     .000
   0    0     .000
   0    0     .000
   0    0     .000
   0    0     .000
   0    0     .000
   0    0     .000
   0    0     .000
   0    0     .000
   0    0     .000
   0    0     .000
   0    0     .000
   0    0     .000
   0    0     .000
   0    0     .000
   0    0     .000
   0    0     .000
   0    0     .000
   0    0     .000
   0    0     .000
   0    0     .000
   0    0     .000
   0    0     .000
   0    0     .000
   0    0     .000
   0    0     .000
   0    0     .000
   0    0     .000
   0    0     .000
   0    0     .000
   0    0     .000
   0    0     .000
   0    0     .000
   0    0     .000
   0    0     .000
   0    0     .000
   0    0     .000
   0    0     .000
   0    0     .000
   0    0     .000
   0    0     .000
   0    0     .000
   0    0     .000
   0    0     .000
   0    0     .000
   0    0     .000
   0    0     .000
   0    0     .000
   0    0     .000
   0    0     .000
   0    0     .000
   0    0     .000
   0    0     .000
   0    0     .000
   0    0     .000
   0    0     .000
   0    0     .000
   0    0     .000
   0    0     .000
   0    0     .000
   0    0     .000
   0    0     .000
   0    0     .000
   0    0     .000
   0    0     .000
   0    0     .000
   0    0     .000
   0    0     .000
   0    0     .000
   0    0     .000
   0    0     .000
   0    0     .000
   0    0     .000
   0    0     .000
   0    0     .000
   0    0     .000
   0    0     .000
   0    0     .000
   0    0     .000
   0    0     .000
   0   82     .000
   0   81     .000
   0    0     .000
   0    0     .000
   0    0     .000
   0    0     .000
   0    0     .000
   0    0     .000
   0    0     .000
   0    0     .000
   0    0     .000
   0    0     .000
   0    0     .000
   0    0     .000
   0    0     .000
   0    0     .000
   0    0     .000
   0    0     .000
   0    0     .000
   0    0     .000
   0    0     .000
   0    0     .000
   0    0     .000
   0    0     .000
   0    0     .000
   0    0     .000
   0    0     .000
   0    0     .000
   0    0     .000
   0    0     .000
   0    0     .000
   0    0     .000
   0    0     .000
   0    0     .000
   0    0     .000
   0    0     .000
   0    0     .000
   0    0     .000
   0    0     .000
   0    0     .000
   0    0     .000
   0    0     .000
   0    0     .000
   0    0     .000
   0    0     .000
   0    0     .000
   0    0     .000
   0    0     .000
   0    0     .000
   0    0     .000
   0    0     .000
   0    0     .000
   0    0     .000
   0    0     .000
   0    0     .000
   0    0     .000
   0    0     .000
   0    0     .000
   0    0     .000
   0    0     .000
   0    0     .000
   0    0     .000
   0    0     .000
   0    0     .000
   0    0     .000
   0    0     .000
   0    0     .000
   0    0     .000
   0    0     .000
   0    0     .000
   0    0     .000
   0    0     .000
   0    0     .000
   0    0     .000
   0    0     .000
   0    0     .000
   0    0     .000
   0    0     .000
   0    0     .000
   0    0     .000
   0    0     .000
   0   163    .000
   0   162    .000
   0    0     .000
   0    0     .000
   0    0     .000
   0    0     .000
   0    0     .000
   0    0     .000
   0    0     .000
   0    0     .000
   0    0     .000
   0    0     .000
   0    0     .000
   0    0     .000
   0    0     .000
   0    0     .000
   0    0     .000
   0    0     .000
   0    0     .000
   0    0     .000
   0    0     .000
   0    0     .000
   0    0     .000
   0    0     .000
   0    0     .000
   0    0     .000
   0    0     .000
   0    0     .000
   0    0     .000
   0    0     .000
   0    0     .000
   0    0     .000
   0    0     .000
   0    0     .000
   0    0     .000
   0    0     .000
   0    0     .000
   0    0     .000
   0    0     .000
   0    0     .000
   0    0     .000
   0    0     .000
   0    0     .000
   0    0     .000
   0    0     .000
   0    0     .000
   0    0     .000
   0    0     .000
   0    0     .000
   0    0     .000
   0    0     .000
   0    0     .000
   0    0     .000
   0    0     .000
   0    0     .000
   0    0     .000
   0    0     .000
   0    0     .000
   0    0     .000
   0    0     .000
   0    0     .000
   0    0     .000
   0    0     .000
   0    0     .000
   0    0     .000
   0    0     .000
   0    0     .000
   0    0     .000
   0    0     .000
   0    0     .000
   0    0     .000
   0    0     .000
   0    0     .000
   0    0     .000
   0    0     .000
   0    0     .000
   0    0     .000
   0    0     .000
   0    0     .000
   0    0     .000
   0    0     .000
   0  244     .000
   0  243     .000
   0    0     .000
   0    0     .000
   0    0     .000
   0    0     .000
   0    0     .000
   0    0     .000
   0    0     .000
   0    0     .000
   0    0     .000
   0    0     .000
   0    0     .000
   0    0     .000
   0    0     .000
   0    0     .000
   0    0     .000
   0    0     .000
   0    0     .000
   0    0     .000
   0    0     .000
   0    0     .000
   0    0     .000
   0    0     .000
   0    0     .000
   0    0     .000
   0    0     .000
   0    0     .000
   0    0     .000
   0    0     .000
   0    0     .000
   0    0     .000
   0    0     .000
   0    0     .000
   0    0     .000
   0    0     .000
   0    0     .000
   0    0     .000
   0    0     .000
   0    0     .000
   0    0     .000
   0    0     .000
   0    0     .000
   0    0     .000
   0    0     .000
   0    0     .000
   0    0     .000
   0    0     .000
   0    0     .000
   0    0     .000
   0    0     .000
   0    0     .000
   0    0     .000
   0    0     .000
   0    0     .000
   0    0     .000
   0    0     .000
   0    0     .000
   0    0     .000
   0    0     .000
   0    0     .000
   0    0     .000
   0    0     .000
   0    0     .000
   0    0     .000
   0    0     .000
   0    0     .000
   0    0     .000
   0    0     .000
   0    0     .000
   0    0     .000
   0    0     .000
   0    0     .000
   0    0     .000
   0    0     .000
   0    0     .000
   0    0     .000
   0    0     .000
   0    0     .000
   0    0     .000
   0    0     .000
   0    1     .000
  1    2
  2    3
  3    4
  4    5
  5    6
  6    7
  7    8
  8    9
  9   10
 10   11
 11   12
 12   13
 13   14
 14   15
 15   16
 16   17
 17   18
 18   19
 19   20
 20   21
 21   22
 22   23
 23   24
 24   25
 25   26
 26   27
 27   28
 28   29
 29   30
 30   31
 31   32
 32   33
 33   34
 34   35
 35   36
 36   37
 37   38
 38   39
 39   40
 40   41
 41   42
 42   43
 43   44
 44   45
 45   46
 46   47
 47   48
 48   49
 49   50
 50   51
 51   52
 52   53
 53   54
 54   55
 55   56
 56   57
 57   58
 58   59
 59   60
 60   61
 61   62
 62   63
 63   64
 64   65
 65   66
 66   67
 67   68
 68   69
 69   70
 70   71
 71   72
 72   73
 73   74
 74   75
 75   76
 76   77
 77   78
 78   79
 79   80
 80   81
 82   83
 83   84
 84   85
 85   86
 86   87
 87   88
 88   89
 89   90
 90   91
 91   92
 92   93
 93   94
 94   95
 95   96
 96   97
 97   98
 98   99
 99  100
100  101
101  102
102  103
103  104
104  105
105  106
106  107
107  108
108  109
109  110
110  111
111  112
112  113
113  114
114  115
115  116
116  117
117  118
118  119
119  120
120  121
121  122
122  123
123  124
124  125
125  126
126  127
127  128
128  129
129  130
130  131
131  132
132  133
133  134
134  135
135  136
136  137
137  138
138  139
139  140
140  141
141  142
142  143
143  144
144  145
145  146
146  147
147  148
148  149
149  150
150  151
151  152
152  153
153  154
154  155
155  156
156  157
157  158
158  159
159  160
160  161
161  162
163  164
164  165
165  166
166  167
167  168
168  169
169  170
170  171
171  172
172  173
173  174
174  175
175  176
176  177
177  178
178  179
179  180
180  181
181  182
182  183
183  184
184  185
185  186
186  187
187  188
188  189
189  190
190  191
191  192
192  193
193  194
194  195
195  196
196  197
197  198
198  199
199  200
200  201
201  202
202  203
203  204
204  205
205  206
206  207
207  208
208  209
209  210
210  211
211  212
212  213
213  214
214  215
215  216
216  217
217  218
218  219
219  220
220  221
221  222
222  223
223  224
224  225
225  226
226  227
227  228
228  229
229  230
230  231
231  232
232  233
233  234
234  235
235  236
236  237
237  238
238  239
239  240
240  241
241  242
242  243
244  245
245  246
246  247
247  248
248  249
249  250
250  251
251  252
252  253
253  254
254  255
255  256
256  257
257  258
258  259
259  260
260  261
261  262
262  263
263  264
264  265
265  266
266  267
267  268
268  269
269  270
270  271
271  272
272  273
273  274
274  275
275  276
276  277
277  278
278  279
279  280
280  281
281  282
282  283
283  284
284  285
285  286
286  287
287  288
288  289
289  290
290  291
291  292
292  293
293  294
294  295
295  296
296  297
297  298
298  299
299  300
300  301
301  302
302  303
303  304
304  305
305  306
306  307
307  308
308  309
309  310
310  311
311  312
312  313
313  314
314  315
315  316
316  317
317  318
318  319
319  320
320  321
321  322
322  323
323  324
