 ************************************************************************************************************************
                         Exem


DATA

  NUMERO DE ELEMENTOS DE CONTORNO=320

  NUMERO DE NÓS FUNCIONAIS=324

  NUMERO DE PONTOS INTERNOS ONDE A FUNC. É CALCULADA=576




  COORDENADAS DOS PONTOS FONTE DOS ELEMENTOS DE CONTORNO

    PONTO          X                  Y
        1       .0000000E+00       .0000000E+00
        2       .1250000E-01       .0000000E+00
        3       .2500000E-01       .0000000E+00
        4       .3750000E-01       .0000000E+00
        5       .5000000E-01       .0000000E+00
        6       .6250000E-01       .0000000E+00
        7       .7500000E-01       .0000000E+00
        8       .8750000E-01       .0000000E+00
        9       .1000000E+00       .0000000E+00
       10       .1125000E+00       .0000000E+00
       11       .1250000E+00       .0000000E+00
       12       .1375000E+00       .0000000E+00
       13       .1500000E+00       .0000000E+00
       14       .1625000E+00       .0000000E+00
       15       .1750000E+00       .0000000E+00
       16       .1875000E+00       .0000000E+00
       17       .2000000E+00       .0000000E+00
       18       .2125000E+00       .0000000E+00
       19       .2250000E+00       .0000000E+00
       20       .2375000E+00       .0000000E+00
       21       .2500000E+00       .0000000E+00
       22       .2625000E+00       .0000000E+00
       23       .2750000E+00       .0000000E+00
       24       .2875000E+00       .0000000E+00
       25       .3000000E+00       .0000000E+00
       26       .3125000E+00       .0000000E+00
       27       .3250000E+00       .0000000E+00
       28       .3375000E+00       .0000000E+00
       29       .3500000E+00       .0000000E+00
       30       .3625000E+00       .0000000E+00
       31       .3750000E+00       .0000000E+00
       32       .3875000E+00       .0000000E+00
       33       .4000000E+00       .0000000E+00
       34       .4125000E+00       .0000000E+00
       35       .4250000E+00       .0000000E+00
       36       .4375000E+00       .0000000E+00
       37       .4500000E+00       .0000000E+00
       38       .4625000E+00       .0000000E+00
       39       .4750000E+00       .0000000E+00
       40       .4875000E+00       .0000000E+00
       41       .5000000E+00       .0000000E+00
       42       .5125000E+00       .0000000E+00
       43       .5250000E+00       .0000000E+00
       44       .5375000E+00       .0000000E+00
       45       .5500000E+00       .0000000E+00
       46       .5625000E+00       .0000000E+00
       47       .5750000E+00       .0000000E+00
       48       .5875000E+00       .0000000E+00
       49       .6000000E+00       .0000000E+00
       50       .6125000E+00       .0000000E+00
       51       .6250000E+00       .0000000E+00
       52       .6375000E+00       .0000000E+00
       53       .6500000E+00       .0000000E+00
       54       .6625000E+00       .0000000E+00
       55       .6750000E+00       .0000000E+00
       56       .6875000E+00       .0000000E+00
       57       .7000000E+00       .0000000E+00
       58       .7125000E+00       .0000000E+00
       59       .7250000E+00       .0000000E+00
       60       .7375000E+00       .0000000E+00
       61       .7500000E+00       .0000000E+00
       62       .7625000E+00       .0000000E+00
       63       .7750000E+00       .0000000E+00
       64       .7875000E+00       .0000000E+00
       65       .8000000E+00       .0000000E+00
       66       .8125000E+00       .0000000E+00
       67       .8250000E+00       .0000000E+00
       68       .8375000E+00       .0000000E+00
       69       .8500000E+00       .0000000E+00
       70       .8625000E+00       .0000000E+00
       71       .8750000E+00       .0000000E+00
       72       .8875000E+00       .0000000E+00
       73       .9000000E+00       .0000000E+00
       74       .9125000E+00       .0000000E+00
       75       .9250000E+00       .0000000E+00
       76       .9375000E+00       .0000000E+00
       77       .9500000E+00       .0000000E+00
       78       .9625000E+00       .0000000E+00
       79       .9750000E+00       .0000000E+00
       80       .9875000E+00       .0000000E+00
       81       .1000000E+01       .0000000E+00
       82       .1000000E+01       .0000000E+00
       83       .1000000E+01       .1250000E-01
       84       .1000000E+01       .2500000E-01
       85       .1000000E+01       .3750000E-01
       86       .1000000E+01       .5000000E-01
       87       .1000000E+01       .6250000E-01
       88       .1000000E+01       .7500000E-01
       89       .1000000E+01       .8750000E-01
       90       .1000000E+01       .1000000E+00
       91       .1000000E+01       .1125000E+00
       92       .1000000E+01       .1250000E+00
       93       .1000000E+01       .1375000E+00
       94       .1000000E+01       .1500000E+00
       95       .1000000E+01       .1625000E+00
       96       .1000000E+01       .1750000E+00
       97       .1000000E+01       .1875000E+00
       98       .1000000E+01       .2000000E+00
       99       .1000000E+01       .2125000E+00
      100       .1000000E+01       .2250000E+00
      101       .1000000E+01       .2375000E+00
      102       .1000000E+01       .2500000E+00
      103       .1000000E+01       .2625000E+00
      104       .1000000E+01       .2750000E+00
      105       .1000000E+01       .2875000E+00
      106       .1000000E+01       .3000000E+00
      107       .1000000E+01       .3125000E+00
      108       .1000000E+01       .3250000E+00
      109       .1000000E+01       .3375000E+00
      110       .1000000E+01       .3500000E+00
      111       .1000000E+01       .3625000E+00
      112       .1000000E+01       .3750000E+00
      113       .1000000E+01       .3875000E+00
      114       .1000000E+01       .4000000E+00
      115       .1000000E+01       .4125000E+00
      116       .1000000E+01       .4250000E+00
      117       .1000000E+01       .4375000E+00
      118       .1000000E+01       .4500000E+00
      119       .1000000E+01       .4625000E+00
      120       .1000000E+01       .4750000E+00
      121       .1000000E+01       .4875000E+00
      122       .1000000E+01       .5000000E+00
      123       .1000000E+01       .5125000E+00
      124       .1000000E+01       .5250000E+00
      125       .1000000E+01       .5375000E+00
      126       .1000000E+01       .5500000E+00
      127       .1000000E+01       .5625000E+00
      128       .1000000E+01       .5750000E+00
      129       .1000000E+01       .5875000E+00
      130       .1000000E+01       .6000000E+00
      131       .1000000E+01       .6125000E+00
      132       .1000000E+01       .6250000E+00
      133       .1000000E+01       .6375000E+00
      134       .1000000E+01       .6500000E+00
      135       .1000000E+01       .6625000E+00
      136       .1000000E+01       .6750000E+00
      137       .1000000E+01       .6875000E+00
      138       .1000000E+01       .7000000E+00
      139       .1000000E+01       .7125000E+00
      140       .1000000E+01       .7250000E+00
      141       .1000000E+01       .7375000E+00
      142       .1000000E+01       .7500000E+00
      143       .1000000E+01       .7625000E+00
      144       .1000000E+01       .7750000E+00
      145       .1000000E+01       .7875000E+00
      146       .1000000E+01       .8000000E+00
      147       .1000000E+01       .8125000E+00
      148       .1000000E+01       .8250000E+00
      149       .1000000E+01       .8375000E+00
      150       .1000000E+01       .8500000E+00
      151       .1000000E+01       .8625000E+00
      152       .1000000E+01       .8750000E+00
      153       .1000000E+01       .8875000E+00
      154       .1000000E+01       .9000000E+00
      155       .1000000E+01       .9125000E+00
      156       .1000000E+01       .9250000E+00
      157       .1000000E+01       .9375000E+00
      158       .1000000E+01       .9500000E+00
      159       .1000000E+01       .9625000E+00
      160       .1000000E+01       .9750000E+00
      161       .1000000E+01       .9875000E+00
      162       .1000000E+01       .1000000E+01
      163       .1000000E+01       .1000000E+01
      164       .9875000E+00       .1000000E+01
      165       .9750000E+00       .1000000E+01
      166       .9625000E+00       .1000000E+01
      167       .9500000E+00       .1000000E+01
      168       .9375000E+00       .1000000E+01
      169       .9250000E+00       .1000000E+01
      170       .9125000E+00       .1000000E+01
      171       .9000000E+00       .1000000E+01
      172       .8875000E+00       .1000000E+01
      173       .8750000E+00       .1000000E+01
      174       .8625000E+00       .1000000E+01
      175       .8500000E+00       .1000000E+01
      176       .8375000E+00       .1000000E+01
      177       .8250000E+00       .1000000E+01
      178       .8125000E+00       .1000000E+01
      179       .8000000E+00       .1000000E+01
      180       .7875000E+00       .1000000E+01
      181       .7750000E+00       .1000000E+01
      182       .7625000E+00       .1000000E+01
      183       .7500000E+00       .1000000E+01
      184       .7375000E+00       .1000000E+01
      185       .7250000E+00       .1000000E+01
      186       .7125000E+00       .1000000E+01
      187       .7000000E+00       .1000000E+01
      188       .6875000E+00       .1000000E+01
      189       .6750000E+00       .1000000E+01
      190       .6625000E+00       .1000000E+01
      191       .6500000E+00       .1000000E+01
      192       .6375000E+00       .1000000E+01
      193       .6250000E+00       .1000000E+01
      194       .6125000E+00       .1000000E+01
      195       .6000000E+00       .1000000E+01
      196       .5875000E+00       .1000000E+01
      197       .5750000E+00       .1000000E+01
      198       .5625000E+00       .1000000E+01
      199       .5500000E+00       .1000000E+01
      200       .5375000E+00       .1000000E+01
      201       .5250000E+00       .1000000E+01
      202       .5125000E+00       .1000000E+01
      203       .5000000E+00       .1000000E+01
      204       .4875000E+00       .1000000E+01
      205       .4750000E+00       .1000000E+01
      206       .4625000E+00       .1000000E+01
      207       .4500000E+00       .1000000E+01
      208       .4375000E+00       .1000000E+01
      209       .4250000E+00       .1000000E+01
      210       .4125000E+00       .1000000E+01
      211       .4000000E+00       .1000000E+01
      212       .3875000E+00       .1000000E+01
      213       .3750000E+00       .1000000E+01
      214       .3625000E+00       .1000000E+01
      215       .3500000E+00       .1000000E+01
      216       .3375000E+00       .1000000E+01
      217       .3250000E+00       .1000000E+01
      218       .3125000E+00       .1000000E+01
      219       .3000000E+00       .1000000E+01
      220       .2875000E+00       .1000000E+01
      221       .2750000E+00       .1000000E+01
      222       .2625000E+00       .1000000E+01
      223       .2500000E+00       .1000000E+01
      224       .2375000E+00       .1000000E+01
      225       .2250000E+00       .1000000E+01
      226       .2125000E+00       .1000000E+01
      227       .2000000E+00       .1000000E+01
      228       .1875000E+00       .1000000E+01
      229       .1750000E+00       .1000000E+01
      230       .1625000E+00       .1000000E+01
      231       .1500000E+00       .1000000E+01
      232       .1375000E+00       .1000000E+01
      233       .1250000E+00       .1000000E+01
      234       .1125000E+00       .1000000E+01
      235       .1000000E+00       .1000000E+01
      236       .8750000E-01       .1000000E+01
      237       .7500000E-01       .1000000E+01
      238       .6250000E-01       .1000000E+01
      239       .5000000E-01       .1000000E+01
      240       .3750000E-01       .1000000E+01
      241       .2500000E-01       .1000000E+01
      242       .1250000E-01       .1000000E+01
      243       .0000000E+00       .1000000E+01
      244       .0000000E+00       .1000000E+01
      245       .0000000E+00       .9875000E+00
      246       .0000000E+00       .9750000E+00
      247       .0000000E+00       .9625000E+00
      248       .0000000E+00       .9500000E+00
      249       .0000000E+00       .9375000E+00
      250       .0000000E+00       .9250000E+00
      251       .0000000E+00       .9125000E+00
      252       .0000000E+00       .9000000E+00
      253       .0000000E+00       .8875000E+00
      254       .0000000E+00       .8750000E+00
      255       .0000000E+00       .8625000E+00
      256       .0000000E+00       .8500000E+00
      257       .0000000E+00       .8375000E+00
      258       .0000000E+00       .8250000E+00
      259       .0000000E+00       .8125000E+00
      260       .0000000E+00       .8000000E+00
      261       .0000000E+00       .7875000E+00
      262       .0000000E+00       .7750000E+00
      263       .0000000E+00       .7625000E+00
      264       .0000000E+00       .7500000E+00
      265       .0000000E+00       .7375000E+00
      266       .0000000E+00       .7250000E+00
      267       .0000000E+00       .7125000E+00
      268       .0000000E+00       .7000000E+00
      269       .0000000E+00       .6875000E+00
      270       .0000000E+00       .6750000E+00
      271       .0000000E+00       .6625000E+00
      272       .0000000E+00       .6500000E+00
      273       .0000000E+00       .6375000E+00
      274       .0000000E+00       .6250000E+00
      275       .0000000E+00       .6125000E+00
      276       .0000000E+00       .6000000E+00
      277       .0000000E+00       .5875000E+00
      278       .0000000E+00       .5750000E+00
      279       .0000000E+00       .5625000E+00
      280       .0000000E+00       .5500000E+00
      281       .0000000E+00       .5375000E+00
      282       .0000000E+00       .5250000E+00
      283       .0000000E+00       .5125000E+00
      284       .0000000E+00       .5000000E+00
      285       .0000000E+00       .4875000E+00
      286       .0000000E+00       .4750000E+00
      287       .0000000E+00       .4625000E+00
      288       .0000000E+00       .4500000E+00
      289       .0000000E+00       .4375000E+00
      290       .0000000E+00       .4250000E+00
      291       .0000000E+00       .4125000E+00
      292       .0000000E+00       .4000000E+00
      293       .0000000E+00       .3875000E+00
      294       .0000000E+00       .3750000E+00
      295       .0000000E+00       .3625000E+00
      296       .0000000E+00       .3500000E+00
      297       .0000000E+00       .3375000E+00
      298       .0000000E+00       .3250000E+00
      299       .0000000E+00       .3125000E+00
      300       .0000000E+00       .3000000E+00
      301       .0000000E+00       .2875000E+00
      302       .0000000E+00       .2750000E+00
      303       .0000000E+00       .2625000E+00
      304       .0000000E+00       .2500000E+00
      305       .0000000E+00       .2375000E+00
      306       .0000000E+00       .2250000E+00
      307       .0000000E+00       .2125000E+00
      308       .0000000E+00       .2000000E+00
      309       .0000000E+00       .1875000E+00
      310       .0000000E+00       .1750000E+00
      311       .0000000E+00       .1625000E+00
      312       .0000000E+00       .1500000E+00
      313       .0000000E+00       .1375000E+00
      314       .0000000E+00       .1250000E+00
      315       .0000000E+00       .1125000E+00
      316       .0000000E+00       .1000000E+00
      317       .0000000E+00       .8750000E-01
      318       .0000000E+00       .7500000E-01
      319       .0000000E+00       .6250000E-01
      320       .0000000E+00       .5000000E-01
      321       .0000000E+00       .3750000E-01
      322       .0000000E+00       .2500000E-01
      323       .0000000E+00       .1250000E-01
      324       .0000000E+00       .0000000E+00
      325       .2083300E-01       .2083300E-01
      326       .6250000E-01       .2083300E-01
      327       .1041670E+00       .2083300E-01
      328       .1458330E+00       .2083300E-01
      329       .1875000E+00       .2083300E-01
      330       .2291670E+00       .2083300E-01
      331       .2708330E+00       .2083300E-01
      332       .3125000E+00       .2083300E-01
      333       .3541670E+00       .2083300E-01
      334       .3958330E+00       .2083300E-01
      335       .4375000E+00       .2083300E-01
      336       .4791670E+00       .2083300E-01
      337       .5208330E+00       .2083300E-01
      338       .5625000E+00       .2083300E-01
      339       .6041670E+00       .2083300E-01
      340       .6458330E+00       .2083300E-01
      341       .6875000E+00       .2083300E-01
      342       .7291670E+00       .2083300E-01
      343       .7708330E+00       .2083300E-01
      344       .8125000E+00       .2083300E-01
      345       .8541670E+00       .2083300E-01
      346       .8958330E+00       .2083300E-01
      347       .9375000E+00       .2083300E-01
      348       .9791670E+00       .2083300E-01
      349       .2083300E-01       .6250000E-01
      350       .6250000E-01       .6250000E-01
      351       .1041670E+00       .6250000E-01
      352       .1458330E+00       .6250000E-01
      353       .1875000E+00       .6250000E-01
      354       .2291670E+00       .6250000E-01
      355       .2708330E+00       .6250000E-01
      356       .3125000E+00       .6250000E-01
      357       .3541670E+00       .6250000E-01
      358       .3958330E+00       .6250000E-01
      359       .4375000E+00       .6250000E-01
      360       .4791670E+00       .6250000E-01
      361       .5208330E+00       .6250000E-01
      362       .5625000E+00       .6250000E-01
      363       .6041670E+00       .6250000E-01
      364       .6458330E+00       .6250000E-01
      365       .6875000E+00       .6250000E-01
      366       .7291670E+00       .6250000E-01
      367       .7708330E+00       .6250000E-01
      368       .8125000E+00       .6250000E-01
      369       .8541670E+00       .6250000E-01
      370       .8958330E+00       .6250000E-01
      371       .9375000E+00       .6250000E-01
      372       .9791670E+00       .6250000E-01
      373       .2083300E-01       .1041670E+00
      374       .6250000E-01       .1041670E+00
      375       .1041670E+00       .1041670E+00
      376       .1458330E+00       .1041670E+00
      377       .1875000E+00       .1041670E+00
      378       .2291670E+00       .1041670E+00
      379       .2708330E+00       .1041670E+00
      380       .3125000E+00       .1041670E+00
      381       .3541670E+00       .1041670E+00
      382       .3958330E+00       .1041670E+00
      383       .4375000E+00       .1041670E+00
      384       .4791670E+00       .1041670E+00
      385       .5208330E+00       .1041670E+00
      386       .5625000E+00       .1041670E+00
      387       .6041670E+00       .1041670E+00
      388       .6458330E+00       .1041670E+00
      389       .6875000E+00       .1041670E+00
      390       .7291670E+00       .1041670E+00
      391       .7708330E+00       .1041670E+00
      392       .8125000E+00       .1041670E+00
      393       .8541670E+00       .1041670E+00
      394       .8958330E+00       .1041670E+00
      395       .9375000E+00       .1041670E+00
      396       .9791670E+00       .1041670E+00
      397       .2083300E-01       .1458330E+00
      398       .6250000E-01       .1458330E+00
      399       .1041670E+00       .1458330E+00
      400       .1458330E+00       .1458330E+00
      401       .1875000E+00       .1458330E+00
      402       .2291670E+00       .1458330E+00
      403       .2708330E+00       .1458330E+00
      404       .3125000E+00       .1458330E+00
      405       .3541670E+00       .1458330E+00
      406       .3958330E+00       .1458330E+00
      407       .4375000E+00       .1458330E+00
      408       .4791670E+00       .1458330E+00
      409       .5208330E+00       .1458330E+00
      410       .5625000E+00       .1458330E+00
      411       .6041670E+00       .1458330E+00
      412       .6458330E+00       .1458330E+00
      413       .6875000E+00       .1458330E+00
      414       .7291670E+00       .1458330E+00
      415       .7708330E+00       .1458330E+00
      416       .8125000E+00       .1458330E+00
      417       .8541670E+00       .1458330E+00
      418       .8958330E+00       .1458330E+00
      419       .9375000E+00       .1458330E+00
      420       .9791670E+00       .1458330E+00
      421       .2083300E-01       .1875000E+00
      422       .6250000E-01       .1875000E+00
      423       .1041670E+00       .1875000E+00
      424       .1458330E+00       .1875000E+00
      425       .1875000E+00       .1875000E+00
      426       .2291670E+00       .1875000E+00
      427       .2708330E+00       .1875000E+00
      428       .3125000E+00       .1875000E+00
      429       .3541670E+00       .1875000E+00
      430       .3958330E+00       .1875000E+00
      431       .4375000E+00       .1875000E+00
      432       .4791670E+00       .1875000E+00
      433       .5208330E+00       .1875000E+00
      434       .5625000E+00       .1875000E+00
      435       .6041670E+00       .1875000E+00
      436       .6458330E+00       .1875000E+00
      437       .6875000E+00       .1875000E+00
      438       .7291670E+00       .1875000E+00
      439       .7708330E+00       .1875000E+00
      440       .8125000E+00       .1875000E+00
      441       .8541670E+00       .1875000E+00
      442       .8958330E+00       .1875000E+00
      443       .9375000E+00       .1875000E+00
      444       .9791670E+00       .1875000E+00
      445       .2083300E-01       .2291670E+00
      446       .6250000E-01       .2291670E+00
      447       .1041670E+00       .2291670E+00
      448       .1458330E+00       .2291670E+00
      449       .1875000E+00       .2291670E+00
      450       .2291670E+00       .2291670E+00
      451       .2708330E+00       .2291670E+00
      452       .3125000E+00       .2291670E+00
      453       .3541670E+00       .2291670E+00
      454       .3958330E+00       .2291670E+00
      455       .4375000E+00       .2291670E+00
      456       .4791670E+00       .2291670E+00
      457       .5208330E+00       .2291670E+00
      458       .5625000E+00       .2291670E+00
      459       .6041670E+00       .2291670E+00
      460       .6458330E+00       .2291670E+00
      461       .6875000E+00       .2291670E+00
      462       .7291670E+00       .2291670E+00
      463       .7708330E+00       .2291670E+00
      464       .8125000E+00       .2291670E+00
      465       .8541670E+00       .2291670E+00
      466       .8958330E+00       .2291670E+00
      467       .9375000E+00       .2291670E+00
      468       .9791670E+00       .2291670E+00
      469       .2083300E-01       .2708330E+00
      470       .6250000E-01       .2708330E+00
      471       .1041670E+00       .2708330E+00
      472       .1458330E+00       .2708330E+00
      473       .1875000E+00       .2708330E+00
      474       .2291670E+00       .2708330E+00
      475       .2708330E+00       .2708330E+00
      476       .3125000E+00       .2708330E+00
      477       .3541670E+00       .2708330E+00
      478       .3958330E+00       .2708330E+00
      479       .4375000E+00       .2708330E+00
      480       .4791670E+00       .2708330E+00
      481       .5208330E+00       .2708330E+00
      482       .5625000E+00       .2708330E+00
      483       .6041670E+00       .2708330E+00
      484       .6458330E+00       .2708330E+00
      485       .6875000E+00       .2708330E+00
      486       .7291670E+00       .2708330E+00
      487       .7708330E+00       .2708330E+00
      488       .8125000E+00       .2708330E+00
      489       .8541670E+00       .2708330E+00
      490       .8958330E+00       .2708330E+00
      491       .9375000E+00       .2708330E+00
      492       .9791670E+00       .2708330E+00
      493       .2083300E-01       .3125000E+00
      494       .6250000E-01       .3125000E+00
      495       .1041670E+00       .3125000E+00
      496       .1458330E+00       .3125000E+00
      497       .1875000E+00       .3125000E+00
      498       .2291670E+00       .3125000E+00
      499       .2708330E+00       .3125000E+00
      500       .3125000E+00       .3125000E+00
      501       .3541670E+00       .3125000E+00
      502       .3958330E+00       .3125000E+00
      503       .4375000E+00       .3125000E+00
      504       .4791670E+00       .3125000E+00
      505       .5208330E+00       .3125000E+00
      506       .5625000E+00       .3125000E+00
      507       .6041670E+00       .3125000E+00
      508       .6458330E+00       .3125000E+00
      509       .6875000E+00       .3125000E+00
      510       .7291670E+00       .3125000E+00
      511       .7708330E+00       .3125000E+00
      512       .8125000E+00       .3125000E+00
      513       .8541670E+00       .3125000E+00
      514       .8958330E+00       .3125000E+00
      515       .9375000E+00       .3125000E+00
      516       .9791670E+00       .3125000E+00
      517       .2083400E-01       .3541670E+00
      518       .6250000E-01       .3541670E+00
      519       .1041670E+00       .3541670E+00
      520       .1458340E+00       .3541670E+00
      521       .1875000E+00       .3541670E+00
      522       .2291670E+00       .3541670E+00
      523       .2708340E+00       .3541670E+00
      524       .3125000E+00       .3541670E+00
      525       .3541670E+00       .3541670E+00
      526       .3958340E+00       .3541670E+00
      527       .4375000E+00       .3541670E+00
      528       .4791670E+00       .3541670E+00
      529       .5208340E+00       .3541670E+00
      530       .5625000E+00       .3541670E+00
      531       .6041670E+00       .3541670E+00
      532       .6458340E+00       .3541670E+00
      533       .6875000E+00       .3541670E+00
      534       .7291670E+00       .3541670E+00
      535       .7708340E+00       .3541670E+00
      536       .8125000E+00       .3541670E+00
      537       .8541670E+00       .3541670E+00
      538       .8958340E+00       .3541670E+00
      539       .9375000E+00       .3541670E+00
      540       .9791670E+00       .3541670E+00
      541       .2083400E-01       .3958330E+00
      542       .6250000E-01       .3958330E+00
      543       .1041670E+00       .3958330E+00
      544       .1458340E+00       .3958330E+00
      545       .1875000E+00       .3958330E+00
      546       .2291670E+00       .3958330E+00
      547       .2708340E+00       .3958330E+00
      548       .3125000E+00       .3958330E+00
      549       .3541670E+00       .3958330E+00
      550       .3958340E+00       .3958330E+00
      551       .4375000E+00       .3958330E+00
      552       .4791670E+00       .3958330E+00
      553       .5208340E+00       .3958330E+00
      554       .5625000E+00       .3958330E+00
      555       .6041670E+00       .3958330E+00
      556       .6458340E+00       .3958330E+00
      557       .6875000E+00       .3958330E+00
      558       .7291670E+00       .3958330E+00
      559       .7708340E+00       .3958330E+00
      560       .8125000E+00       .3958330E+00
      561       .8541670E+00       .3958330E+00
      562       .8958340E+00       .3958330E+00
      563       .9375000E+00       .3958330E+00
      564       .9791670E+00       .3958330E+00
      565       .2083400E-01       .4375000E+00
      566       .6250000E-01       .4375000E+00
      567       .1041670E+00       .4375000E+00
      568       .1458340E+00       .4375000E+00
      569       .1875000E+00       .4375000E+00
      570       .2291670E+00       .4375000E+00
      571       .2708340E+00       .4375000E+00
      572       .3125000E+00       .4375000E+00
      573       .3541670E+00       .4375000E+00
      574       .3958340E+00       .4375000E+00
      575       .4375000E+00       .4375000E+00
      576       .4791670E+00       .4375000E+00
      577       .5208340E+00       .4375000E+00
      578       .5625000E+00       .4375000E+00
      579       .6041670E+00       .4375000E+00
      580       .6458340E+00       .4375000E+00
      581       .6875000E+00       .4375000E+00
      582       .7291670E+00       .4375000E+00
      583       .7708340E+00       .4375000E+00
      584       .8125000E+00       .4375000E+00
      585       .8541670E+00       .4375000E+00
      586       .8958340E+00       .4375000E+00
      587       .9375000E+00       .4375000E+00
      588       .9791670E+00       .4375000E+00
      589       .2083400E-01       .4791670E+00
      590       .6250000E-01       .4791670E+00
      591       .1041670E+00       .4791670E+00
      592       .1458340E+00       .4791670E+00
      593       .1875000E+00       .4791670E+00
      594       .2291670E+00       .4791670E+00
      595       .2708340E+00       .4791670E+00
      596       .3125000E+00       .4791670E+00
      597       .3541670E+00       .4791670E+00
      598       .3958340E+00       .4791670E+00
      599       .4375000E+00       .4791670E+00
      600       .4791670E+00       .4791670E+00
      601       .5208340E+00       .4791670E+00
      602       .5625000E+00       .4791670E+00
      603       .6041670E+00       .4791670E+00
      604       .6458340E+00       .4791670E+00
      605       .6875000E+00       .4791670E+00
      606       .7291670E+00       .4791670E+00
      607       .7708340E+00       .4791670E+00
      608       .8125000E+00       .4791670E+00
      609       .8541670E+00       .4791670E+00
      610       .8958340E+00       .4791670E+00
      611       .9375000E+00       .4791670E+00
      612       .9791670E+00       .4791670E+00
      613       .2083400E-01       .5208330E+00
      614       .6250000E-01       .5208330E+00
      615       .1041670E+00       .5208330E+00
      616       .1458340E+00       .5208330E+00
      617       .1875000E+00       .5208330E+00
      618       .2291670E+00       .5208330E+00
      619       .2708340E+00       .5208330E+00
      620       .3125000E+00       .5208330E+00
      621       .3541670E+00       .5208330E+00
      622       .3958340E+00       .5208330E+00
      623       .4375000E+00       .5208330E+00
      624       .4791670E+00       .5208330E+00
      625       .5208340E+00       .5208330E+00
      626       .5625000E+00       .5208330E+00
      627       .6041670E+00       .5208330E+00
      628       .6458340E+00       .5208330E+00
      629       .6875000E+00       .5208330E+00
      630       .7291670E+00       .5208330E+00
      631       .7708340E+00       .5208330E+00
      632       .8125000E+00       .5208330E+00
      633       .8541670E+00       .5208330E+00
      634       .8958340E+00       .5208330E+00
      635       .9375000E+00       .5208330E+00
      636       .9791670E+00       .5208330E+00
      637       .2083400E-01       .5625000E+00
      638       .6250000E-01       .5625000E+00
      639       .1041670E+00       .5625000E+00
      640       .1458340E+00       .5625000E+00
      641       .1875000E+00       .5625000E+00
      642       .2291670E+00       .5625000E+00
      643       .2708340E+00       .5625000E+00
      644       .3125000E+00       .5625000E+00
      645       .3541670E+00       .5625000E+00
      646       .3958340E+00       .5625000E+00
      647       .4375000E+00       .5625000E+00
      648       .4791670E+00       .5625000E+00
      649       .5208340E+00       .5625000E+00
      650       .5625000E+00       .5625000E+00
      651       .6041670E+00       .5625000E+00
      652       .6458340E+00       .5625000E+00
      653       .6875000E+00       .5625000E+00
      654       .7291670E+00       .5625000E+00
      655       .7708340E+00       .5625000E+00
      656       .8125000E+00       .5625000E+00
      657       .8541670E+00       .5625000E+00
      658       .8958340E+00       .5625000E+00
      659       .9375000E+00       .5625000E+00
      660       .9791670E+00       .5625000E+00
      661       .2083400E-01       .6041670E+00
      662       .6250000E-01       .6041670E+00
      663       .1041670E+00       .6041670E+00
      664       .1458340E+00       .6041670E+00
      665       .1875000E+00       .6041670E+00
      666       .2291670E+00       .6041670E+00
      667       .2708340E+00       .6041670E+00
      668       .3125000E+00       .6041670E+00
      669       .3541670E+00       .6041670E+00
      670       .3958340E+00       .6041670E+00
      671       .4375000E+00       .6041670E+00
      672       .4791670E+00       .6041670E+00
      673       .5208340E+00       .6041670E+00
      674       .5625000E+00       .6041670E+00
      675       .6041670E+00       .6041670E+00
      676       .6458340E+00       .6041670E+00
      677       .6875000E+00       .6041670E+00
      678       .7291670E+00       .6041670E+00
      679       .7708340E+00       .6041670E+00
      680       .8125000E+00       .6041670E+00
      681       .8541670E+00       .6041670E+00
      682       .8958340E+00       .6041670E+00
      683       .9375000E+00       .6041670E+00
      684       .9791670E+00       .6041670E+00
      685       .2083400E-01       .6458330E+00
      686       .6250000E-01       .6458330E+00
      687       .1041670E+00       .6458330E+00
      688       .1458340E+00       .6458330E+00
      689       .1875000E+00       .6458330E+00
      690       .2291670E+00       .6458330E+00
      691       .2708340E+00       .6458330E+00
      692       .3125000E+00       .6458330E+00
      693       .3541670E+00       .6458330E+00
      694       .3958340E+00       .6458330E+00
      695       .4375000E+00       .6458330E+00
      696       .4791670E+00       .6458330E+00
      697       .5208340E+00       .6458330E+00
      698       .5625000E+00       .6458330E+00
      699       .6041670E+00       .6458330E+00
      700       .6458340E+00       .6458330E+00
      701       .6875000E+00       .6458330E+00
      702       .7291670E+00       .6458330E+00
      703       .7708340E+00       .6458330E+00
      704       .8125000E+00       .6458330E+00
      705       .8541670E+00       .6458330E+00
      706       .8958340E+00       .6458330E+00
      707       .9375000E+00       .6458330E+00
      708       .9791670E+00       .6458330E+00
      709       .2083300E-01       .6875000E+00
      710       .6250100E-01       .6875000E+00
      711       .1041670E+00       .6875000E+00
      712       .1458330E+00       .6875000E+00
      713       .1875010E+00       .6875000E+00
      714       .2291670E+00       .6875000E+00
      715       .2708330E+00       .6875000E+00
      716       .3125010E+00       .6875000E+00
      717       .3541670E+00       .6875000E+00
      718       .3958330E+00       .6875000E+00
      719       .4375010E+00       .6875000E+00
      720       .4791670E+00       .6875000E+00
      721       .5208330E+00       .6875000E+00
      722       .5625010E+00       .6875000E+00
      723       .6041670E+00       .6875000E+00
      724       .6458330E+00       .6875000E+00
      725       .6875010E+00       .6875000E+00
      726       .7291670E+00       .6875000E+00
      727       .7708330E+00       .6875000E+00
      728       .8125010E+00       .6875000E+00
      729       .8541670E+00       .6875000E+00
      730       .8958330E+00       .6875000E+00
      731       .9375010E+00       .6875000E+00
      732       .9791670E+00       .6875000E+00
      733       .2083300E-01       .7291670E+00
      734       .6250100E-01       .7291670E+00
      735       .1041670E+00       .7291670E+00
      736       .1458330E+00       .7291670E+00
      737       .1875010E+00       .7291670E+00
      738       .2291670E+00       .7291670E+00
      739       .2708330E+00       .7291670E+00
      740       .3125010E+00       .7291670E+00
      741       .3541670E+00       .7291670E+00
      742       .3958330E+00       .7291670E+00
      743       .4375010E+00       .7291670E+00
      744       .4791670E+00       .7291670E+00
      745       .5208330E+00       .7291670E+00
      746       .5625010E+00       .7291670E+00
      747       .6041670E+00       .7291670E+00
      748       .6458330E+00       .7291670E+00
      749       .6875010E+00       .7291670E+00
      750       .7291670E+00       .7291670E+00
      751       .7708330E+00       .7291670E+00
      752       .8125010E+00       .7291670E+00
      753       .8541670E+00       .7291670E+00
      754       .8958330E+00       .7291670E+00
      755       .9375010E+00       .7291670E+00
      756       .9791670E+00       .7291670E+00
      757       .2083300E-01       .7708330E+00
      758       .6250100E-01       .7708330E+00
      759       .1041670E+00       .7708330E+00
      760       .1458330E+00       .7708330E+00
      761       .1875010E+00       .7708330E+00
      762       .2291670E+00       .7708330E+00
      763       .2708330E+00       .7708330E+00
      764       .3125010E+00       .7708330E+00
      765       .3541670E+00       .7708330E+00
      766       .3958330E+00       .7708330E+00
      767       .4375010E+00       .7708330E+00
      768       .4791670E+00       .7708330E+00
      769       .5208330E+00       .7708330E+00
      770       .5625010E+00       .7708330E+00
      771       .6041670E+00       .7708330E+00
      772       .6458330E+00       .7708330E+00
      773       .6875010E+00       .7708330E+00
      774       .7291670E+00       .7708330E+00
      775       .7708330E+00       .7708330E+00
      776       .8125010E+00       .7708330E+00
      777       .8541670E+00       .7708330E+00
      778       .8958330E+00       .7708330E+00
      779       .9375010E+00       .7708330E+00
      780       .9791670E+00       .7708330E+00
      781       .2083300E-01       .8125000E+00
      782       .6250100E-01       .8125000E+00
      783       .1041670E+00       .8125000E+00
      784       .1458330E+00       .8125000E+00
      785       .1875010E+00       .8125000E+00
      786       .2291670E+00       .8125000E+00
      787       .2708330E+00       .8125000E+00
      788       .3125010E+00       .8125000E+00
      789       .3541670E+00       .8125000E+00
      790       .3958330E+00       .8125000E+00
      791       .4375010E+00       .8125000E+00
      792       .4791670E+00       .8125000E+00
      793       .5208330E+00       .8125000E+00
      794       .5625010E+00       .8125000E+00
      795       .6041670E+00       .8125000E+00
      796       .6458330E+00       .8125000E+00
      797       .6875010E+00       .8125000E+00
      798       .7291670E+00       .8125000E+00
      799       .7708330E+00       .8125000E+00
      800       .8125010E+00       .8125000E+00
      801       .8541670E+00       .8125000E+00
      802       .8958330E+00       .8125000E+00
      803       .9375010E+00       .8125000E+00
      804       .9791670E+00       .8125000E+00
      805       .2083300E-01       .8541670E+00
      806       .6250100E-01       .8541670E+00
      807       .1041670E+00       .8541670E+00
      808       .1458330E+00       .8541670E+00
      809       .1875010E+00       .8541670E+00
      810       .2291670E+00       .8541670E+00
      811       .2708330E+00       .8541670E+00
      812       .3125010E+00       .8541670E+00
      813       .3541670E+00       .8541670E+00
      814       .3958330E+00       .8541670E+00
      815       .4375010E+00       .8541670E+00
      816       .4791670E+00       .8541670E+00
      817       .5208330E+00       .8541670E+00
      818       .5625010E+00       .8541670E+00
      819       .6041670E+00       .8541670E+00
      820       .6458330E+00       .8541670E+00
      821       .6875010E+00       .8541670E+00
      822       .7291670E+00       .8541670E+00
      823       .7708330E+00       .8541670E+00
      824       .8125010E+00       .8541670E+00
      825       .8541670E+00       .8541670E+00
      826       .8958330E+00       .8541670E+00
      827       .9375010E+00       .8541670E+00
      828       .9791670E+00       .8541670E+00
      829       .2083300E-01       .8958330E+00
      830       .6250100E-01       .8958330E+00
      831       .1041670E+00       .8958330E+00
      832       .1458330E+00       .8958330E+00
      833       .1875010E+00       .8958330E+00
      834       .2291670E+00       .8958330E+00
      835       .2708330E+00       .8958330E+00
      836       .3125010E+00       .8958330E+00
      837       .3541670E+00       .8958330E+00
      838       .3958330E+00       .8958330E+00
      839       .4375010E+00       .8958330E+00
      840       .4791670E+00       .8958330E+00
      841       .5208330E+00       .8958330E+00
      842       .5625010E+00       .8958330E+00
      843       .6041670E+00       .8958330E+00
      844       .6458330E+00       .8958330E+00
      845       .6875010E+00       .8958330E+00
      846       .7291670E+00       .8958330E+00
      847       .7708330E+00       .8958330E+00
      848       .8125010E+00       .8958330E+00
      849       .8541670E+00       .8958330E+00
      850       .8958330E+00       .8958330E+00
      851       .9375010E+00       .8958330E+00
      852       .9791670E+00       .8958330E+00
      853       .2083300E-01       .9375000E+00
      854       .6250100E-01       .9375000E+00
      855       .1041670E+00       .9375000E+00
      856       .1458330E+00       .9375000E+00
      857       .1875010E+00       .9375000E+00
      858       .2291670E+00       .9375000E+00
      859       .2708330E+00       .9375000E+00
      860       .3125010E+00       .9375000E+00
      861       .3541670E+00       .9375000E+00
      862       .3958330E+00       .9375000E+00
      863       .4375010E+00       .9375000E+00
      864       .4791670E+00       .9375000E+00
      865       .5208330E+00       .9375000E+00
      866       .5625010E+00       .9375000E+00
      867       .6041670E+00       .9375000E+00
      868       .6458330E+00       .9375000E+00
      869       .6875010E+00       .9375000E+00
      870       .7291670E+00       .9375000E+00
      871       .7708330E+00       .9375000E+00
      872       .8125010E+00       .9375000E+00
      873       .8541670E+00       .9375000E+00
      874       .8958330E+00       .9375000E+00
      875       .9375010E+00       .9375000E+00
      876       .9791670E+00       .9375000E+00
      877       .2083300E-01       .9791670E+00
      878       .6250100E-01       .9791670E+00
      879       .1041670E+00       .9791670E+00
      880       .1458330E+00       .9791670E+00
      881       .1875010E+00       .9791670E+00
      882       .2291670E+00       .9791670E+00
      883       .2708330E+00       .9791670E+00
      884       .3125010E+00       .9791670E+00
      885       .3541670E+00       .9791670E+00
      886       .3958330E+00       .9791670E+00
      887       .4375010E+00       .9791670E+00
      888       .4791670E+00       .9791670E+00
      889       .5208330E+00       .9791670E+00
      890       .5625010E+00       .9791670E+00
      891       .6041670E+00       .9791670E+00
      892       .6458330E+00       .9791670E+00
      893       .6875010E+00       .9791670E+00
      894       .7291670E+00       .9791670E+00
      895       .7708330E+00       .9791670E+00
      896       .8125010E+00       .9791670E+00
      897       .8541670E+00       .9791670E+00
      898       .8958330E+00       .9791670E+00
      899       .9375010E+00       .9791670E+00
      900       .9791670E+00       .9791670E+00


  CONDICOES DE CONTORNO

       INDICE   NÓ        NÓ          VALOR PRESCRITO
       1        1        324          .0000000E+00
       2        1          0          .0000000E+00
       3        1          0          .0000000E+00
       4        1          0          .0000000E+00
       5        1          0          .0000000E+00
       6        1          0          .0000000E+00
       7        1          0          .0000000E+00
       8        1          0          .0000000E+00
       9        1          0          .0000000E+00
      10        1          0          .0000000E+00
      11        1          0          .0000000E+00
      12        1          0          .0000000E+00
      13        1          0          .0000000E+00
      14        1          0          .0000000E+00
      15        1          0          .0000000E+00
      16        1          0          .0000000E+00
      17        1          0          .0000000E+00
      18        1          0          .0000000E+00
      19        1          0          .0000000E+00
      20        1          0          .0000000E+00
      21        1          0          .0000000E+00
      22        1          0          .0000000E+00
      23        1          0          .0000000E+00
      24        1          0          .0000000E+00
      25        1          0          .0000000E+00
      26        1          0          .0000000E+00
      27        1          0          .0000000E+00
      28        1          0          .0000000E+00
      29        1          0          .0000000E+00
      30        1          0          .0000000E+00
      31        1          0          .0000000E+00
      32        1          0          .0000000E+00
      33        1          0          .0000000E+00
      34        1          0          .0000000E+00
      35        1          0          .0000000E+00
      36        1          0          .0000000E+00
      37        1          0          .0000000E+00
      38        1          0          .0000000E+00
      39        1          0          .0000000E+00
      40        1          0          .0000000E+00
      41        1          0          .0000000E+00
      42        1          0          .0000000E+00
      43        1          0          .0000000E+00
      44        1          0          .0000000E+00
      45        1          0          .0000000E+00
      46        1          0          .0000000E+00
      47        1          0          .0000000E+00
      48        1          0          .0000000E+00
      49        1          0          .0000000E+00
      50        1          0          .0000000E+00
      51        1          0          .0000000E+00
      52        1          0          .0000000E+00
      53        1          0          .0000000E+00
      54        1          0          .0000000E+00
      55        1          0          .0000000E+00
      56        1          0          .0000000E+00
      57        1          0          .0000000E+00
      58        1          0          .0000000E+00
      59        1          0          .0000000E+00
      60        1          0          .0000000E+00
      61        1          0          .0000000E+00
      62        1          0          .0000000E+00
      63        1          0          .0000000E+00
      64        1          0          .0000000E+00
      65        1          0          .0000000E+00
      66        1          0          .0000000E+00
      67        1          0          .0000000E+00
      68        1          0          .0000000E+00
      69        1          0          .0000000E+00
      70        1          0          .0000000E+00
      71        1          0          .0000000E+00
      72        1          0          .0000000E+00
      73        1          0          .0000000E+00
      74        1          0          .0000000E+00
      75        1          0          .0000000E+00
      76        1          0          .0000000E+00
      77        1          0          .0000000E+00
      78        1          0          .0000000E+00
      79        1          0          .0000000E+00
      80        1          0          .0000000E+00
      81        1         82          .0000000E+00
      82        1         81          .0000000E+00
      83        1          0          .0000000E+00
      84        1          0          .0000000E+00
      85        1          0          .0000000E+00
      86        1          0          .0000000E+00
      87        1          0          .0000000E+00
      88        1          0          .0000000E+00
      89        1          0          .0000000E+00
      90        1          0          .0000000E+00
      91        1          0          .0000000E+00
      92        1          0          .0000000E+00
      93        1          0          .0000000E+00
      94        1          0          .0000000E+00
      95        1          0          .0000000E+00
      96        1          0          .0000000E+00
      97        1          0          .0000000E+00
      98        1          0          .0000000E+00
      99        1          0          .0000000E+00
     100        1          0          .0000000E+00
     101        1          0          .0000000E+00
     102        1          0          .0000000E+00
     103        1          0          .0000000E+00
     104        1          0          .0000000E+00
     105        1          0          .0000000E+00
     106        1          0          .0000000E+00
     107        1          0          .0000000E+00
     108        1          0          .0000000E+00
     109        1          0          .0000000E+00
     110        1          0          .0000000E+00
     111        1          0          .0000000E+00
     112        1          0          .0000000E+00
     113        1          0          .0000000E+00
     114        1          0          .0000000E+00
     115        1          0          .0000000E+00
     116        1          0          .0000000E+00
     117        1          0          .0000000E+00
     118        1          0          .0000000E+00
     119        1          0          .0000000E+00
     120        1          0          .0000000E+00
     121        1          0          .0000000E+00
     122        1          0          .0000000E+00
     123        1          0          .0000000E+00
     124        1          0          .0000000E+00
     125        1          0          .0000000E+00
     126        1          0          .0000000E+00
     127        1          0          .0000000E+00
     128        1          0          .0000000E+00
     129        1          0          .0000000E+00
     130        1          0          .0000000E+00
     131        1          0          .0000000E+00
     132        1          0          .0000000E+00
     133        1          0          .0000000E+00
     134        1          0          .0000000E+00
     135        1          0          .0000000E+00
     136        1          0          .0000000E+00
     137        1          0          .0000000E+00
     138        1          0          .0000000E+00
     139        1          0          .0000000E+00
     140        1          0          .0000000E+00
     141        1          0          .0000000E+00
     142        1          0          .0000000E+00
     143        1          0          .0000000E+00
     144        1          0          .0000000E+00
     145        1          0          .0000000E+00
     146        1          0          .0000000E+00
     147        1          0          .0000000E+00
     148        1          0          .0000000E+00
     149        1          0          .0000000E+00
     150        1          0          .0000000E+00
     151        1          0          .0000000E+00
     152        1          0          .0000000E+00
     153        1          0          .0000000E+00
     154        1          0          .0000000E+00
     155        1          0          .0000000E+00
     156        1          0          .0000000E+00
     157        1          0          .0000000E+00
     158        1          0          .0000000E+00
     159        1          0          .0000000E+00
     160        1          0          .0000000E+00
     161        1          0          .0000000E+00
     162        1        163          .0000000E+00
     163        1        162          .0000000E+00
     164        1          0          .0000000E+00
     165        1          0          .0000000E+00
     166        1          0          .0000000E+00
     167        1          0          .0000000E+00
     168        1          0          .0000000E+00
     169        1          0          .0000000E+00
     170        1          0          .0000000E+00
     171        1          0          .0000000E+00
     172        1          0          .0000000E+00
     173        1          0          .0000000E+00
     174        1          0          .0000000E+00
     175        1          0          .0000000E+00
     176        1          0          .0000000E+00
     177        1          0          .0000000E+00
     178        1          0          .0000000E+00
     179        1          0          .0000000E+00
     180        1          0          .0000000E+00
     181        1          0          .0000000E+00
     182        1          0          .0000000E+00
     183        1          0          .0000000E+00
     184        1          0          .0000000E+00
     185        1          0          .0000000E+00
     186        1          0          .0000000E+00
     187        1          0          .0000000E+00
     188        1          0          .0000000E+00
     189        1          0          .0000000E+00
     190        1          0          .0000000E+00
     191        1          0          .0000000E+00
     192        1          0          .0000000E+00
     193        1          0          .0000000E+00
     194        1          0          .0000000E+00
     195        1          0          .0000000E+00
     196        1          0          .0000000E+00
     197        1          0          .0000000E+00
     198        1          0          .0000000E+00
     199        1          0          .0000000E+00
     200        1          0          .0000000E+00
     201        1          0          .0000000E+00
     202        1          0          .0000000E+00
     203        1          0          .0000000E+00
     204        1          0          .0000000E+00
     205        1          0          .0000000E+00
     206        1          0          .0000000E+00
     207        1          0          .0000000E+00
     208        1          0          .0000000E+00
     209        1          0          .0000000E+00
     210        1          0          .0000000E+00
     211        1          0          .0000000E+00
     212        1          0          .0000000E+00
     213        1          0          .0000000E+00
     214        1          0          .0000000E+00
     215        1          0          .0000000E+00
     216        1          0          .0000000E+00
     217        1          0          .0000000E+00
     218        1          0          .0000000E+00
     219        1          0          .0000000E+00
     220        1          0          .0000000E+00
     221        1          0          .0000000E+00
     222        1          0          .0000000E+00
     223        1          0          .0000000E+00
     224        1          0          .0000000E+00
     225        1          0          .0000000E+00
     226        1          0          .0000000E+00
     227        1          0          .0000000E+00
     228        1          0          .0000000E+00
     229        1          0          .0000000E+00
     230        1          0          .0000000E+00
     231        1          0          .0000000E+00
     232        1          0          .0000000E+00
     233        1          0          .0000000E+00
     234        1          0          .0000000E+00
     235        1          0          .0000000E+00
     236        1          0          .0000000E+00
     237        1          0          .0000000E+00
     238        1          0          .0000000E+00
     239        1          0          .0000000E+00
     240        1          0          .0000000E+00
     241        1          0          .0000000E+00
     242        1          0          .0000000E+00
     243        1        244          .0000000E+00
     244        0        243          .0000000E+00
     245        0          0          .0000000E+00
     246        0          0          .0000000E+00
     247        0          0          .0000000E+00
     248        0          0          .0000000E+00
     249        0          0          .0000000E+00
     250        0          0          .0000000E+00
     251        0          0          .0000000E+00
     252        0          0          .0000000E+00
     253        0          0          .0000000E+00
     254        0          0          .0000000E+00
     255        0          0          .0000000E+00
     256        0          0          .0000000E+00
     257        0          0          .0000000E+00
     258        0          0          .0000000E+00
     259        0          0          .0000000E+00
     260        0          0          .0000000E+00
     261        0          0          .0000000E+00
     262        0          0          .0000000E+00
     263        0          0          .0000000E+00
     264        0          0          .0000000E+00
     265        0          0          .0000000E+00
     266        0          0          .0000000E+00
     267        0          0          .0000000E+00
     268        0          0          .0000000E+00
     269        0          0          .0000000E+00
     270        0          0          .0000000E+00
     271        0          0          .0000000E+00
     272        0          0          .0000000E+00
     273        0          0          .0000000E+00
     274        0          0          .0000000E+00
     275        0          0          .0000000E+00
     276        0          0          .0000000E+00
     277        0          0          .0000000E+00
     278        0          0          .0000000E+00
     279        0          0          .0000000E+00
     280        0          0          .0000000E+00
     281        0          0          .0000000E+00
     282        0          0          .0000000E+00
     283        0          0          .0000000E+00
     284        0          0          .0000000E+00
     285        0          0          .0000000E+00
     286        0          0          .0000000E+00
     287        0          0          .0000000E+00
     288        0          0          .0000000E+00
     289        0          0          .0000000E+00
     290        0          0          .0000000E+00
     291        0          0          .0000000E+00
     292        0          0          .0000000E+00
     293        0          0          .0000000E+00
     294        0          0          .0000000E+00
     295        0          0          .0000000E+00
     296        0          0          .0000000E+00
     297        0          0          .0000000E+00
     298        0          0          .0000000E+00
     299        0          0          .0000000E+00
     300        0          0          .0000000E+00
     301        0          0          .0000000E+00
     302        0          0          .0000000E+00
     303        0          0          .0000000E+00
     304        0          0          .0000000E+00
     305        0          0          .0000000E+00
     306        0          0          .0000000E+00
     307        0          0          .0000000E+00
     308        0          0          .0000000E+00
     309        0          0          .0000000E+00
     310        0          0          .0000000E+00
     311        0          0          .0000000E+00
     312        0          0          .0000000E+00
     313        0          0          .0000000E+00
     314        0          0          .0000000E+00
     315        0          0          .0000000E+00
     316        0          0          .0000000E+00
     317        0          0          .0000000E+00
     318        0          0          .0000000E+00
     319        0          0          .0000000E+00
     320        0          0          .0000000E+00
     321        0          0          .0000000E+00
     322        0          0          .0000000E+00
     323        0          0          .0000000E+00
     324        0          1          .0000000E+00


  INCIDENCIA DOS NOS GEOMETRICOS

       INDICE     PRIM. NÓ      SEG. NÓ
       1          1       2
       2          2       3
       3          3       4
       4          4       5
       5          5       6
       6          6       7
       7          7       8
       8          8       9
       9          9      10
      10         10      11
      11         11      12
      12         12      13
      13         13      14
      14         14      15
      15         15      16
      16         16      17
      17         17      18
      18         18      19
      19         19      20
      20         20      21
      21         21      22
      22         22      23
      23         23      24
      24         24      25
      25         25      26
      26         26      27
      27         27      28
      28         28      29
      29         29      30
      30         30      31
      31         31      32
      32         32      33
      33         33      34
      34         34      35
      35         35      36
      36         36      37
      37         37      38
      38         38      39
      39         39      40
      40         40      41
      41         41      42
      42         42      43
      43         43      44
      44         44      45
      45         45      46
      46         46      47
      47         47      48
      48         48      49
      49         49      50
      50         50      51
      51         51      52
      52         52      53
      53         53      54
      54         54      55
      55         55      56
      56         56      57
      57         57      58
      58         58      59
      59         59      60
      60         60      61
      61         61      62
      62         62      63
      63         63      64
      64         64      65
      65         65      66
      66         66      67
      67         67      68
      68         68      69
      69         69      70
      70         70      71
      71         71      72
      72         72      73
      73         73      74
      74         74      75
      75         75      76
      76         76      77
      77         77      78
      78         78      79
      79         79      80
      80         80      81
      81         82      83
      82         83      84
      83         84      85
      84         85      86
      85         86      87
      86         87      88
      87         88      89
      88         89      90
      89         90      91
      90         91      92
      91         92      93
      92         93      94
      93         94      95
      94         95      96
      95         96      97
      96         97      98
      97         98      99
      98         99     100
      99        100     101
     100        101     102
     101        102     103
     102        103     104
     103        104     105
     104        105     106
     105        106     107
     106        107     108
     107        108     109
     108        109     110
     109        110     111
     110        111     112
     111        112     113
     112        113     114
     113        114     115
     114        115     116
     115        116     117
     116        117     118
     117        118     119
     118        119     120
     119        120     121
     120        121     122
     121        122     123
     122        123     124
     123        124     125
     124        125     126
     125        126     127
     126        127     128
     127        128     129
     128        129     130
     129        130     131
     130        131     132
     131        132     133
     132        133     134
     133        134     135
     134        135     136
     135        136     137
     136        137     138
     137        138     139
     138        139     140
     139        140     141
     140        141     142
     141        142     143
     142        143     144
     143        144     145
     144        145     146
     145        146     147
     146        147     148
     147        148     149
     148        149     150
     149        150     151
     150        151     152
     151        152     153
     152        153     154
     153        154     155
     154        155     156
     155        156     157
     156        157     158
     157        158     159
     158        159     160
     159        160     161
     160        161     162
     161        163     164
     162        164     165
     163        165     166
     164        166     167
     165        167     168
     166        168     169
     167        169     170
     168        170     171
     169        171     172
     170        172     173
     171        173     174
     172        174     175
     173        175     176
     174        176     177
     175        177     178
     176        178     179
     177        179     180
     178        180     181
     179        181     182
     180        182     183
     181        183     184
     182        184     185
     183        185     186
     184        186     187
     185        187     188
     186        188     189
     187        189     190
     188        190     191
     189        191     192
     190        192     193
     191        193     194
     192        194     195
     193        195     196
     194        196     197
     195        197     198
     196        198     199
     197        199     200
     198        200     201
     199        201     202
     200        202     203
     201        203     204
     202        204     205
     203        205     206
     204        206     207
     205        207     208
     206        208     209
     207        209     210
     208        210     211
     209        211     212
     210        212     213
     211        213     214
     212        214     215
     213        215     216
     214        216     217
     215        217     218
     216        218     219
     217        219     220
     218        220     221
     219        221     222
     220        222     223
     221        223     224
     222        224     225
     223        225     226
     224        226     227
     225        227     228
     226        228     229
     227        229     230
     228        230     231
     229        231     232
     230        232     233
     231        233     234
     232        234     235
     233        235     236
     234        236     237
     235        237     238
     236        238     239
     237        239     240
     238        240     241
     239        241     242
     240        242     243
     241        244     245
     242        245     246
     243        246     247
     244        247     248
     245        248     249
     246        249     250
     247        250     251
     248        251     252
     249        252     253
     250        253     254
     251        254     255
     252        255     256
     253        256     257
     254        257     258
     255        258     259
     256        259     260
     257        260     261
     258        261     262
     259        262     263
     260        263     264
     261        264     265
     262        265     266
     263        266     267
     264        267     268
     265        268     269
     266        269     270
     267        270     271
     268        271     272
     269        272     273
     270        273     274
     271        274     275
     272        275     276
     273        276     277
     274        277     278
     275        278     279
     276        279     280
     277        280     281
     278        281     282
     279        282     283
     280        283     284
     281        284     285
     282        285     286
     283        286     287
     284        287     288
     285        288     289
     286        289     290
     287        290     291
     288        291     292
     289        292     293
     290        293     294
     291        294     295
     292        295     296
     293        296     297
     294        297     298
     295        298     299
     296        299     300
     297        300     301
     298        301     302
     299        302     303
     300        303     304
     301        304     305
     302        305     306
     303        306     307
     304        307     308
     305        308     309
     306        309     310
     307        310     311
     308        311     312
     309        312     313
     310        313     314
     311        314     315
     312        315     316
     313        316     317
     314        317     318
     315        318     319
     316        319     320
     317        320     321
     318        321     322
     319        322     323
     320        323     324
 NOVAS COORDENADAS DOS NOS DUPLOS
      .0002      .0000
      .0125      .0000
      .0250      .0000
      .0375      .0000
      .0500      .0000
      .0625      .0000
      .0750      .0000
      .0875      .0000
      .1000      .0000
      .1125      .0000
      .1250      .0000
      .1375      .0000
      .1500      .0000
      .1625      .0000
      .1750      .0000
      .1875      .0000
      .2000      .0000
      .2125      .0000
      .2250      .0000
      .2375      .0000
      .2500      .0000
      .2625      .0000
      .2750      .0000
      .2875      .0000
      .3000      .0000
      .3125      .0000
      .3250      .0000
      .3375      .0000
      .3500      .0000
      .3625      .0000
      .3750      .0000
      .3875      .0000
      .4000      .0000
      .4125      .0000
      .4250      .0000
      .4375      .0000
      .4500      .0000
      .4625      .0000
      .4750      .0000
      .4875      .0000
      .5000      .0000
      .5125      .0000
      .5250      .0000
      .5375      .0000
      .5500      .0000
      .5625      .0000
      .5750      .0000
      .5875      .0000
      .6000      .0000
      .6125      .0000
      .6250      .0000
      .6375      .0000
      .6500      .0000
      .6625      .0000
      .6750      .0000
      .6875      .0000
      .7000      .0000
      .7125      .0000
      .7250      .0000
      .7375      .0000
      .7500      .0000
      .7625      .0000
      .7750      .0000
      .7875      .0000
      .8000      .0000
      .8125      .0000
      .8250      .0000
      .8375      .0000
      .8500      .0000
      .8625      .0000
      .8750      .0000
      .8875      .0000
      .9000      .0000
      .9125      .0000
      .9250      .0000
      .9375      .0000
      .9500      .0000
      .9625      .0000
      .9750      .0000
      .9875      .0000
      .9998      .0000
     1.0000      .0002
     1.0000      .0125
     1.0000      .0250
     1.0000      .0375
     1.0000      .0500
     1.0000      .0625
     1.0000      .0750
     1.0000      .0875
     1.0000      .1000
     1.0000      .1125
     1.0000      .1250
     1.0000      .1375
     1.0000      .1500
     1.0000      .1625
     1.0000      .1750
     1.0000      .1875
     1.0000      .2000
     1.0000      .2125
     1.0000      .2250
     1.0000      .2375
     1.0000      .2500
     1.0000      .2625
     1.0000      .2750
     1.0000      .2875
     1.0000      .3000
     1.0000      .3125
     1.0000      .3250
     1.0000      .3375
     1.0000      .3500
     1.0000      .3625
     1.0000      .3750
     1.0000      .3875
     1.0000      .4000
     1.0000      .4125
     1.0000      .4250
     1.0000      .4375
     1.0000      .4500
     1.0000      .4625
     1.0000      .4750
     1.0000      .4875
     1.0000      .5000
     1.0000      .5125
     1.0000      .5250
     1.0000      .5375
     1.0000      .5500
     1.0000      .5625
     1.0000      .5750
     1.0000      .5875
     1.0000      .6000
     1.0000      .6125
     1.0000      .6250
     1.0000      .6375
     1.0000      .6500
     1.0000      .6625
     1.0000      .6750
     1.0000      .6875
     1.0000      .7000
     1.0000      .7125
     1.0000      .7250
     1.0000      .7375
     1.0000      .7500
     1.0000      .7625
     1.0000      .7750
     1.0000      .7875
     1.0000      .8000
     1.0000      .8125
     1.0000      .8250
     1.0000      .8375
     1.0000      .8500
     1.0000      .8625
     1.0000      .8750
     1.0000      .8875
     1.0000      .9000
     1.0000      .9125
     1.0000      .9250
     1.0000      .9375
     1.0000      .9500
     1.0000      .9625
     1.0000      .9750
     1.0000      .9875
     1.0000      .9998
      .9998     1.0000
      .9875     1.0000
      .9750     1.0000
      .9625     1.0000
      .9500     1.0000
      .9375     1.0000
      .9250     1.0000
      .9125     1.0000
      .9000     1.0000
      .8875     1.0000
      .8750     1.0000
      .8625     1.0000
      .8500     1.0000
      .8375     1.0000
      .8250     1.0000
      .8125     1.0000
      .8000     1.0000
      .7875     1.0000
      .7750     1.0000
      .7625     1.0000
      .7500     1.0000
      .7375     1.0000
      .7250     1.0000
      .7125     1.0000
      .7000     1.0000
      .6875     1.0000
      .6750     1.0000
      .6625     1.0000
      .6500     1.0000
      .6375     1.0000
      .6250     1.0000
      .6125     1.0000
      .6000     1.0000
      .5875     1.0000
      .5750     1.0000
      .5625     1.0000
      .5500     1.0000
      .5375     1.0000
      .5250     1.0000
      .5125     1.0000
      .5000     1.0000
      .4875     1.0000
      .4750     1.0000
      .4625     1.0000
      .4500     1.0000
      .4375     1.0000
      .4250     1.0000
      .4125     1.0000
      .4000     1.0000
      .3875     1.0000
      .3750     1.0000
      .3625     1.0000
      .3500     1.0000
      .3375     1.0000
      .3250     1.0000
      .3125     1.0000
      .3000     1.0000
      .2875     1.0000
      .2750     1.0000
      .2625     1.0000
      .2500     1.0000
      .2375     1.0000
      .2250     1.0000
      .2125     1.0000
      .2000     1.0000
      .1875     1.0000
      .1750     1.0000
      .1625     1.0000
      .1500     1.0000
      .1375     1.0000
      .1250     1.0000
      .1125     1.0000
      .1000     1.0000
      .0875     1.0000
      .0750     1.0000
      .0625     1.0000
      .0500     1.0000
      .0375     1.0000
      .0250     1.0000
      .0125     1.0000
      .0002     1.0000
      .0000      .9998
      .0000      .9875
      .0000      .9750
      .0000      .9625
      .0000      .9500
      .0000      .9375
      .0000      .9250
      .0000      .9125
      .0000      .9000
      .0000      .8875
      .0000      .8750
      .0000      .8625
      .0000      .8500
      .0000      .8375
      .0000      .8250
      .0000      .8125
      .0000      .8000
      .0000      .7875
      .0000      .7750
      .0000      .7625
      .0000      .7500
      .0000      .7375
      .0000      .7250
      .0000      .7125
      .0000      .7000
      .0000      .6875
      .0000      .6750
      .0000      .6625
      .0000      .6500
      .0000      .6375
      .0000      .6250
      .0000      .6125
      .0000      .6000
      .0000      .5875
      .0000      .5750
      .0000      .5625
      .0000      .5500
      .0000      .5375
      .0000      .5250
      .0000      .5125
      .0000      .5000
      .0000      .4875
      .0000      .4750
      .0000      .4625
      .0000      .4500
      .0000      .4375
      .0000      .4250
      .0000      .4125
      .0000      .4000
      .0000      .3875
      .0000      .3750
      .0000      .3625
      .0000      .3500
      .0000      .3375
      .0000      .3250
      .0000      .3125
      .0000      .3000
      .0000      .2875
      .0000      .2750
      .0000      .2625
      .0000      .2500
      .0000      .2375
      .0000      .2250
      .0000      .2125
      .0000      .2000
      .0000      .1875
      .0000      .1750
      .0000      .1625
      .0000      .1500
      .0000      .1375
      .0000      .1250
      .0000      .1125
      .0000      .1000
      .0000      .0875
      .0000      .0750
      .0000      .0625
      .0000      .0500
      .0000      .0375
      .0000      .0250
      .0000      .0125
      .0000      .0002
   
 VALORES DE DFI  ************************************
      1   .0000
      2   .0000
      3   .0000
      4   .0000
      5   .0000
      6   .0000
      7   .0000
      8   .0000
      9   .0000
     10   .0000
     11   .0000
     12   .0000
     13   .0000
     14   .0000
     15   .0000
     16   .0000
     17   .0000
     18   .0000
     19   .0000
     20   .0000
     21   .0000
     22   .0000
     23   .0000
     24   .0000
     25   .0000
     26   .0000
     27   .0000
     28   .0000
     29   .0000
     30   .0000
     31   .0000
     32   .0000
     33   .0000
     34   .0000
     35   .0000
     36   .0000
     37   .0000
     38   .0000
     39   .0000
     40   .0000
     41   .0000
     42   .0000
     43   .0000
     44   .0000
     45   .0000
     46   .0000
     47   .0000
     48   .0000
     49   .0000
     50   .0000
     51   .0000
     52   .0000
     53   .0000
     54   .0000
     55   .0000
     56   .0000
     57   .0000
     58   .0000
     59   .0000
     60   .0000
     61   .0000
     62   .0000
     63   .0000
     64   .0000
     65   .0000
     66   .0000
     67   .0000
     68   .0000
     69   .0000
     70   .0000
     71   .0000
     72   .0000
     73   .0000
     74   .0000
     75   .0000
     76   .0000
     77   .0000
     78   .0000
     79   .0000
     80   .0000
     81   .0000
     82   .0000
     83   .0000
     84   .0000
     85   .0000
     86   .0000
     87   .0000
     88   .0000
     89   .0000
     90   .0000
     91   .0000
     92   .0000
     93   .0000
     94   .0000
     95   .0000
     96   .0000
     97   .0000
     98   .0000
     99   .0000
    100   .0000
    101   .0000
    102   .0000
    103   .0000
    104   .0000
    105   .0000
    106   .0000
    107   .0000
    108   .0000
    109   .0000
    110   .0000
    111   .0000
    112   .0000
    113   .0000
    114   .0000
    115   .0000
    116   .0000
    117   .0000
    118   .0000
    119   .0000
    120   .0000
    121   .0000
    122   .0000
    123   .0000
    124   .0000
    125   .0000
    126   .0000
    127   .0000
    128   .0000
    129   .0000
    130   .0000
    131   .0000
    132   .0000
    133   .0000
    134   .0000
    135   .0000
    136   .0000
    137   .0000
    138   .0000
    139   .0000
    140   .0000
    141   .0000
    142   .0000
    143   .0000
    144   .0000
    145   .0000
    146   .0000
    147   .0000
    148   .0000
    149   .0000
    150   .0000
    151   .0000
    152   .0000
    153   .0000
    154   .0000
    155   .0000
    156   .0000
    157   .0000
    158   .0000
    159   .0000
    160   .0000
    161   .0000
    162   .0000
    163   .0000
    164   .0000
    165   .0000
    166   .0000
    167   .0000
    168   .0000
    169   .0000
    170   .0000
    171   .0000
    172   .0000
    173   .0000
    174   .0000
    175   .0000
    176   .0000
    177   .0000
    178   .0000
    179   .0000
    180   .0000
    181   .0000
    182   .0000
    183   .0000
    184   .0000
    185   .0000
    186   .0000
    187   .0000
    188   .0000
    189   .0000
    190   .0000
    191   .0000
    192   .0000
    193   .0000
    194   .0000
    195   .0000
    196   .0000
    197   .0000
    198   .0000
    199   .0000
    200   .0000
    201   .0000
    202   .0000
    203   .0000
    204   .0000
    205   .0000
    206   .0000
    207   .0000
    208   .0000
    209   .0000
    210   .0000
    211   .0000
    212   .0000
    213   .0000
    214   .0000
    215   .0000
    216   .0000
    217   .0000
    218   .0000
    219   .0000
    220   .0000
    221   .0000
    222   .0000
    223   .0000
    224   .0000
    225   .0000
    226   .0000
    227   .0000
    228   .0000
    229   .0000
    230   .0000
    231   .0000
    232   .0000
    233   .0000
    234   .0000
    235   .0000
    236   .0000
    237   .0000
    238   .0000
    239   .0000
    240   .0000
    241   .0000
    242   .0000
    243   .0000
    244   .0000
    245   .0000
    246   .0000
    247   .0000
    248   .0000
    249   .0000
    250   .0000
    251   .0000
    252   .0000
    253   .0000
    254   .0000
    255   .0000
    256   .0000
    257   .0000
    258   .0000
    259   .0000
    260   .0000
    261   .0000
    262   .0000
    263   .0000
    264   .0000
    265   .0000
    266   .0000
    267   .0000
    268   .0000
    269   .0000
    270   .0000
    271   .0000
    272   .0000
    273   .0000
    274   .0000
    275   .0000
    276   .0000
    277   .0000
    278   .0000
    279   .0000
    280   .0000
    281   .0000
    282   .0000
    283   .0000
    284   .0000
    285   .0000
    286   .0000
    287   .0000
    288   .0000
    289   .0000
    290   .0000
    291   .0000
    292   .0000
    293   .0000
    294   .0000
    295   .0000
    296   .0000
    297   .0000
    298   .0000
    299   .0000
    300   .0000
    301   .0000
    302   .0000
    303   .0000
    304   .0000
    305   .0000
    306   .0000
    307   .0000
    308   .0000
    309   .0000
    310   .0000
    311   .0000
    312   .0000
    313   .0000
    314   .0000
    315   .0000
    316   .0000
    317   .0000
    318   .0000
    319   .0000
    320   .0000
    321   .0000
    322   .0000
    323   .0000
    324   .0000
    325   .0000
    326   .0000
    327   .0000
    328   .0000
    329   .0000
    330   .0000
    331   .0000
    332   .0000
    333   .0000
    334   .0000
    335   .0000
    336   .0000
    337   .0000
    338   .0000
    339   .0000
    340   .0000
    341   .0000
    342   .0000
    343   .0000
    344   .0000
    345   .0000
    346   .0000
    347   .0000
    348   .0000
    349   .0000
    350   .0000
    351   .0000
    352   .0000
    353   .0000
    354   .0000
    355   .0000
    356   .0000
    357   .0000
    358   .0000
    359   .0000
    360   .0000
    361   .0000
    362   .0000
    363   .0000
    364   .0000
    365   .0000
    366   .0000
    367   .0000
    368   .0000
    369   .0000
    370   .0000
    371   .0000
    372   .0000
    373   .0000
    374   .0000
    375   .0000
    376   .0000
    377   .0000
    378   .0000
    379   .0000
    380   .0000
    381   .0000
    382   .0000
    383   .0000
    384   .0000
    385   .0000
    386   .0000
    387   .0000
    388   .0000
    389   .0000
    390   .0000
    391   .0000
    392   .0000
    393   .0000
    394   .0000
    395   .0000
    396   .0000
    397   .0000
    398   .0000
    399   .0000
    400   .0000
    401   .0000
    402   .0000
    403   .0000
    404   .0000
    405   .0000
    406   .0000
    407   .0000
    408   .0000
    409   .0000
    410   .0000
    411   .0000
    412   .0000
    413   .0000
    414   .0000
    415   .0000
    416   .0000
    417   .0000
    418   .0000
    419   .0000
    420   .0000
    421   .0000
    422   .0000
    423   .0000
    424   .0000
    425   .0000
    426   .0000
    427   .0000
    428   .0000
    429   .0000
    430   .0000
    431   .0000
    432   .0000
    433   .0000
    434   .0000
    435   .0000
    436   .0000
    437   .0000
    438   .0000
    439   .0000
    440   .0000
    441   .0000
    442   .0000
    443   .0000
    444   .0000
    445   .0000
    446   .0000
    447   .0000
    448   .0000
    449   .0000
    450   .0000
    451   .0000
    452   .0000
    453   .0000
    454   .0000
    455   .0000
    456   .0000
    457   .0000
    458   .0000
    459   .0000
    460   .0000
    461   .0000
    462   .0000
    463   .0000
    464   .0000
    465   .0000
    466   .0000
    467   .0000
    468   .0000
    469   .0000
    470   .0000
    471   .0000
    472   .0000
    473   .0000
    474   .0000
    475   .0000
    476   .0000
    477   .0000
    478   .0000
    479   .0000
    480   .0000
    481   .0000
    482   .0000
    483   .0000
    484   .0000
    485   .0000
    486   .0000
    487   .0000
    488   .0000
    489   .0000
    490   .0000
    491   .0000
    492   .0000
    493   .0000
    494   .0000
    495   .0000
    496   .0000
    497   .0000
    498   .0000
    499   .0000
    500   .0000
    501   .0000
    502   .0000
    503   .0000
    504   .0000
    505   .0000
    506   .0000
    507   .0000
    508   .0000
    509   .0000
    510   .0000
    511   .0000
    512   .0000
    513   .0000
    514   .0000
    515   .0000
    516   .0000
    517   .0000
    518   .0000
    519   .0000
    520   .0000
    521   .0000
    522   .0000
    523   .0000
    524   .0000
    525   .0000
    526   .0000
    527   .0000
    528   .0000
    529   .0000
    530   .0000
    531   .0000
    532   .0000
    533   .0000
    534   .0000
    535   .0000
    536   .0000
    537   .0000
    538   .0000
    539   .0000
    540   .0000
    541   .0000
    542   .0000
    543   .0000
    544   .0000
    545   .0000
    546   .0000
    547   .0000
    548   .0000
    549   .0000
    550   .0000
    551   .0000
    552   .0000
    553   .0000
    554   .0000
    555   .0000
    556   .0000
    557   .0000
    558   .0000
    559   .0000
    560   .0000
    561   .0000
    562   .0000
    563   .0000
    564   .0000
    565   .0000
    566   .0000
    567   .0000
    568   .0000
    569   .0000
    570   .0000
    571   .0000
    572   .0000
    573   .0000
    574   .0000
    575   .0000
    576   .0000
    577   .0000
    578   .0000
    579   .0000
    580   .0000
    581   .0000
    582   .0000
    583   .0000
    584   .0000
    585   .0000
    586   .0000
    587   .0000
    588   .0000
    589   .0000
    590   .0000
    591   .0000
    592   .0000
    593   .0000
    594   .0000
    595   .0000
    596   .0000
    597   .0000
    598   .0000
    599   .0000
    600   .0000
    601   .0000
    602   .0000
    603   .0000
    604   .0000
    605   .0000
    606   .0000
    607   .0000
    608   .0000
    609   .0000
    610   .0000
    611   .0000
    612   .0000
    613   .0000
    614   .0000
    615   .0000
    616   .0000
    617   .0000
    618   .0000
    619   .0000
    620   .0000
    621   .0000
    622   .0000
    623   .0000
    624   .0000
    625   .0000
    626   .0000
    627   .0000
    628   .0000
    629   .0000
    630   .0000
    631   .0000
    632   .0000
    633   .0000
    634   .0000
    635   .0000
    636   .0000
    637   .0000
    638   .0000
    639   .0000
    640   .0000
    641   .0000
    642   .0000
    643   .0000
    644   .0000
    645   .0000
    646   .0000
    647   .0000
    648   .0000
    649   .0000
    650   .0000
    651   .0000
    652   .0000
    653   .0000
    654   .0000
    655   .0000
    656   .0000
    657   .0000
    658   .0000
    659   .0000
    660   .0000
    661   .0000
    662   .0000
    663   .0000
    664   .0000
    665   .0000
    666   .0000
    667   .0000
    668   .0000
    669   .0000
    670   .0000
    671   .0000
    672   .0000
    673   .0000
    674   .0000
    675   .0000
    676   .0000
    677   .0000
    678   .0000
    679   .0000
    680   .0000
    681   .0000
    682   .0000
    683   .0000
    684   .0000
    685   .0000
    686   .0000
    687   .0000
    688   .0000
    689   .0000
    690   .0000
    691   .0000
    692   .0000
    693   .0000
    694   .0000
    695   .0000
    696   .0000
    697   .0000
    698   .0000
    699   .0000
    700   .0000
    701   .0000
    702   .0000
    703   .0000
    704   .0000
    705   .0000
    706   .0000
    707   .0000
    708   .0000
    709   .0000
    710   .0000
    711   .0000
    712   .0000
    713   .0000
    714   .0000
    715   .0000
    716   .0000
    717   .0000
    718   .0000
    719   .0000
    720   .0000
    721   .0000
    722   .0000
    723   .0000
    724   .0000
    725   .0000
    726   .0000
    727   .0000
    728   .0000
    729   .0000
    730   .0000
    731   .0000
    732   .0000
    733   .0000
    734   .0000
    735   .0000
    736   .0000
    737   .0000
    738   .0000
    739   .0000
    740   .0000
    741   .0000
    742   .0000
    743   .0000
    744   .0000
    745   .0000
    746   .0000
    747   .0000
    748   .0000
    749   .0000
    750   .0000
    751   .0000
    752   .0000
    753   .0000
    754   .0000
    755   .0000
    756   .0000
    757   .0000
    758   .0000
    759   .0000
    760   .0000
    761   .0000
    762   .0000
    763   .0000
    764   .0000
    765   .0000
    766   .0000
    767   .0000
    768   .0000
    769   .0000
    770   .0000
    771   .0000
    772   .0000
    773   .0000
    774   .0000
    775   .0000
    776   .0000
    777   .0000
    778   .0000
    779   .0000
    780   .0000
    781   .0000
    782   .0000
    783   .0000
    784   .0000
    785   .0000
    786   .0000
    787   .0000
    788   .0000
    789   .0000
    790   .0000
    791   .0000
    792   .0000
    793   .0000
    794   .0000
    795   .0000
    796   .0000
    797   .0000
    798   .0000
    799   .0000
    800   .0000
    801   .0000
    802   .0000
    803   .0000
    804   .0000
    805   .0000
    806   .0000
    807   .0000
    808   .0000
    809   .0000
    810   .0000
    811   .0000
    812   .0000
    813   .0000
    814   .0000
    815   .0000
    816   .0000
    817   .0000
    818   .0000
    819   .0000
    820   .0000
    821   .0000
    822   .0000
    823   .0000
    824   .0000
    825   .0000
    826   .0000
    827   .0000
    828   .0000
    829   .0000
    830   .0000
    831   .0000
    832   .0000
    833   .0000
    834   .0000
    835   .0000
    836   .0000
    837   .0000
    838   .0000
    839   .0000
    840   .0000
    841   .0000
    842   .0000
    843   .0000
    844   .0000
    845   .0000
    846   .0000
    847   .0000
    848   .0000
    849   .0000
    850   .0000
    851   .0000
    852   .0000
    853   .0000
    854  