Exemplo de barra bidimensional          
320
324
576
  1    .00000     .00000
  2    .01250     .00000
  3    .02500     .00000
  4    .03750     .00000
  5    .05000     .00000
  6    .06250     .00000
  7    .07500     .00000
  8    .08750     .00000
  9    .10000     .00000
 10    .11250     .00000
 11    .12500     .00000
 12    .13750     .00000
 13    .15000     .00000
 14    .16250     .00000
 15    .17500     .00000
 16    .18750     .00000
 17    .20000     .00000
 18    .21250     .00000
 19    .22500     .00000
 20    .23750     .00000
 21    .25000     .00000
 22    .26250     .00000
 23    .27500     .00000
 24    .28750     .00000
 25    .30000     .00000
 26    .31250     .00000
 27    .32500     .00000
 28    .33750     .00000
 29    .35000     .00000
 30    .36250     .00000
 31    .37500     .00000
 32    .38750     .00000
 33    .40000     .00000
 34    .41250     .00000
 35    .42500     .00000
 36    .43750     .00000
 37    .45000     .00000
 38    .46250     .00000
 39    .47500     .00000
 40    .48750     .00000
 41    .50000     .00000
 42    .51250     .00000
 43    .52500     .00000
 44    .53750     .00000
 45    .55000     .00000
 46    .56250     .00000
 47    .57500     .00000
 48    .58750     .00000
 49    .60000     .00000
 50    .61250     .00000
 51    .62500     .00000
 52    .63750     .00000
 53    .65000     .00000
 54    .66250     .00000
 55    .67500     .00000
 56    .68750     .00000
 57    .70000     .00000
 58    .71250     .00000
 59    .72500     .00000
 60    .73750     .00000
 61    .75000     .00000
 62    .76250     .00000
 63    .77500     .00000
 64    .78750     .00000
 65    .80000     .00000
 66    .81250     .00000
 67    .82500     .00000
 68    .83750     .00000
 69    .85000     .00000
 70    .86250     .00000
 71    .87500     .00000
 72    .88750     .00000
 73    .90000     .00000
 74    .91250     .00000
 75    .92500     .00000
 76    .93750     .00000
 77    .95000     .00000
 78    .96250     .00000
 79    .97500     .00000
 80    .98750     .00000
 81   1.00000     .00000
 82   1.00000     .00000
 83   1.00000     .01250
 84   1.00000     .02500
 85   1.00000     .03750
 86   1.00000     .05000
 87   1.00000     .06250
 88   1.00000     .07500
 89   1.00000     .08750
 90   1.00000     .10000
 91   1.00000     .11250
 92   1.00000     .12500
 93   1.00000     .13750
 94   1.00000     .15000
 95   1.00000     .16250
 96   1.00000     .17500
 97   1.00000     .18750
 98   1.00000     .20000
 99   1.00000     .21250
100   1.00000     .22500
101   1.00000     .23750
102   1.00000     .25000
103   1.00000     .26250
104   1.00000     .27500
105   1.00000     .28750
106   1.00000     .30000
107   1.00000     .31250
108   1.00000     .32500
109   1.00000     .33750
110   1.00000     .35000
111   1.00000     .36250
112   1.00000     .37500
113   1.00000     .38750
114   1.00000     .40000
115   1.00000     .41250
116   1.00000     .42500
117   1.00000     .43750
118   1.00000     .45000
119   1.00000     .46250
120   1.00000     .47500
121   1.00000     .48750
122   1.00000     .50000
123   1.00000     .51250
124   1.00000     .52500
125   1.00000     .53750
126   1.00000     .55000
127   1.00000     .56250
128   1.00000     .57500
129   1.00000     .58750
130   1.00000     .60000
131   1.00000     .61250
132   1.00000     .62500
133   1.00000     .63750
134   1.00000     .65000
135   1.00000     .66250
136   1.00000     .67500
137   1.00000     .68750
138   1.00000     .70000
139   1.00000     .71250
140   1.00000     .72500
141   1.00000     .73750
142   1.00000     .75000
143   1.00000     .76250
144   1.00000     .77500
145   1.00000     .78750
146   1.00000     .80000
147   1.00000     .81250
148   1.00000     .82500
149   1.00000     .83750
150   1.00000     .85000
151   1.00000     .86250
152   1.00000     .87500
153   1.00000     .88750
154   1.00000     .90000
155   1.00000     .91250
156   1.00000     .92500
157   1.00000     .93750
158   1.00000     .95000
159   1.00000     .96250
160   1.00000     .97500
161   1.00000     .98750
162   1.00000    1.00000
163   1.00000    1.00000
164    .98750    1.00000
165    .97500    1.00000
166    .96250    1.00000
167    .95000    1.00000
168    .93750    1.00000
169    .92500    1.00000
170    .91250    1.00000
171    .90000    1.00000
172    .88750    1.00000
173    .87500    1.00000
174    .86250    1.00000
175    .85000    1.00000
176    .83750    1.00000
177    .82500    1.00000
178    .81250    1.00000
179    .80000    1.00000
180    .78750    1.00000
181    .77500    1.00000
182    .76250    1.00000
183    .75000    1.00000
184    .73750    1.00000
185    .72500    1.00000
186    .71250    1.00000
187    .70000    1.00000
188    .68750    1.00000
189    .67500    1.00000
190    .66250    1.00000
191    .65000    1.00000
192    .63750    1.00000
193    .62500    1.00000
194    .61250    1.00000
195    .60000    1.00000
196    .58750    1.00000
197    .57500    1.00000
198    .56250    1.00000
199    .55000    1.00000
200    .53750    1.00000
201    .52500    1.00000
202    .51250    1.00000
203    .50000    1.00000
204    .48750    1.00000
205    .47500    1.00000
206    .46250    1.00000
207    .45000    1.00000
208    .43750    1.00000
209    .42500    1.00000
210    .41250    1.00000
211    .40000    1.00000
212    .38750    1.00000
213    .37500    1.00000
214    .36250    1.00000
215    .35000    1.00000
216    .33750    1.00000
217    .32500    1.00000
218    .31250    1.00000
219    .30000    1.00000
220    .28750    1.00000
221    .27500    1.00000
222    .26250    1.00000
223    .25000    1.00000
224    .23750    1.00000
225    .22500    1.00000
226    .21250    1.00000
227    .20000    1.00000
228    .18750    1.00000
229    .17500    1.00000
230    .16250    1.00000
231    .15000    1.00000
232    .13750    1.00000
233    .12500    1.00000
234    .11250    1.00000
235    .10000    1.00000
236    .08750    1.00000
237    .07500    1.00000
238    .06250    1.00000
239    .05000    1.00000
240    .03750    1.00000
241    .02500    1.00000
242    .01250    1.00000
243    .00000    1.00000
244    .00000    1.00000
245    .00000     .98750
246    .00000     .97500
247    .00000     .96250
248    .00000     .95000
249    .00000     .93750
250    .00000     .92500
251    .00000     .91250
252    .00000     .90000
253    .00000     .88750
254    .00000     .87500
255    .00000     .86250
256    .00000     .85000
257    .00000     .83750
258    .00000     .82500
259    .00000     .81250
260    .00000     .80000
261    .00000     .78750
262    .00000     .77500
263    .00000     .76250
264    .00000     .75000
265    .00000     .73750
266    .00000     .72500
267    .00000     .71250
268    .00000     .70000
269    .00000     .68750
270    .00000     .67500
271    .00000     .66250
272    .00000     .65000
273    .00000     .63750
274    .00000     .62500
275    .00000     .61250
276    .00000     .60000
277    .00000     .58750
278    .00000     .57500
279    .00000     .56250
280    .00000     .55000
281    .00000     .53750
282    .00000     .52500
283    .00000     .51250
284    .00000     .50000
285    .00000     .48750
286    .00000     .47500
287    .00000     .46250
288    .00000     .45000
289    .00000     .43750
290    .00000     .42500
291    .00000     .41250
292    .00000     .40000
293    .00000     .38750
294    .00000     .37500
295    .00000     .36250
296    .00000     .35000
297    .00000     .33750
298    .00000     .32500
299    .00000     .31250
300    .00000     .30000
301    .00000     .28750
302    .00000     .27500
303    .00000     .26250
304    .00000     .25000
305    .00000     .23750
306    .00000     .22500
307    .00000     .21250
308    .00000     .20000
309    .00000     .18750
310    .00000     .17500
311    .00000     .16250
312    .00000     .15000
313    .00000     .13750
314    .00000     .12500
315    .00000     .11250
316    .00000     .10000
317    .00000     .08750
318    .00000     .07500
319    .00000     .06250
320    .00000     .05000
321    .00000     .03750
322    .00000     .02500
323    .00000     .01250
324    .00000     .00000
325    .020833    .020833
326    .062500    .020833
327    .104167    .020833
328    .145833    .020833
329    .187500    .020833
330    .229167    .020833
331    .270833    .020833
332    .312500    .020833
333    .354167    .020833
334    .395833    .020833
335    .437500    .020833
336    .479167    .020833
337    .520833    .020833
338    .562500    .020833
339    .604167    .020833
340    .645833    .020833
341    .687500    .020833
342    .729167    .020833
343    .770833    .020833
344    .812500    .020833
345    .854167    .020833
346    .895833    .020833
347    .937500    .020833
348    .979167    .020833
349    .020833    .062500
350    .062500    .062500
351    .104167    .062500
352    .145833    .062500
353    .187500    .062500
354    .229167    .062500
355    .270833    .062500
356    .312500    .062500
357    .354167    .062500
358    .395833    .062500
359    .437500    .062500
360    .479167    .062500
361    .520833    .062500
362    .562500    .062500
363    .604167    .062500
364    .645833    .062500
365    .687500    .062500
366    .729167    .062500
367    .770833    .062500
368    .812500    .062500
369    .854167    .062500
370    .895833    .062500
371    .937500    .062500
372    .979167    .062500
373    .020833    .104167
374    .062500    .104167
375    .104167    .104167
376    .145833    .104167
377    .187500    .104167
378    .229167    .104167
379    .270833    .104167
380    .312500    .104167
381    .354167    .104167
382    .395833    .104167
383    .437500    .104167
384    .479167    .104167
385    .520833    .104167
386    .562500    .104167
387    .604167    .104167
388    .645833    .104167
389    .687500    .104167
390    .729167    .104167
391    .770833    .104167
392    .812500    .104167
393    .854167    .104167
394    .895833    .104167
395    .937500    .104167
396    .979167    .104167
397    .020833    .145833
398    .062500    .145833
399    .104167    .145833
400    .145833    .145833
401    .187500    .145833
402    .229167    .145833
403    .270833    .145833
404    .312500    .145833
405    .354167    .145833
406    .395833    .145833
407    .437500    .145833
408    .479167    .145833
409    .520833    .145833
410    .562500    .145833
411    .604167    .145833
412    .645833    .145833
413    .687500    .145833
414    .729167    .145833
415    .770833    .145833
416    .812500    .145833
417    .854167    .145833
418    .895833    .145833
419    .937500    .145833
420    .979167    .145833
421    .020833    .187500
422    .062500    .187500
423    .104167    .187500
424    .145833    .187500
425    .187500    .187500
426    .229167    .187500
427    .270833    .187500
428    .312500    .187500
429    .354167    .187500
430    .395833    .187500
431    .437500    .187500
432    .479167    .187500
433    .520833    .187500
434    .562500    .187500
435    .604167    .187500
436    .645833    .187500
437    .687500    .187500
438    .729167    .187500
439    .770833    .187500
440    .812500    .187500
441    .854167    .187500
442    .895833    .187500
443    .937500    .187500
444    .979167    .187500
445    .020833    .229167
446    .062500    .229167
447    .104167    .229167
448    .145833    .229167
449    .187500    .229167
450    .229167    .229167
451    .270833    .229167
452    .312500    .229167
453    .354167    .229167
454    .395833    .229167
455    .437500    .229167
456    .479167    .229167
457    .520833    .229167
458    .562500    .229167
459    .604167    .229167
460    .645833    .229167
461    .687500    .229167
462    .729167    .229167
463    .770833    .229167
464    .812500    .229167
465    .854167    .229167
466    .895833    .229167
467    .937500    .229167
468    .979167    .229167
469    .020833    .270833
470    .062500    .270833
471    .104167    .270833
472    .145833    .270833
473    .187500    .270833
474    .229167    .270833
475    .270833    .270833
476    .312500    .270833
477    .354167    .270833
478    .395833    .270833
479    .437500    .270833
480    .479167    .270833
481    .520833    .270833
482    .562500    .270833
483    .604167    .270833
484    .645833    .270833
485    .687500    .270833
486    .729167    .270833
487    .770833    .270833
488    .812500    .270833
489    .854167    .270833
490    .895833    .270833
491    .937500    .270833
492    .979167    .270833
493    .020833    .312500
494    .062500    .312500
495    .104167    .312500
496    .145833    .312500
497    .187500    .312500
498    .229167    .312500
499    .270833    .312500
500    .312500    .312500
501    .354167    .312500
502    .395833    .312500
503    .437500    .312500
504    .479167    .312500
505    .520833    .312500
506    .562500    .312500
507    .604167    .312500
508    .645833    .312500
509    .687500    .312500
510    .729167    .312500
511    .770833    .312500
512    .812500    .312500
513    .854167    .312500
514    .895833    .312500
515    .937500    .312500
516    .979167    .312500
517    .020834    .354167
518    .062500    .354167
519    .104167    .354167
520    .145834    .354167
521    .187500    .354167
522    .229167    .354167
523    .270834    .354167
524    .312500    .354167
525    .354167    .354167
526    .395834    .354167
527    .437500    .354167
528    .479167    .354167
529    .520834    .354167
530    .562500    .354167
531    .604167    .354167
532    .645834    .354167
533    .687500    .354167
534    .729167    .354167
535    .770834    .354167
536    .812500    .354167
537    .854167    .354167
538    .895834    .354167
539    .937500    .354167
540    .979167    .354167
541    .020834    .395833
542    .062500    .395833
543    .104167    .395833
544    .145834    .395833
545    .187500    .395833
546    .229167    .395833
547    .270834    .395833
548    .312500    .395833
549    .354167    .395833
550    .395834    .395833
551    .437500    .395833
552    .479167    .395833
553    .520834    .395833
554    .562500    .395833
555    .604167    .395833
556    .645834    .395833
557    .687500    .395833
558    .729167    .395833
559    .770834    .395833
560    .812500    .395833
561    .854167    .395833
562    .895834    .395833
563    .937500    .395833
564    .979167    .395833
565    .020834    .437500
566    .062500    .437500
567    .104167    .437500
568    .145834    .437500
569    .187500    .437500
570    .229167    .437500
571    .270834    .437500
572    .312500    .437500
573    .354167    .437500
574    .395834    .437500
575    .437500    .437500
576    .479167    .437500
577    .520834    .437500
578    .562500    .437500
579    .604167    .437500
580    .645834    .437500
581    .687500    .437500
582    .729167    .437500
583    .770834    .437500
584    .812500    .437500
585    .854167    .437500
586    .895834    .437500
587    .937500    .437500
588    .979167    .437500
589    .020834    .479167
590    .062500    .479167
591    .104167    .479167
592    .145834    .479167
593    .187500    .479167
594    .229167    .479167
595    .270834    .479167
596    .312500    .479167
597    .354167    .479167
598    .395834    .479167
599    .437500    .479167
600    .479167    .479167
601    .520834    .479167
602    .562500    .479167
603    .604167    .479167
604    .645834    .479167
605    .687500    .479167
606    .729167    .479167
607    .770834    .479167
608    .812500    .479167
609    .854167    .479167
610    .895834    .479167
611    .937500    .479167
612    .979167    .479167
613    .020834    .520833
614    .062500    .520833
615    .104167    .520833
616    .145834    .520833
617    .187500    .520833
618    .229167    .520833
619    .270834    .520833
620    .312500    .520833
621    .354167    .520833
622    .395834    .520833
623    .437500    .520833
624    .479167    .520833
625    .520834    .520833
626    .562500    .520833
627    .604167    .520833
628    .645834    .520833
629    .687500    .520833
630    .729167    .520833
631    .770834    .520833
632    .812500    .520833
633    .854167    .520833
634    .895834    .520833
635    .937500    .520833
636    .979167    .520833
637    .020834    .562500
638    .062500    .562500
639    .104167    .562500
640    .145834    .562500
641    .187500    .562500
642    .229167    .562500
643    .270834    .562500
644    .312500    .562500
645    .354167    .562500
646    .395834    .562500
647    .437500    .562500
648    .479167    .562500
649    .520834    .562500
650    .562500    .562500
651    .604167    .562500
652    .645834    .562500
653    .687500    .562500
654    .729167    .562500
655    .770834    .562500
656    .812500    .562500
657    .854167    .562500
658    .895834    .562500
659    .937500    .562500
660    .979167    .562500
661    .020834    .604167
662    .062500    .604167
663    .104167    .604167
664    .145834    .604167
665    .187500    .604167
666    .229167    .604167
667    .270834    .604167
668    .312500    .604167
669    .354167    .604167
670    .395834    .604167
671    .437500    .604167
672    .479167    .604167
673    .520834    .604167
674    .562500    .604167
675    .604167    .604167
676    .645834    .604167
677    .687500    .604167
678    .729167    .604167
679    .770834    .604167
680    .812500    .604167
681    .854167    .604167
682    .895834    .604167
683    .937500    .604167
684    .979167    .604167
685    .020834    .645833
686    .062500    .645833
687    .104167    .645833
688    .145834    .645833
689    .187500    .645833
690    .229167    .645833
691    .270834    .645833
692    .312500    .645833
693    .354167    .645833
694    .395834    .645833
695    .437500    .645833
696    .479167    .645833
697    .520834    .645833
698    .562500    .645833
699    .604167    .645833
700    .645834    .645833
701    .687500    .645833
702    .729167    .645833
703    .770834    .645833
704    .812500    .645833
705    .854167    .645833
706    .895834    .645833
707    .937500    .645833
708    .979167    .645833
709    .020833    .687500
710    .062501    .687500
711    .104167    .687500
712    .145833    .687500
713    .187501    .687500
714    .229167    .687500
715    .270833    .687500
716    .312501    .687500
717    .354167    .687500
718    .395833    .687500
719    .437501    .687500
720    .479167    .687500
721    .520833    .687500
722    .562501    .687500
723    .604167    .687500
724    .645833    .687500
725    .687501    .687500
726    .729167    .687500
727    .770833    .687500
728    .812501    .687500
729    .854167    .687500
730    .895833    .687500
731    .937501    .687500
732    .979167    .687500
733    .020833    .729167
734    .062501    .729167
735    .104167    .729167
736    .145833    .729167
737    .187501    .729167
738    .229167    .729167
739    .270833    .729167
740    .312501    .729167
741    .354167    .729167
742    .395833    .729167
743    .437501    .729167
744    .479167    .729167
745    .520833    .729167
746    .562501    .729167
747    .604167    .729167
748    .645833    .729167
749    .687501    .729167
750    .729167    .729167
751    .770833    .729167
752    .812501    .729167
753    .854167    .729167
754    .895833    .729167
755    .937501    .729167
756    .979167    .729167
757    .020833    .770833
758    .062501    .770833
759    .104167    .770833
760    .145833    .770833
761    .187501    .770833
762    .229167    .770833
763    .270833    .770833
764    .312501    .770833
765    .354167    .770833
766    .395833    .770833
767    .437501    .770833
768    .479167    .770833
769    .520833    .770833
770    .562501    .770833
771    .604167    .770833
772    .645833    .770833
773    .687501    .770833
774    .729167    .770833
775    .770833    .770833
776    .812501    .770833
777    .854167    .770833
778    .895833    .770833
779    .937501    .770833
780    .979167    .770833
781    .020833    .812500
782    .062501    .812500
783    .104167    .812500
784    .145833    .812500
785    .187501    .812500
786    .229167    .812500
787    .270833    .812500
788    .312501    .812500
789    .354167    .812500
790    .395833    .812500
791    .437501    .812500
792    .479167    .812500
793    .520833    .812500
794    .562501    .812500
795    .604167    .812500
796    .645833    .812500
797    .687501    .812500
798    .729167    .812500
799    .770833    .812500
800    .812501    .812500
801    .854167    .812500
802    .895833    .812500
803    .937501    .812500
804    .979167    .812500
805    .020833    .854167
806    .062501    .854167
807    .104167    .854167
808    .145833    .854167
809    .187501    .854167
810    .229167    .854167
811    .270833    .854167
812    .312501    .854167
813    .354167    .854167
814    .395833    .854167
815    .437501    .854167
816    .479167    .854167
817    .520833    .854167
818    .562501    .854167
819    .604167    .854167
820    .645833    .854167
821    .687501    .854167
822    .729167    .854167
823    .770833    .854167
824    .812501    .854167
825    .854167    .854167
826    .895833    .854167
827    .937501    .854167
828    .979167    .854167
829    .020833    .895833
830    .062501    .895833
831    .104167    .895833
832    .145833    .895833
833    .187501    .895833
834    .229167    .895833
835    .270833    .895833
836    .312501    .895833
837    .354167    .895833
838    .395833    .895833
839    .437501    .895833
840    .479167    .895833
841    .520833    .895833
842    .562501    .895833
843    .604167    .895833
844    .645833    .895833
845    .687501    .895833
846    .729167    .895833
847    .770833    .895833
848    .812501    .895833
849    .854167    .895833
850    .895833    .895833
851    .937501    .895833
852    .979167    .895833
853    .020833    .937500
854    .062501    .937500
855    .104167    .937500
856    .145833    .937500
857    .187501    .937500
858    .229167    .937500
859    .270833    .937500
860    .312501    .937500
861    .354167    .937500
862    .395833    .937500
863    .437501    .937500
864    .479167    .937500
865    .520833    .937500
866    .562501    .937500
867    .604167    .937500
868    .645833    .937500
869    .687501    .937500
870    .729167    .937500
871    .770833    .937500
872    .812501    .937500
873    .854167    .937500
874    .895833    .937500
875    .937501    .937500
876    .979167    .937500
877    .020833    .979167
878    .062501    .979167
879    .104167    .979167
880    .145833    .979167
881    .187501    .979167
882    .229167    .979167
883    .270833    .979167
884    .312501    .979167
885    .354167    .979167
886    .395833    .979167
887    .437501    .979167
888    .479167    .979167
889    .520833    .979167
890    .562501    .979167
891    .604167    .979167
892    .645833    .979167
893    .687501    .979167
894    .729167    .979167
895    .770833    .979167
896    .812501    .979167
897    .854167    .979167
898    .895833    .979167
899    .937501    .979167
900    .979167    .979167
   1  324     .000
   1    0     .000
   1    0     .000
   1    0     .000
   1    0     .000
   1    0     .000
   1    0     .000
   1    0     .000
   1    0     .000
   1    0     .000
   1    0     .000
   1    0     .000
   1    0     .000
   1    0     .000
   1    0     .000
   1    0     .000
   1    0     .000
   1    0     .000
   1    0     .000
   1    0     .000
   1    0     .000
   1    0     .000
   1    0     .000
   1    0     .000
   1    0     .000
   1    0     .000
   1    0     .000
   1    0     .000
   1    0     .000
   1    0     .000
   1    0     .000
   1    0     .000
   1    0     .000
   1    0     .000
   1    0     .000
   1    0     .000
   1    0     .000
   1    0     .000
   1    0     .000
   1    0     .000
   1    0     .000
   1    0     .000
   1    0     .000
   1    0     .000
   1    0     .000
   1    0     .000
   1    0     .000
   1    0     .000
   1    0     .000
   1    0     .000
   1    0     .000
   1    0     .000
   1    0     .000
   1    0     .000
   1    0     .000
   1    0     .000
   1    0     .000
   1    0     .000
   1    0     .000
   1    0     .000
   1    0     .000
   1    0     .000
   1    0     .000
   1    0     .000
   1    0     .000
   1    0     .000
   1    0     .000
   1    0     .000
   1    0     .000
   1    0     .000
   1    0     .000
   1    0     .000
   1    0     .000
   1    0     .000
   1    0     .000
   1    0     .000
   1    0     .000
   1    0     .000
   1    0     .000
   1    0     .000
   1   82     .000
   1   81     .000
   1    0     .000
   1    0     .000
   1    0     .000
   1    0     .000
   1    0     .000
   1    0     .000
   1    0     .000
   1    0     .000
   1    0     .000
   1    0     .000
   1    0     .000
   1    0     .000
   1    0     .000
   1    0     .000
   1    0     .000
   1    0     .000
   1    0     .000
   1    0     .000
   1    0     .000
   1    0     .000
   1    0     .000
   1    0     .000
   1    0     .000
   1    0     .000
   1    0     .000
   1    0     .000
   1    0     .000
   1    0     .000
   1    0     .000
   1    0     .000
   1    0     .000
   1    0     .000
   1    0     .000
   1    0     .000
   1    0     .000
   1    0     .000
   1    0     .000
   1    0     .000
   1    0     .000
   1    0     .000
   1    0     .000
   1    0     .000
   1    0     .000
   1    0     .000
   1    0     .000
   1    0     .000
   1    0     .000
   1    0     .000
   1    0     .000
   1    0     .000
   1    0     .000
   1    0     .000
   1    0     .000
   1    0     .000
   1    0     .000
   1    0     .000
   1    0     .000
   1    0     .000
   1    0     .000
   1    0     .000
   1    0     .000
   1    0     .000
   1    0     .000
   1    0     .000
   1    0     .000
   1    0     .000
   1    0     .000
   1    0     .000
   1    0     .000
   1    0     .000
   1    0     .000
   1    0     .000
   1    0     .000
   1    0     .000
   1    0     .000
   1    0     .000
   1    0     .000
   1    0     .000
   1    0     .000
   1   163    .000
   1   162    .000
   1    0     .000
   1    0     .000
   1    0     .000
   1    0     .000
   1    0     .000
   1    0     .000
   1    0     .000
   1    0     .000
   1    0     .000
   1    0     .000
   1    0     .000
   1    0     .000
   1    0     .000
   1    0     .000
   1    0     .000
   1    0     .000
   1    0     .000
   1    0     .000
   1    0     .000
   1    0     .000
   1    0     .000
   1    0     .000
   1    0     .000
   1    0     .000
   1    0     .000
   1    0     .000
   1    0     .000
   1    0     .000
   1    0     .000
   1    0     .000
   1    0     .000
   1    0     .000
   1    0     .000
   1    0     .000
   1    0     .000
   1    0     .000
   1    0     .000
   1    0     .000
   1    0     .000
   1    0     .000
   1    0     .000
   1    0     .000
   1    0     .000
   1    0     .000
   1    0     .000
   1    0     .000
   1    0     .000
   1    0     .000
   1    0     .000
   1    0     .000
   1    0     .000
   1    0     .000
   1    0     .000
   1    0     .000
   1    0     .000
   1    0     .000
   1    0     .000
   1    0     .000
   1    0     .000
   1    0     .000
   1    0     .000
   1    0     .000
   1    0     .000
   1    0     .000
   1    0     .000
   1    0     .000
   1    0     .000
   1    0     .000
   1    0     .000
   1    0     .000
   1    0     .000
   1    0     .000
   1    0     .000
   1    0     .000
   1    0     .000
   1    0     .000
   1    0     .000
   1    0     .000
   1    0     .000
   1  244     .000
   0  243     .000
   0    0     .000
   0    0     .000
   0    0     .000
   0    0     .000
   0    0     .000
   0    0     .000
   0    0     .000
   0    0     .000
   0    0     .000
   0    0     .000
   0    0     .000
   0    0     .000
   0    0     .000
   0    0     .000
   0    0     .000
   0    0     .000
   0    0     .000
   0    0     .000
   0    0     .000
   0    0     .000
   0    0     .000
   0    0     .000
   0    0     .000
   0    0     .000
   0    0     .000
   0    0     .000
   0    0     .000
   0    0     .000
   0    0     .000
   0    0     .000
   0    0     .000
   0    0     .000
   0    0     .000
   0    0     .000
   0    0     .000
   0    0     .000
   0    0     .000
   0    0     .000
   0    0     .000
   0    0     .000
   0    0     .000
   0    0     .000
   0    0     .000
   0    0     .000
   0    0     .000
   0    0     .000
   0    0     .000
   0    0     .000
   0    0     .000
   0    0     .000
   0    0     .000
   0    0     .000
   0    0     .000
   0    0     .000
   0    0     .000
   0    0     .000
   0    0     .000
   0    0     .000
   0    0     .000
   0    0     .000
   0    0     .000
   0    0     .000
   0    0     .000
   0    0     .000
   0    0     .000
   0    0     .000
   0    0     .000
   0    0     .000
   0    0     .000
   0    0     .000
   0    0     .000
   0    0     .000
   0    0     .000
   0    0     .000
   0    0     .000
   0    0     .000
   0    0     .000
   0    0     .000
   0    0     .000
   0    1     .000
  1    2
  2    3
  3    4
  4    5
  5    6
  6    7
  7    8
  8    9
  9   10
 10   11
 11   12
 12   13
 13   14
 14   15
 15   16
 16   17
 17   18
 18   19
 19   20
 20   21
 21   22
 22   23
 23   24
 24   25
 25   26
 26   27
 27   28
 28   29
 29   30
 30   31
 31   32
 32   33
 33   34
 34   35
 35   36
 36   37
 37   38
 38   39
 39   40
 40   41
 41   42
 42   43
 43   44
 44   45
 45   46
 46   47
 47   48
 48   49
 49   50
 50   51
 51   52
 52   53
 53   54
 54   55
 55   56
 56   57
 57   58
 58   59
 59   60
 60   61
 61   62
 62   63
 63   64
 64   65
 65   66
 66   67
 67   68
 68   69
 69   70
 70   71
 71   72
 72   73
 73   74
 74   75
 75   76
 76   77
 77   78
 78   79
 79   80
 80   81
 82   83
 83   84
 84   85
 85   86
 86   87
 87   88
 88   89
 89   90
 90   91
 91   92
 92   93
 93   94
 94   95
 95   96
 96   97
 97   98
 98   99
 99  100
100  101
101  102
102  103
103  104
104  105
105  106
106  107
107  108
108  109
109  110
110  111
111  112
112  113
113  114
114  115
115  116
116  117
117  118
118  119
119  120
120  121
121  122
122  123
123  124
124  125
125  126
126  127
127  128
128  129
129  130
130  131
131  132
132  133
133  134
134  135
135  136
136  137
137  138
138  139
139  140
140  141
141  142
142  143
143  144
144  145
145  146
146  147
147  148
148  149
149  150
150  151
151  152
152  153
153  154
154  155
155  156
156  157
157  158
158  159
159  160
160  161
161  162
163  164
164  165
165  166
166  167
167  168
168  169
169  170
170  171
171  172
172  173
173  174
174  175
175  176
176  177
177  178
178  179
179  180
180  181
181  182
182  183
183  184
184  185
185  186
186  187
187  188
188  189
189  190
190  191
191  192
192  193
193  194
194  195
195  196
196  197
197  198
198  199
199  200
200  201
201  202
202  203
203  204
204  205
205  206
206  207
207  208
208  209
209  210
210  211
211  212
212  213
213  214
214  215
215  216
216  217
217  218
218  219
219  220
220  221
221  222
222  223
223  224
224  225
225  226
226  227
227  228
228  229
229  230
230  231
231  232
232  233
233  234
234  235
235  236
236  237
237  238
238  239
239  240
240  241
241  242
242  243
244  245
245  246
246  247
247  248
248  249
249  250
250  251
251  252
252  253
253  254
254  255
255  256
256  257
257  258
258  259
259  260
260  261
261  262
262  263
263  264
264  265
265  266
266  267
267  268
268  269
269  270
270  271
271  272
272  273
273  274
274  275
275  276
276  277
277  278
278  279
279  280
280  281
281  282
282  283
283  284
284  285
285  286
286  287
287  288
288  289
289  290
290  291
291  292
292  293
293  294
294  295
295  296
296  297
297  298
298  299
299  300
300  301
301  302
302  303
303  304
304  305
305  306
306  307
307  308
308  309
309  310
310  311
311  312
312  313
313  314
314  315
315  316
316  317
317  318
318  319
319  320
320  321
321  322
322  323
323  324
