 ************************************************************************************************************************
                         Exem


data

  number of boundary elements= 32

  number of functional nodes= 36

  number of internal source points where the funct. is calculated= 49




  coordinates of the source points of the boundary el ements

    point          x                  y
        1       .0000000E+00       .0000000E+00
        2       .1250000E+00       .0000000E+00
        3       .2500000E+00       .0000000E+00
        4       .3750000E+00       .0000000E+00
        5       .5000000E+00       .0000000E+00
        6       .6250000E+00       .0000000E+00
        7       .7500000E+00       .0000000E+00
        8       .8750000E+00       .0000000E+00
        9       .1000000E+01       .0000000E+00
       10       .1000000E+01       .0000000E+00
       11       .1000000E+01       .1250000E+00
       12       .1000000E+01       .2500000E+00
       13       .1000000E+01       .3750000E+00
       14       .1000000E+01       .5000000E+00
       15       .1000000E+01       .6250000E+00
       16       .1000000E+01       .7500000E+00
       17       .1000000E+01       .8750000E+00
       18       .1000000E+01       .1000000E+01
       19       .1000000E+01       .1000000E+01
       20       .8750000E+00       .1000000E+01
       21       .7500000E+00       .1000000E+01
       22       .6250000E+00       .1000000E+01
       23       .5000000E+00       .1000000E+01
       24       .3750000E+00       .1000000E+01
       25       .2500000E+00       .1000000E+01
       26       .1250000E+00       .1000000E+01
       27       .0000000E+00       .1000000E+01
       28       .0000000E+00       .1000000E+01
       29       .0000000E+00       .8750000E+00
       30       .0000000E+00       .7500000E+00
       31       .0000000E+00       .6250000E+00
       32       .0000000E+00       .5000000E+00
       33       .0000000E+00       .3750000E+00
       34       .0000000E+00       .2500000E+00
       35       .0000000E+00       .1250000E+00
       36       .0000000E+00       .0000000E+00
       37       .7143000E-01       .7143000E-01
       38       .2142900E+00       .7143000E-01
       39       .3571400E+00       .7143000E-01
       40       .5000000E+00       .7143000E-01
       41       .6428600E+00       .7143000E-01
       42       .7857100E+00       .7143000E-01
       43       .9285700E+00       .7143000E-01
       44       .7143000E-01       .2142900E+00
       45       .2142900E+00       .2142900E+00
       46       .3571400E+00       .2142900E+00
       47       .5000000E+00       .2142900E+00
       48       .6428600E+00       .2142900E+00
       49       .7857100E+00       .2142900E+00
       50       .9285700E+00       .2142900E+00
       51       .7143000E-01       .3571400E+00
       52       .2142900E+00       .3571400E+00
       53       .3571400E+00       .3571400E+00
       54       .5000000E+00       .3571400E+00
       55       .6428600E+00       .3571400E+00
       56       .7857100E+00       .3571400E+00
       57       .9285700E+00       .3571400E+00
       58       .7143000E-01       .5000000E+00
       59       .2142900E+00       .5000000E+00
       60       .3571400E+00       .5000000E+00
       61       .5000000E+00       .5000000E+00
       62       .6428600E+00       .5000000E+00
       63       .7857100E+00       .5000000E+00
       64       .9285700E+00       .5000000E+00
       65       .7143000E-01       .6428600E+00
       66       .2142900E+00       .6428600E+00
       67       .3571400E+00       .6428600E+00
       68       .5000000E+00       .6428600E+00
       69       .6428600E+00       .6428600E+00
       70       .7857100E+00       .6428600E+00
       71       .9285700E+00       .6428600E+00
       72       .7143000E-01       .7857100E+00
       73       .2142900E+00       .7857100E+00
       74       .3571400E+00       .7857100E+00
       75       .5000000E+00       .7857100E+00
       76       .6428600E+00       .7857100E+00
       77       .7857100E+00       .7857100E+00
       78       .9285700E+00       .7857100E+00
       79       .7143000E-01       .9285700E+00
       80       .2142900E+00       .9285700E+00
       81       .3571400E+00       .9285700E+00
       82       .5000000E+00       .9285700E+00
       83       .6428600E+00       .9285700E+00
       84       .7857100E+00       .9285700E+00
       85       .9285700E+00       .9285700E+00


  boundary conditions

     node      code     prescribed value
       1        1         36          .0000000E+00
       2        1          0          .0000000E+00
       3        1          0          .0000000E+00
       4        1          0          .0000000E+00
       5        1          0          .0000000E+00
       6        1          0          .0000000E+00
       7        1          0          .0000000E+00
       8        1          0          .0000000E+00
       9        1         10          .0000000E+00
      10        1          9          .0000000E+00
      11        1          0          .0000000E+00
      12        1          0          .0000000E+00
      13        1          0          .0000000E+00
      14        1          0          .0000000E+00
      15        1          0          .0000000E+00
      16        1          0          .0000000E+00
      17        1          0          .0000000E+00
      18        1         19          .0000000E+00
      19        1         18          .0000000E+00
      20        1          0          .0000000E+00
      21        1          0          .0000000E+00
      22        1          0          .0000000E+00
      23        1          0          .0000000E+00
      24        1          0          .0000000E+00
      25        1          0          .0000000E+00
      26        1          0          .0000000E+00
      27        1         28          .0000000E+00
      28        0         27          .0000000E+00
      29        0          0          .0000000E+00
      30        0          0          .0000000E+00
      31        0          0          .0000000E+00
      32        0          0          .0000000E+00
      33        0          0          .0000000E+00
      34        0          0          .0000000E+00
      35        0          0          .0000000E+00
      36        0          1          .0000000E+00


  incidence of geometric nodes

      first node      second node

       1          1       2
       2          2       3
       3          3       4
       4          4       5
       5          5       6
       6          6       7
       7          7       8
       8          8       9
       9         10      11
      10         11      12
      11         12      13
      12         13      14
      13         14      15
      14         15      16
      15         16      17
      16         17      18
      17         19      20
      18         20      21
      19         21      22
      20         22      23
      21         23      24
      22         24      25
      23         25      26
      24         26      27
      25         28      29
      26         29      30
      27         30      31
      28         31      32
      29         32      33
      30         33      34
      31         34      35
      32         35      36
 NOVAS COORDENADAS DOS NOS DUPLOS
      .0025      .0000
      .1250      .0000
      .2500      .0000
      .3750      .0000
      .5000      .0000
      .6250      .0000
      .7500      .0000
      .8750      .0000
      .9975      .0000
     1.0000      .0025
     1.0000      .1250
     1.0000      .2500
     1.0000      .3750
     1.0000      .5000
     1.0000      .6250
     1.0000      .7500
     1.0000      .8750
     1.0000      .9975
      .9975     1.0000
      .8750     1.0000
      .7500     1.0000
      .6250     1.0000
      .5000     1.0000
      .3750     1.0000
      .2500     1.0000
      .1250     1.0000
      .0025     1.0000
      .0000      .9975
      .0000      .8750
      .0000      .7500
      .0000      .6250
      .0000      .5000
      .0000      .3750
      .0000      .2500
      .0000      .1250
      .0000      .0025
   
 VALORES DE DFI  ************************************
      1   .0000
      2   .0000
      3   .0000
      4   .0000
      5   .0000
      6   .0000
      7   .0000
      8   .0000
      9   .0000
     10   .0000
     11   .0000
     12   .0000
     13   .0000
     14   .0000
     15   .0000
     16   .0000
     17   .0000
     18   .0000
     19   .0000
     20   .0000
     21   .0000
     22   .0000
     23   .0000
     24   .0000
     25   .0000
     26   .0000
     27   .0000
     28   .0000
     29   .0000
     30   .0000
     31   .0000
     32   .0000
     33   .0000
     34   .0000
     35   .0000
     36   .0000
     37   .0000
     38   .0000
     39   .0000
     40   .0000
     41   .0000
     42   .0000
     43   .0000
     44   .0000
     45   .0000
     46   .0000
     47   .0000
     48   .0000
     49   .0000
     50   .0000
     51   .0000
     52   .0000
     53   .0000
     54   .0000
     55   .0000
     56   .0000
     57   .0000
     58   .0000
     59   .0000
     60   .0000
     61   .0000
     62   .0000
     63   .0000
     64   .0000
     65   .0000
     66   .0000
     67   .0000
     68   .0000
     69   .0000
     70   .0000
     71   .0000
     72   .0000
     73   .0000
     74   .0000
     75   .0000
     76   .0000
     77   .0000
     78   .0000
     79   .0000
     80   .0000
     81   .0000
     82   .0000
     83   .0000
     84   .0000
     85   .0000
   
 VALORES DE WR_POS ORIGINAIS ************************
      1   4.37279
      2    .95000
      3    .95000
      4   1.52804
      5   1.52804
      6   1.99646
      7   1.99646
      8   2.33951
      9   2.33951
     10    .31013
     11    .31013
     12   2.53832
     13   2.53832
     14    .00000
     15    .00000
     16    .00000
     17    .00000
     18    .00000
     19    .00000
     20    .00000
     21    .00000
     22    .00000
     23    .00000
     24    .00000
     25    .00000
     26    .00000
     27    .00000
     28    .00000
     29    .00000
     30    .00000
     31    .00000
     32    .00000
     33    .00000
     34    .00000
     35    .00000
     36    .00000
     37    .00000
     38    .00000
     39    .00000
     40    .00000
     41    .00000
     42    .00000
     43    .00000
     44    .00000
     45    .00000
     46    .00000
     47    .00000
     48    .00000
     49    .00000
     50    .00000
     51    .00000
     52    .00000
     53    .00000
     54    .00000
     55    .00000
     56    .00000
     57    .00000
     58    .00000
     59    .00000
     60    .00000
     61    .00000
     62    .00000
     63    .00000
     64    .00000
     65    .00000
     66    .00000
     67    .00000
     68    .00000
     69    .00000
     70    .00000
     71    .00000
     72    .00000
     73    .00000
     74    .00000
     75    .00000
     76    .00000
     77    .00000
     78    .00000
     79    .00000
     80    .00000
     81    .00000
     82    .00000
     83    .00000
     84    .00000
     85    .00000
     86    .00000
     87    .00000
     88    .00000
     89    .00000
     90    .00000
     91    .00000
     92    .00000
     93    .00000
     94    .00000
     95    .00000
     96    .00000
     97    .00000
     98    .00000
     99    .00000
    100    .00000
    101    .00000
    102    .00000
    103    .00000
    104    .00000
    105    .00000
    106    .00000
    107    .00000
    108    .00000
    109    .00000
    110    .00000
    111    .00000
    112    .00000
    113    .00000
    114    .00000
    115    .00000
    116    .00000
    117    .00000
    118    .00000
    119    .00000
    120    .00000
    121    .00000
    122    .00000
    123    .00000
    124    .00000
    125    .00000
    126    .00000
    127    .00000
    128    .00000
    129    .00000
    130    .00000
    131    .00000
    132    .00000
    133    .00000
    134    .00000
    135    .00000
    136    .00000
    137    .00000
    138    .00000
    139    .00000
    140    .00000
    141    .00000
    142    .00000
    143    .00000
    144    .00000
    145    .00000
    146    .00000
    147    .00000
    148    .00000
    149    .00000
    150    .00000
    151    .00000
    152    .00000
    153    .00000
    154    .00000
    155    .00000
    156    .00000
    157    .00000
    158    .00000
    159    .00000
    160    .00000
    161    .00000
    162    .00000
    163    .00000
    164    .00000
    165    .00000
    166    .00000
    167    .00000
    168    .00000
    169    .00000
    170    .00000
    171    .00000
    172    .00000
    173    .00000
    174    .00000
    175    .00000
    176    .00000
    177    .00000
    178    .00000
    179    .00000
    180    .00000
    181    .00000
    182    .00000
    183    .00000
    184    .00000
    185    .00000
    186    .00000
    187    .00000
    188    .00000
    189    .00000
    190    .00000
    191    .00000
    192    .00000
    193    .00000
    194    .00000
    195    .00000
    196    .00000
    197    .00000
    198    .00000
    199    .00000
    200    .00000
    201    .00000
    202    .00000
    203    .00000
    204    .00000
    205    .00000
    206    .00000
    207    .00000
    208    .00000
    209    .00000
    210    .00000
    211    .00000
    212    .00000
    213    .00000
    214    .00000
    215    .00000
    216    .00000
    217    .00000
    218    .00000
    219    .00000
    220    .00000
    221    .00000
    222    .00000
    223    .00000
    224    .00000
    225    .00000
    226    .00000
    227    .00000
    228    .00000
    229    .00000
    230    .00000
    231    .00000
    232    .00000
    233    .00000
    234    .00000
    235    .00000
    236    .00000
    237    .00000
    238    .00000
    239    .00000
    240    .00000
    241    .00000
    242    .00000
    243    .00000
    244    .00000
    245    .00000
    246    .00000
    247    .00000
    248    .00000
    249    .00000
    250    .00000
    251    .00000
    252    .00000
    253    .00000
    254    .00000
    255    .00000
    256    .00000
    257    .00000
    258    .00000
    259    .00000
    260    .00000
    261    .00000
    262    .00000
    263    .00000
    264    .00000
    265    .00000
    266    .00000
    267    .00000
    268    .00000
    269    .00000
    270    .00000
    271    .00000
    272    .00000
    273    .00000
    274    .00000
    275    .00000
    276    .00000
    277    .00000
    278    .00000
    279    .00000
    280    .00000
    281    .00000
    282    .00000
    283    .00000
    284    .00000
    285    .00000
    286    .00000
    287    .00000
    288    .00000
    289    .00000
    290    .00000
    291    .00000
    292    .00000
    293    .00000
    294    .00000
    295    .00000
    296    .00000
    297    .00000
    298    .00000
    299    .00000
    300    .00000
    301    .00000
    302    .00000
    303    .00000
    304    .00000
   
 VALORES DE WRA  ************************************
 WRA ORIGINAL POSSUIA         304 NUM., REDUZIDO PARA         139 NUM.
      1    .47821
      2   1.44607
      3    .83158
      4   1.09660
      5    .95494
      6   1.02332
      7    .98854
      8   1.00578
      9    .99712
     10   1.00144
     11    .99928
     12   1.00036
     13    .99982
     14   1.00009
     15    .99995
     16   1.00002
     17    .99999
     18   1.00001
     19   1.00000
     20   1.00000
     21   1.00000
     22   1.00000
     23   1.00000
     24   1.00000
     25   1.00000
     26   1.00000
     27   1.00000
     28   1.00000
     29   1.00000
     30   1.00000
     31   1.00000
     32   1.00000
     33   1.00000
     34   1.00000
     35   1.00000
     36   1.00000
     37   1.00000
     38   1.00000
     39   1.00000
     40   1.00000
     41   1.00000
     42   1.00000
     43   1.00000
     44   1.00000
     45   1.00000
     46   1.00000
     47   1.00000
     48   1.00000
     49   1.00000
     50   1.00000
     51   1.00000
     52   1.00000
     53   1.00000
     54   1.00000
     55   1.00000
     56   1.00000
     57   1.00000
     58   1.00000
     59   1.00000
     60   1.00000
     61   1.00000
     62   1.00000
     63   1.00000
     64   1.00000
     65   1.00000
     66   1.00000
     67   1.00000
     68   1.00000
     69   1.00000
     70   1.00000
     71   1.00000
     72   1.00000
     73   1.00000
     74   1.00000
     75   1.00000
     76   1.00000
     77   1.00000
     78   1.00000
     79   1.00000
     80   1.00000
     81   1.00000
     82   1.00000
     83   1.00000
     84   1.00000
     85   1.00000
     86   1.00000
     87   1.00000
     88   1.00000
     89   1.00000
     90   1.00000
     91   1.00000
     92   1.00000
     93   1.00000
     94   1.00000
     95   1.00000
     96   1.00000
     97   1.00000
     98   1.00000
     99   1.00000
    100   1.00000
    101   1.00000
    102   1.00000
    103   1.00000
    104   1.00000
    105   1.00000
    106   1.00000
    107   1.00000
    108   1.00000
    109   1.00000
    110   1.00000
    111   1.00000
    112   1.00000
    113   1.00000
    114   1.00000
    115   1.00000
    116   1.00000
    117   1.00000
    118   1.00000
    119   1.00000
    120   1.00000
    121   1.00000
    122   1.00000
    123   1.00000
    124   1.00000
    125   1.00000
    126   1.00000
    127   1.00000
    128   1.00000
    129   1.00000
    130   1.00000
    131   1.00000
    132   1.00000
    133   1.00000
    134   1.00000
    135   1.00000
    136   1.00000
    137   1.00000
    138   1.00000
    139   1.00000



           - AUTOVALORES - 
          REAL     IMAGINARIO
           1        4.372791409662754   0.000000000000000E+000
           2   9.500049428477837E-001       -2.659277303805631
           3   9.500049428477837E-001        2.659277303805631
           4        1.528037269846670       -2.383764557884541
           5        1.528037269846670        2.383764557884541
           6        1.996462082695126       -1.971683245367775
           7        1.996462082695126        1.971683245367775
           8        2.339508761358553       -1.461277628732639
           9        2.339508761358553        1.461277628732639
          10   3.101264327703763E-001       -2.745049727899351
          11   3.101264327703763E-001        2.745049727899351
          12        2.538317942403681  -8.853639904115466E-001
          13        2.538317942403681   8.853639904115466E-001
          14  -3.012096588773308E-001       -2.641942123061345
          15  -3.012096588773308E-001        2.641942123061345
          16        2.581535257332250  -2.915316187649796E-001
          17        2.581535257332250   2.915316187649796E-001
          18  -8.362773275470484E-001       -2.394110859022501
          19  -8.362773275470484E-001        2.394110859022501
          20        2.338924725153113  -2.292991165086451E-001
          21        2.338924725153113   2.292991165086451E-001
          22        2.130487257073230  -6.628773891941715E-001
          23        2.130487257073230   6.628773891941715E-001
          24       -2.491845409901226   0.000000000000000E+000
          25       -1.270730755915031       -2.034029844925198
          26       -1.270730755915031        2.034029844925198
          27        1.827758561906194       -1.020496561633987
          28        1.827758561906194        1.020496561633987
          29        1.480624235699447       -1.281554726353964
          30        1.480624235699447        1.281554726353964
          31       -1.580092071675345       -1.588233048343824
          32       -1.580092071675345        1.588233048343824
          33        1.118414828277362       -1.450177004353537
          34        1.118414828277362        1.450177004353537
          35       -1.743618610672763       -1.070799035493189
          36       -1.743618610672763        1.070799035493189
          37   7.407006684188912E-001       -1.533866964411008
          38   7.407006684188912E-001        1.533866964411008
          39   3.636586150010268E-001       -1.539968409395952
          40   3.636586150010268E-001        1.539968409395952
          41       -1.749001807348506  -4.821999968569933E-001
          42       -1.749001807348506   4.821999968569933E-001
          43   8.963287442151108E-003       -1.482443406805303
          44   8.963287442151108E-003        1.482443406805303
          45       -1.583352804684544   0.000000000000000E+000
          46  -3.121412157964946E-001       -1.374273804420515
          47  -3.121412157964946E-001        1.374273804420515
          48  -5.896141179059689E-001       -1.225163064659403
          49  -5.896141179059689E-001        1.225163064659403
          50       -1.307630254857431  -5.654032656782223E-001
          51       -1.307630254857431   5.654032656782223E-001
          52  -8.240780520776296E-001       -1.104007587579614
          53  -8.240780520776296E-001        1.104007587579614
          54       -1.075589110180066  -8.921646385781971E-001
          55       -1.075589110180066   8.921646385781971E-001
          56   2.267385436876289E-001       -1.248553347832308
          57   2.267385436876289E-001        1.248553347832308
          58        1.186331393671020  -5.992727075552078E-002
          59        1.186331393671020   5.992727075552078E-002
          60  -1.073357790166820E-001       -1.268852560953835
          61  -1.073357790166820E-001        1.268852560953835
          62  -4.670663308906638E-001       -1.201845150584785
          63  -4.670663308906638E-001        1.201845150584785
          64       -1.365498641198977  -1.948067742295500E-001
          65       -1.365498641198977   1.948067742295500E-001
          66        1.107933146639833  -2.635769735222976E-001
          67        1.107933146639833   2.635769735222976E-001
          68   9.845856225210816E-001  -5.606504484784668E-001
          69   9.845856225210816E-001   5.606504484784668E-001
          70   7.736203541132678E-001  -8.271438552746331E-001
          71   7.736203541132678E-001   8.271438552746331E-001
          72        1.063781314541857   0.000000000000000E+000
          73   9.467508242996571E-001  -4.351170658153344E-001
          74   9.467508242996571E-001   4.351170658153344E-001
          75   9.963859774042692E-001  -2.235833980947478E-001
          76   9.963859774042692E-001   2.235833980947478E-001
          77   9.827271319412579E-001  -1.631278318097203E-001
          78   9.827271319412579E-001   1.631278318097203E-001
          79   6.760257216248111E-001  -8.405662877586541E-001
          80   6.760257216248111E-001   8.405662877586541E-001
          81   8.735118135246709E-001  -5.430736088760116E-001
          82   8.735118135246709E-001   5.430736088760116E-001
          83   8.249548538153080E-001  -6.389816935123668E-001
          84   8.249548538153080E-001   6.389816935123668E-001
          85   9.666261975981425E-001   0.000000000000000E+000
          86   5.034827751665125E-001  -9.544500636550705E-001
          87   5.034827751665125E-001   9.544500636550705E-001
          88   8.732686138528956E-001  -3.443311527544959E-001
          89   8.732686138528956E-001   3.443311527544959E-001
          90   6.574787547203231E-001  -7.543194034459401E-001
          91   6.574787547203231E-001   7.543194034459401E-001
          92   7.629134987882507E-001  -5.413669096113806E-001
          93   7.629134987882507E-001   5.413669096113806E-001
          94   6.661102703729176E-001  -7.062981484730863E-001
          95   6.661102703729176E-001   7.062981484730863E-001
          96  -7.983790868311438E-001  -9.947372321739797E-001
          97  -7.983790868311438E-001   9.947372321739797E-001
          98   4.474867040871206E-001  -8.998946581039069E-001
          99   4.474867040871206E-001   8.998946581039069E-001
         100   2.567760470866468E-001       -1.023613691631152
         101   2.567760470866468E-001        1.023613691631152
         102   5.026059028791414E-001  -8.194089059406864E-001
         103   5.026059028791414E-001   8.194089059406864E-001
         104       -1.330522989826904   0.000000000000000E+000
         105   2.212626576174459E-001  -9.826836581802129E-001
         106   2.212626576174459E-001   9.826836581802129E-001
         107   3.123028486294069E-001  -8.958875317886761E-001
         108   3.123028486294069E-001   8.958875317886761E-001
         109  -9.992567926788538E-001  -7.718429619878211E-001
         110  -9.992567926788538E-001   7.718429619878211E-001
         111  -1.248654008070949E-003       -1.037662134901346
         112  -1.248654008070949E-003        1.037662134901346
         113  -9.272651521680442E-003       -1.007849982942172
         114  -9.272651521680442E-003        1.007849982942172
         115       -1.107918414929700  -5.491907469420445E-001
         116       -1.107918414929700   5.491907469420445E-001
         117   1.001687210439095E-001  -9.170058029332097E-001
         118   1.001687210439095E-001   9.170058029332097E-001
         119  -2.508596955268709E-001       -1.004097143726967
         120  -2.508596955268709E-001        1.004097143726967
         121       -1.200213962271065  -2.545410584650932E-001
         122       -1.200213962271065   2.545410584650932E-001
         123  -2.135118407101069E-001  -9.743741560792464E-001
         124  -2.135118407101069E-001   9.743741560792464E-001
         125  -4.802409689540074E-001  -9.257271658988761E-001
         126  -4.802409689540074E-001   9.257271658988761E-001
         127       -1.141800080460311  -1.012427187230789E-001
         128       -1.141800080460311   1.012427187230789E-001
         129       -1.108571135947604   0.000000000000000E+000
         130       -1.096126366507466  -1.275962627351486E-001
         131       -1.096126366507466   1.275962627351486E-001
         132       -1.067041511777320  -2.974552558013718E-001
         133       -1.067041511777320   2.974552558013718E-001
         134  -9.863038503433620E-001  -5.068532677805020E-001
         135  -9.863038503433620E-001   5.068532677805020E-001
         136  -4.012004048410917E-001  -9.174498711052506E-001
         137  -4.012004048410917E-001   9.174498711052506E-001
         138  -9.308843686124062E-001  -5.290401148407811E-001
         139  -9.308843686124062E-001   5.290401148407811E-001
         140  -9.817901050157151E-001  -3.520738375567462E-001
         141  -9.817901050157151E-001   3.520738375567462E-001
         142  -8.478280083295506E-001  -6.465089108496446E-001
         143  -8.478280083295506E-001   6.465089108496446E-001
         144  -6.728910888577273E-001  -7.895530131455242E-001
         145  -6.728910888577273E-001   7.895530131455242E-001
         146  -7.559041368136712E-001  -7.091528128260307E-001
         147  -7.559041368136712E-001   7.091528128260307E-001
         148  -8.168978662589557E-001  -6.211366677369010E-001
         149  -8.168978662589557E-001   6.211366677369010E-001
         150  -5.902035106774846E-001  -8.130860696478666E-001
         151  -5.902035106774846E-001   8.130860696478666E-001
         152  -1.341134584162929E-001  -8.827918042618389E-001
         153  -1.341134584162929E-001   8.827918042618389E-001
         154  -8.592503322577147E-001  -4.862519838845851E-001
         155  -8.592503322577147E-001   4.862519838845851E-001
         156  -6.541998964334858E-001  -7.279925624554245E-001
         157  -6.541998964334858E-001   7.279925624554245E-001
         158  -3.623044804917553E-001  -8.307739871683006E-001
         159  -3.623044804917553E-001   8.307739871683006E-001
         160  -5.767133055183918E-001  -7.335065697489899E-001
         161  -5.767133055183918E-001   7.335065697489899E-001
         162   5.458796287682820E-001  -3.794257754290903E-001
         163   5.458796287682820E-001   3.794257754290903E-001
         164  -4.838858763946072E-001  -6.684661994330972E-001
         165  -4.838858763946072E-001   6.684661994330972E-001
         166   4.162786553543973E-001  -5.039640201556599E-001
         167   4.162786553543973E-001   5.039640201556599E-001
         168   5.877478982048753E-001  -1.633366851208581E-001
         169   5.877478982048753E-001   1.633366851208581E-001
         170   2.758848242525406E-001  -5.828276502551691E-001
         171   2.758848242525406E-001   5.828276502551691E-001
         172   5.829671301088276E-001   0.000000000000000E+000
         173   5.684911622371031E-001   0.000000000000000E+000
         174   5.336254656143866E-001  -1.567130595003537E-001
         175   5.336254656143866E-001   1.567130595003537E-001
         176   1.120175393796200E-001  -6.250206189820946E-001
         177   1.120175393796200E-001   6.250206189820946E-001
         178   4.573829141176073E-001  -2.872556842501505E-001
         179   4.573829141176073E-001   2.872556842501505E-001
         180  -4.217662909696890E-001  -5.976251809265101E-001
         181  -4.217662909696890E-001   5.976251809265101E-001
         182   3.493741757402093E-001  -3.966771801159676E-001
         183   3.493741757402093E-001   3.966771801159676E-001
         184  -6.940770072120381E-002  -6.163739265686825E-001
         185  -6.940770072120381E-002   6.163739265686825E-001
         186   2.190223559159262E-001  -4.801335193482732E-001
         187   2.190223559159262E-001   4.801335193482732E-001
         188   7.433210072563590E-002  -5.258133412380904E-001
         189   7.433210072563590E-002   5.258133412380904E-001
         190  -4.309595116729932E-001  -5.187631704643843E-001
         191  -4.309595116729932E-001   5.187631704643843E-001
         192  -3.786903162448719E-001  -5.360427278205561E-001
         193  -3.786903162448719E-001   5.360427278205561E-001
         194  -4.860951965122406E-001  -4.660223114613942E-001
         195  -4.860951965122406E-001   4.660223114613942E-001
         196  -5.364365644078073E-001  -4.189340457362185E-001
         197  -5.364365644078073E-001   4.189340457362185E-001
         198  -6.246318688142829E-001  -3.237406101998670E-001
         199  -6.246318688142829E-001   3.237406101998670E-001
         200  -6.566963585103698E-001  -2.735091925414590E-001
         201  -6.566963585103698E-001   2.735091925414590E-001
         202  -5.624611287076216E-001  -3.666144099225284E-001
         203  -5.624611287076216E-001   3.666144099225284E-001
         204  -6.919859292251385E-001  -1.672072758078275E-001
         205  -6.919859292251385E-001   1.672072758078275E-001
         206  -6.393689539891423E-001  -2.521380735644301E-001
         207  -6.393689539891423E-001   2.521380735644301E-001
         208  -3.327615842376142E-001  -5.054444330524432E-001
         209  -3.327615842376142E-001   5.054444330524432E-001
         210  -6.834792888929474E-001  -8.870352484745078E-002
         211  -6.834792888929474E-001   8.870352484745078E-002
         212  -6.548153492843968E-001  -1.476000769095390E-001
         213  -6.548153492843968E-001   1.476000769095390E-001
         214  -6.450651589895885E-001  -5.428039526921943E-002
         215  -6.450651589895885E-001   5.428039526921943E-002
         216  -1.158737415315217E-001  -5.100757278953964E-001
         217  -1.158737415315217E-001   5.100757278953964E-001
         218  -5.722166381218146E-001  -1.326635640759607E-001
         219  -5.722166381218146E-001   1.326635640759607E-001
         220  -5.942889800654512E-001   0.000000000000000E+000
         221  -2.234698075560237E-001  -4.725988656325517E-001
         222  -2.234698075560237E-001   4.725988656325517E-001
         223  -5.297940713087365E-001  -1.517578546868117E-001
         224  -5.297940713087365E-001   1.517578546868117E-001
         225  -5.064365080930544E-001  -1.202465360041000E-001
         226  -5.064365080930544E-001   1.202465360041000E-001
         227  -4.822199208584278E-002  -4.600838166754466E-001
         228  -4.822199208584278E-002   4.600838166754466E-001
         229   3.847892359830003E-001   0.000000000000000E+000
         230  -3.888421371589267E-001  -1.799133345910707E-001
         231  -3.888421371589267E-001   1.799133345910707E-001
         232   3.485393136523340E-001  -8.433244063046129E-002
         233   3.485393136523340E-001   8.433244063046129E-002
         234   2.268203143480618E-001  -2.792958975737310E-001
         235   2.268203143480618E-001   2.792958975737310E-001
         236   2.843181010678342E-001  -1.878981963686178E-001
         237   2.843181010678342E-001   1.878981963686178E-001
         238   1.430216980648611E-001  -3.194011099549492E-001
         239   1.430216980648611E-001   3.194011099549492E-001
         240   3.369829109462144E-002  -3.385186740567952E-001
         241   3.369829109462144E-002   3.385186740567952E-001
         242  -1.142728897176323E-001  -3.580579170869226E-001
         243  -1.142728897176323E-001   3.580579170869226E-001
         244  -1.595406819375850E-001  -3.337496107444809E-001
         245  -1.595406819375850E-001   3.337496107444809E-001
         246  -1.883269185000206E-001  -3.112007061355530E-001
         247  -1.883269185000206E-001   3.112007061355530E-001
         248  -8.178690932731446E-002  -3.422114061252771E-001
         249  -8.178690932731446E-002   3.422114061252771E-001
         250  -2.117264274008025E-001  -2.650557135400271E-001
         251  -2.117264274008025E-001   2.650557135400271E-001
         252  -2.437119033596178E-001  -2.290436155849333E-001
         253  -2.437119033596178E-001   2.290436155849333E-001
         254  -2.405676414166455E-001  -2.014080474339529E-001
         255  -2.405676414166455E-001   2.014080474339529E-001
         256  -2.679760986721702E-001  -1.413847401703125E-001
         257  -2.679760986721702E-001   1.413847401703125E-001
         258  -2.830355188546814E-001  -5.119146451888988E-002
         259  -2.830355188546814E-001   5.119146451888988E-002
         260  -8.278533775671552E-002  -2.974965518621477E-001
         261  -8.278533775671552E-002   2.974965518621477E-001
         262  -1.952852697477144E-001  -1.930276369972635E-001
         263  -1.952852697477144E-001   1.930276369972635E-001
         264  -2.376946709309995E-001  -1.009382489755274E-001
         265  -2.376946709309995E-001   1.009382489755274E-001
         266  -2.105655765809842E-001  -9.920236931515503E-002
         267  -2.105655765809842E-001   9.920236931515503E-002
         268  -1.168154183108279E-001  -2.326175502580745E-001
         269  -1.168154183108279E-001   2.326175502580745E-001
         270  -4.307846911137812E-002  -2.514524436160437E-001
         271  -4.307846911137812E-002   2.514524436160437E-001
         272  -7.783826483350353E-003  -2.639872519304223E-001
         273  -7.783826483350353E-003   2.639872519304223E-001
         274   2.013813740635251E-002  -2.516813775082791E-001
         275   2.013813740635251E-002   2.516813775082791E-001
         276   5.532859203153759E-002  -2.359004539347472E-001
         277   5.532859203153759E-002   2.359004539347472E-001
         278   8.266584047605372E-002  -2.289477165641108E-001
         279   8.266584047605372E-002   2.289477165641108E-001
         280   1.771907799418487E-001  -1.933219937732880E-001
         281   1.771907799418487E-001   1.933219937732880E-001
         282   1.422113981852982E-001  -2.011855547596717E-001
         283   1.422113981852982E-001   2.011855547596717E-001
         284   1.151542970313009E-001  -1.907149901626818E-001
         285   1.151542970313009E-001   1.907149901626818E-001
         286   2.167907480777477E-001  -1.431513913089383E-001
         287   2.167907480777477E-001   1.431513913089383E-001
         288   1.675991810495518E-001  -1.583201421930126E-001
         289   1.675991810495518E-001   1.583201421930126E-001
         290   1.876676937842902E-001  -1.430342929763184E-001
         291   1.876676937842902E-001   1.430342929763184E-001
         292   2.044140115062960E-001  -9.819762519778041E-002
         293   2.044140115062960E-001   9.819762519778041E-002
         294   2.059505378465552E-001  -9.036917549938368E-002
         295   2.059505378465552E-001   9.036917549938368E-002
         296   2.154462811502878E-001  -4.492974380466007E-002
         297   2.154462811502878E-001   4.492974380466007E-002
         298   2.163061567713722E-001   0.000000000000000E+000
         299   2.022633782380648E-001   0.000000000000000E+000
         300   9.095531240547128E-003  -2.611966817170709E-002
         301   9.095531240547128E-003   2.611966817170709E-002
         302  -2.275250478415872E-002  -1.709263396869815E-002
         303  -2.275250478415872E-002   1.709263396869815E-002
         304   2.731649978883184E-002   0.000000000000000E+000



           - AUTOVALORES DIFERENTES E REAIS e positivos - 
          REAL
           1   2.731649978883184E-002
           2   2.022633782380648E-001
           3   2.163061567713722E-001
           4   3.847892359830003E-001
           5   5.684911622371031E-001
           6   5.829671301088276E-001
           7   9.666261975981425E-001
           8        1.063781314541857
           9        4.372791409662754
