 ************************************************************************************************************************
                         Exem


DATA

  NUMERO DE ELEMENTOS DE CONTORNO= 32

  NUMERO DE NÓS FUNCIONAIS= 36

  NUMERO DE PONTOS INTERNOS ONDE A FUNC. É CALCULADA= 49




  COORDENADAS DOS PONTOS FONTE DOS ELEMENTOS DE CONTORNO

    PONTO          X                  Y
        1       .0000000E+00       .0000000E+00
        2       .1250000E+00       .0000000E+00
        3       .2500000E+00       .0000000E+00
        4       .3750000E+00       .0000000E+00
        5       .5000000E+00       .0000000E+00
        6       .6250000E+00       .0000000E+00
        7       .7500000E+00       .0000000E+00
        8       .8750000E+00       .0000000E+00
        9       .1000000E+01       .0000000E+00
       10       .1000000E+01       .0000000E+00
       11       .1000000E+01       .1250000E+00
       12       .1000000E+01       .2500000E+00
       13       .1000000E+01       .3750000E+00
       14       .1000000E+01       .5000000E+00
       15       .1000000E+01       .6250000E+00
       16       .1000000E+01       .7500000E+00
       17       .1000000E+01       .8750000E+00
       18       .1000000E+01       .1000000E+01
       19       .1000000E+01       .1000000E+01
       20       .8750000E+00       .1000000E+01
       21       .7500000E+00       .1000000E+01
       22       .6250000E+00       .1000000E+01
       23       .5000000E+00       .1000000E+01
       24       .3750000E+00       .1000000E+01
       25       .2500000E+00       .1000000E+01
       26       .1250000E+00       .1000000E+01
       27       .0000000E+00       .1000000E+01
       28       .0000000E+00       .1000000E+01
       29       .0000000E+00       .8750000E+00
       30       .0000000E+00       .7500000E+00
       31       .0000000E+00       .6250000E+00
       32       .0000000E+00       .5000000E+00
       33       .0000000E+00       .3750000E+00
       34       .0000000E+00       .2500000E+00
       35       .0000000E+00       .1250000E+00
       36       .0000000E+00       .0000000E+00
       37       .7143000E-01       .7143000E-01
       38       .2142900E+00       .7143000E-01
       39       .3571400E+00       .7143000E-01
       40       .5000000E+00       .7143000E-01
       41       .6428600E+00       .7143000E-01
       42       .7857100E+00       .7143000E-01
       43       .9285700E+00       .7143000E-01
       44       .7143000E-01       .2142900E+00
       45       .2142900E+00       .2142900E+00
       46       .3571400E+00       .2142900E+00
       47       .5000000E+00       .2142900E+00
       48       .6428600E+00       .2142900E+00
       49       .7857100E+00       .2142900E+00
       50       .9285700E+00       .2142900E+00
       51       .7143000E-01       .3571400E+00
       52       .2142900E+00       .3571400E+00
       53       .3571400E+00       .3571400E+00
       54       .5000000E+00       .3571400E+00
       55       .6428600E+00       .3571400E+00
       56       .7857100E+00       .3571400E+00
       57       .9285700E+00       .3571400E+00
       58       .7143000E-01       .5000000E+00
       59       .2142900E+00       .5000000E+00
       60       .3571400E+00       .5000000E+00
       61       .5000000E+00       .5000000E+00
       62       .6428600E+00       .5000000E+00
       63       .7857100E+00       .5000000E+00
       64       .9285700E+00       .5000000E+00
       65       .7143000E-01       .6428600E+00
       66       .2142900E+00       .6428600E+00
       67       .3571400E+00       .6428600E+00
       68       .5000000E+00       .6428600E+00
       69       .6428600E+00       .6428600E+00
       70       .7857100E+00       .6428600E+00
       71       .9285700E+00       .6428600E+00
       72       .7143000E-01       .7857100E+00
       73       .2142900E+00       .7857100E+00
       74       .3571400E+00       .7857100E+00
       75       .5000000E+00       .7857100E+00
       76       .6428600E+00       .7857100E+00
       77       .7857100E+00       .7857100E+00
       78       .9285700E+00       .7857100E+00
       79       .7143000E-01       .9285700E+00
       80       .2142900E+00       .9285700E+00
       81       .3571400E+00       .9285700E+00
       82       .5000000E+00       .9285700E+00
       83       .6428600E+00       .9285700E+00
       84       .7857100E+00       .9285700E+00
       85       .9285700E+00       .9285700E+00


  CONDICOES DE CONTORNO

       INDICE   NÓ        NÓ          VALOR PRESCRITO
       1        0         36          .0000000E+00
       2        0          0          .0000000E+00
       3        0          0          .0000000E+00
       4        0          0          .0000000E+00
       5        0          0          .0000000E+00
       6        0          0          .0000000E+00
       7        0          0          .0000000E+00
       8        0          0          .0000000E+00
       9        0         10          .0000000E+00
      10        0          9          .0000000E+00
      11        0          0          .0000000E+00
      12        0          0          .0000000E+00
      13        0          0          .0000000E+00
      14        0          0          .0000000E+00
      15        0          0          .0000000E+00
      16        0          0          .0000000E+00
      17        0          0          .0000000E+00
      18        0         19          .0000000E+00
      19        0         18          .0000000E+00
      20        0          0          .0000000E+00
      21        0          0          .0000000E+00
      22        0          0          .0000000E+00
      23        0          0          .0000000E+00
      24        0          0          .0000000E+00
      25        0          0          .0000000E+00
      26        0          0          .0000000E+00
      27        0         28          .0000000E+00
      28        0         27          .0000000E+00
      29        0          0          .0000000E+00
      30        0          0          .0000000E+00
      31        0          0          .0000000E+00
      32        0          0          .0000000E+00
      33        0          0          .0000000E+00
      34        0          0          .0000000E+00
      35        0          0          .0000000E+00
      36        0          1          .0000000E+00


  INCIDENCIA DOS NOS GEOMETRICOS

       INDICE     PRIM. NÓ      SEG. NÓ
       1          1       2
       2          2       3
       3          3       4
       4          4       5
       5          5       6
       6          6       7
       7          7       8
       8          8       9
       9         10      11
      10         11      12
      11         12      13
      12         13      14
      13         14      15
      14         15      16
      15         16      17
      16         17      18
      17         19      20
      18         20      21
      19         21      22
      20         22      23
      21         23      24
      22         24      25
      23         25      26
      24         26      27
      25         28      29
      26         29      30
      27         30      31
      28         31      32
      29         32      33
      30         33      34
      31         34      35
      32         35      36
 NOVAS COORDENADAS DOS NOS DUPLOS
      .0025      .0000
      .1250      .0000
      .2500      .0000
      .3750      .0000
      .5000      .0000
      .6250      .0000
      .7500      .0000
      .8750      .0000
      .9975      .0000
     1.0000      .0025
     1.0000      .1250
     1.0000      .2500
     1.0000      .3750
     1.0000      .5000
     1.0000      .6250
     1.0000      .7500
     1.0000      .8750
     1.0000      .9975
      .9975     1.0000
      .8750     1.0000
      .7500     1.0000
      .6250     1.0000
      .5000     1.0000
      .3750     1.0000
      .2500     1.0000
      .1250     1.0000
      .0025     1.0000
      .0000      .9975
      .0000      .8750
      .0000      .7500
      .0000      .6250
      .0000      .5000
      .0000      .3750
      .0000      .2500
      .0000      .1250
      .0000      .0025
   
 VALORES DE DFI  ************************************
      1   .0000
      2   .0000
      3   .0000
      4   .0000
      5   .0000
      6   .0000
      7   .0000
      8   .0000
      9   .0000
     10   .0000
     11   .0000
     12   .0000
     13   .0000
     14   .0000
     15   .0000
     16   .0000
     17   .0000
     18   .0000
     19   .0000
     20   .0000
     21   .0000
     22   .0000
     23   .0000
     24   .0000
     25   .0000
     26   .0000
     27   .0000
     28   .0000
     29   .0000
     30   .0000
     31   .0000
     32   .0000
     33   .0000
     34   .0000
     35   .0000
     36   .0000
     37   .0000
     38   .0000
     39   .0000
     40   .0000
     41   .0000
     42   .0000
     43   .0000
     44   .0000
     45   .0000
     46   .0000
     47   .0000
     48   .0000
     49   .0000
     50   .0000
     51   .0000
     52   .0000
     53   .0000
     54   .0000
     55   .0000
     56   .0000
     57   .0000
     58   .0000
     59   .0000
     60   .0000
     61   .0000
     62   .0000
     63   .0000
     64   .0000
     65   .0000
     66   .0000
     67   .0000
     68   .0000
     69   .0000
     70   .0000
     71   .0000
     72   .0000
     73   .0000
     74   .0000
     75   .0000
     76   .0000
     77   .0000
     78   .0000
     79   .0000
     80   .0000
     81   .0000
     82   .0000
     83   .0000
     84   .0000
     85   .0000
   
 VALORES DE WR_POS ORIGINAIS ************************
      1   2.33680
      2   2.33680
      3   2.40250
      4   1.95377
      5   1.95377
      6   1.51087
      7   1.51087
      8   2.05811
      9   2.05811
     10   1.25447
     11   1.25447
     12    .54066
     13    .54066
     14   1.50248
     15   1.50248
     16    .46295
     17    .46295
     18    .00000
     19    .00000
     20    .00000
     21    .00000
     22    .00000
     23    .00000
     24    .00000
     25    .00000
     26    .00000
     27    .00000
     28    .00000
     29    .00000
     30    .00000
     31    .00000
     32    .00000
     33    .00000
     34    .00000
     35    .00000
     36    .00000
     37    .00000
     38    .00000
     39    .00000
     40    .00000
     41    .00000
     42    .00000
     43    .00000
     44    .00000
     45    .00000
     46    .00000
     47    .00000
     48    .00000
     49    .00000
     50    .00000
     51    .00000
     52    .00000
     53    .00000
     54    .00000
     55    .00000
     56    .00000
     57    .00000
     58    .00000
     59    .00000
     60    .00000
     61    .00000
     62    .00000
     63    .00000
     64    .00000
     65    .00000
     66    .00000
     67    .00000
     68    .00000
     69    .00000
     70    .00000
     71    .00000
     72    .00000
     73    .00000
     74    .00000
     75    .00000
     76    .00000
     77    .00000
     78    .00000
     79    .00000
     80    .00000
     81    .00000
     82    .00000
     83    .00000
     84    .00000
     85    .00000
     86    .00000
     87    .00000
     88    .00000
     89    .00000
     90    .00000
     91    .00000
     92    .00000
     93    .00000
     94    .00000
     95    .00000
     96    .00000
     97    .00000
     98    .00000
     99    .00000
    100    .00000
    101    .00000
    102    .00000
    103    .00000
    104    .00000
    105    .00000
    106    .00000
    107    .00000
    108    .00000
    109    .00000
    110    .00000
    111    .00000
    112    .00000
    113    .00000
    114    .00000
    115    .00000
    116    .00000
    117    .00000
    118    .00000
    119    .00000
    120    .00000
    121    .00000
    122    .00000
    123    .00000
    124    .00000
    125    .00000
    126    .00000
    127    .00000
    128    .00000
    129    .00000
    130    .00000
    131    .00000
    132    .00000
    133    .00000
    134    .00000
    135    .00000
    136    .00000
    137    .00000
    138    .00000
    139    .00000
    140    .00000
    141    .00000
    142    .00000
    143    .00000
    144    .00000
    145    .00000
    146    .00000
    147    .00000
    148    .00000
    149    .00000
    150    .00000
    151    .00000
    152    .00000
    153    .00000
    154    .00000
    155    .00000
    156    .00000
    157    .00000
    158    .00000
    159    .00000
    160    .00000
    161    .00000
    162    .00000
    163    .00000
    164    .00000
    165    .00000
    166    .00000
    167    .00000
    168    .00000
    169    .00000
    170    .00000
    171    .00000
    172    .00000
    173    .00000
    174    .00000
    175    .00000
    176    .00000
    177    .00000
    178    .00000
    179    .00000
    180    .00000
    181    .00000
    182    .00000
    183    .00000
    184    .00000
    185    .00000
    186    .00000
    187    .00000
    188    .00000
    189    .00000
    190    .00000
    191    .00000
    192    .00000
    193    .00000
    194    .00000
    195    .00000
    196    .00000
   
 VALORES DE WRA  ************************************
 WRA ORIGINAL POSSUIA         196 NUM., REDUZIDO PARA          97 NUM.
      1    .65417
      2   1.23639
      3    .89934
      4   1.05448
      5    .97382
      6   1.01335
      7    .99339
      8   1.00332
      9    .99834
     10   1.00083
     11    .99959
     12   1.00021
     13    .99990
     14   1.00005
     15    .99997
     16   1.00001
     17    .99999
     18   1.00000
     19   1.00000
     20   1.00000
     21   1.00000
     22   1.00000
     23   1.00000
     24   1.00000
     25   1.00000
     26   1.00000
     27   1.00000
     28   1.00000
     29   1.00000
     30   1.00000
     31   1.00000
     32   1.00000
     33   1.00000
     34   1.00000
     35   1.00000
     36   1.00000
     37   1.00000
     38   1.00000
     39   1.00000
     40   1.00000
     41   1.00000
     42   1.00000
     43   1.00000
     44   1.00000
     45   1.00000
     46   1.00000
     47   1.00000
     48   1.00000
     49   1.00000
     50   1.00000
     51   1.00000
     52   1.00000
     53   1.00000
     54   1.00000
     55   1.00000
     56   1.00000
     57   1.00000
     58   1.00000
     59   1.00000
     60   1.00000
     61   1.00000
     62   1.00000
     63   1.00000
     64   1.00000
     65   1.00000
     66   1.00000
     67   1.00000
     68   1.00000
     69   1.00000
     70   1.00000
     71   1.00000
     72   1.00000
     73   1.00000
     74   1.00000
     75   1.00000
     76   1.00000
     77   1.00000
     78   1.00000
     79   1.00000
     80   1.00000
     81   1.00000
     82   1.00000
     83   1.00000
     84   1.00000
     85   1.00000
     86   1.00000
     87   1.00000
     88   1.00000
     89   1.00000
     90   1.00000
     91   1.00000
     92   1.00000
     93   1.00000
     94   1.00000
     95   1.00000
     96   1.00000
     97   1.00000



           - AUTOVALORES - 
          REAL     IMAGINARIO
           1        2.336796887325001  -7.108163410989189E-001
           2        2.336796887325001   7.108163410989189E-001
           3        2.402498810064621   0.000000000000000E+000
           4        1.953766010710283       -1.334720650630656
           5        1.953766010710283        1.334720650630656
           6        1.510866822321690       -1.635126113826797
           7        1.510866822321690        1.635126113826797
           8        2.058107495918121  -6.022433988225380E-001
           9        2.058107495918121   6.022433988225380E-001
          10        1.254467235596144       -1.660771016829130
          11        1.254467235596144        1.660771016829130
          12   5.406636281456528E-001       -2.017399301646439
          13   5.406636281456528E-001        2.017399301646439
          14        1.502483999571358       -1.221670560934098
          15        1.502483999571358        1.221670560934098
          16   4.629490921127799E-001       -1.824134104387435
          17   4.629490921127799E-001        1.824134104387435
          18       -2.063553563408174   0.000000000000000E+000
          19        1.742159484945156   0.000000000000000E+000
          20   9.445730585937984E-002       -1.797950611467865
          21   9.445730585937984E-002        1.797950611467865
          22   6.271081227891313E-001       -1.580172028146544
          23   6.271081227891313E-001        1.580172028146544
          24  -2.636928760126481E-001       -1.748117900986634
          25  -2.636928760126481E-001        1.748117900986634
          26  -2.683235506854985E-001       -1.702149243602471
          27  -2.683235506854985E-001        1.702149243602471
          28       -1.260127343241303       -1.288296105977720
          29       -1.260127343241303        1.288296105977720
          30       -1.234485089105660       -1.228160171959976
          31       -1.234485089105660        1.228160171959976
          32   7.850581364122472E-001       -1.233518169899761
          33   7.850581364122472E-001        1.233518169899761
          34        1.357663042384997  -3.312249889160942E-001
          35        1.357663042384997   3.312249889160942E-001
          36        1.052067875547687  -8.495292020831986E-001
          37        1.052067875547687   8.495292020831986E-001
          38        1.222462344687832  -1.849913846930560E-001
          39        1.222462344687832   1.849913846930560E-001
          40  -9.719148604931072E-002       -1.371062845518350
          41  -9.719148604931072E-002        1.371062845518350
          42  -6.001703776680952E-001       -1.316567001541905
          43  -6.001703776680952E-001        1.316567001541905
          44   7.164807522012386E-001       -1.007019987861901
          45   7.164807522012386E-001        1.007019987861901
          46  -5.483140119146085E-001       -1.274088198142885
          47  -5.483140119146085E-001        1.274088198142885
          48   2.097458328258581E-001       -1.207587916324339
          49   2.097458328258581E-001        1.207587916324339
          50  -4.974220030050752E-001       -1.209581637794418
          51  -4.974220030050752E-001        1.209581637794418
          52  -3.401420236896576E-001       -1.223341667319987
          53  -3.401420236896576E-001        1.223341667319987
          54       -1.126769559547652  -8.146203053186830E-001
          55       -1.126769559547652   8.146203053186830E-001
          56   5.762809663038823E-001  -9.852681118029285E-001
          57   5.762809663038823E-001   9.852681118029285E-001
          58   9.712878061488314E-001  -4.928542723324439E-001
          59   9.712878061488314E-001   4.928542723324439E-001
          60        1.001969882026406  -3.489926371752685E-001
          61        1.001969882026406   3.489926371752685E-001
          62  -5.926170611070686E-002       -1.177540316704191
          63  -5.926170611070686E-002        1.177540316704191
          64   1.487826658216229E-001       -1.112647342417311
          65   1.487826658216229E-001        1.112647342417311
          66   8.187925420590690E-001  -6.239032740507465E-001
          67   8.187925420590690E-001   6.239032740507465E-001
          68   6.522456850219450E-001  -8.178057624078178E-001
          69   6.522456850219450E-001   8.178057624078178E-001
          70       -1.188022535929667  -6.516872441723062E-001
          71       -1.188022535929667   6.516872441723062E-001
          72  -6.354226315970273E-001       -1.076948158248202
          73  -6.354226315970273E-001        1.076948158248202
          74  -8.228640331692746E-001  -9.697485877921618E-001
          75  -8.228640331692746E-001   9.697485877921618E-001
          76       -1.351196197139961  -1.875716996741219E-001
          77       -1.351196197139961   1.875716996741219E-001
          78   6.769473505361602E-001  -7.046565004377503E-001
          79   6.769473505361602E-001   7.046565004377503E-001
          80   9.256353805368127E-001  -5.806954145024943E-002
          81   9.256353805368127E-001   5.806954145024943E-002
          82   8.190997355389320E-001  -4.108774809625602E-001
          83   8.190997355389320E-001   4.108774809625602E-001
          84   6.360640295440142E-001  -6.677142846630256E-001
          85   6.360640295440142E-001   6.677142846630256E-001
          86   7.192272263332347E-001  -5.256107339245847E-001
          87   7.192272263332347E-001   5.256107339245847E-001
          88   8.343551234749763E-001  -2.050510074520502E-001
          89   8.343551234749763E-001   2.050510074520502E-001
          90   7.991196476530080E-001  -1.764846047299465E-001
          91   7.991196476530080E-001   1.764846047299465E-001
          92   3.058983596675626E-001  -9.226207591000355E-001
          93   3.058983596675626E-001   9.226207591000355E-001
          94   4.622908747420738E-001  -7.852784521683657E-001
          95   4.622908747420738E-001   7.852784521683657E-001
          96   3.796164914072437E-001  -8.343371602191816E-001
          97   3.796164914072437E-001   8.343371602191816E-001
          98       -1.206561617757131  -4.900593210724270E-001
          99       -1.206561617757131   4.900593210724270E-001
         100   1.074065775652559E-001  -9.250300982425008E-001
         101   1.074065775652559E-001   9.250300982425008E-001
         102  -6.966989489127744E-001  -9.156168599425943E-001
         103  -6.966989489127744E-001   9.156168599425943E-001
         104   5.347614623871452E-002  -8.892502796353791E-001
         105   5.347614623871452E-002   8.892502796353791E-001
         106  -3.830222616010048E-001  -9.234506755227231E-001
         107  -3.830222616010048E-001   9.234506755227231E-001
         108  -2.053128537411040E-001  -9.061144944316986E-001
         109  -2.053128537411040E-001   9.061144944316986E-001
         110   2.812193941564092E-001  -6.518191816048613E-001
         111   2.812193941564092E-001   6.518191816048613E-001
         112   4.956625821052109E-001  -3.893566657585515E-001
         113   4.956625821052109E-001   3.893566657585515E-001
         114   5.523571813078539E-001   0.000000000000000E+000
         115   5.567187942037788E-002  -7.757632086547606E-001
         116   5.567187942037788E-002   7.757632086547606E-001
         117   1.429748689937437E-001  -6.855563922158341E-001
         118   1.429748689937437E-001   6.855563922158341E-001
         119   4.749045272724173E-001   0.000000000000000E+000
         120   4.533388390094250E-001  -4.444929516813539E-002
         121   4.533388390094250E-001   4.444929516813539E-002
         122   4.102080489162617E-001  -2.417745031658806E-001
         123   4.102080489162617E-001   2.417745031658806E-001
         124   3.389513466173439E-001  -4.066159514606904E-001
         125   3.389513466173439E-001   4.066159514606904E-001
         126   3.735251902346708E-001  -3.250344390432735E-001
         127   3.735251902346708E-001   3.250344390432735E-001
         128   4.489521963689922E-002  -7.355924979846487E-001
         129   4.489521963689922E-002   7.355924979846487E-001
         130   3.532380338150185E-001  -1.268754808758593E-001
         131   3.532380338150185E-001   1.268754808758593E-001
         132   2.536371999986637E-001  -2.720067385223685E-001
         133   2.536371999986637E-001   2.720067385223685E-001
         134       -1.224623287291152  -1.725166098851130E-001
         135       -1.224623287291152   1.725166098851130E-001
         136       -1.204190568612886  -2.113404235714703E-001
         137       -1.204190568612886   2.113404235714703E-001
         138  -4.436235662044883E-001  -8.380098442096080E-001
         139  -4.436235662044883E-001   8.380098442096080E-001
         140   1.477291749575403E-001  -3.572716732978060E-001
         141   1.477291749575403E-001   3.572716732978060E-001
         142  -1.741080030601232E-001  -6.890852054393372E-001
         143  -1.741080030601232E-001   6.890852054393372E-001
         144  -7.431482459470968E-001  -7.693561661137427E-001
         145  -7.431482459470968E-001   7.693561661137427E-001
         146  -8.353011353505309E-001  -7.110145999920283E-001
         147  -8.353011353505309E-001   7.110145999920283E-001
         148  -6.423233940875099E-001  -7.316038110582271E-001
         149  -6.423233940875099E-001   7.316038110582271E-001
         150  -5.332481544008239E-001  -7.279012838889267E-001
         151  -5.332481544008239E-001   7.279012838889267E-001
         152  -3.203242637102532E-001  -6.731200111436261E-001
         153  -3.203242637102532E-001   6.731200111436261E-001
         154  -2.379792944597767E-003  -3.758449073295158E-001
         155  -2.379792944597767E-003   3.758449073295158E-001
         156  -6.829020670498900E-001  -6.822385941858119E-001
         157  -6.829020670498900E-001   6.822385941858119E-001
         158       -1.122716411465558   0.000000000000000E+000
         159       -1.042598212038861  -4.027021679706654E-001
         160       -1.042598212038861   4.027021679706654E-001
         161  -1.449646312256102E-001  -4.114910386906908E-001
         162  -1.449646312256102E-001   4.114910386906908E-001
         163  -3.290811977240892E-001  -4.962180904414642E-001
         164  -3.290811977240892E-001   4.962180904414642E-001
         165  -5.461080564951208E-001  -5.587362578078872E-001
         166  -5.461080564951208E-001   5.587362578078872E-001
         167  -9.189444578351738E-001  -4.789694776636461E-001
         168  -9.189444578351738E-001   4.789694776636461E-001
         169  -8.345096190807595E-001  -5.324277507069289E-001
         170  -8.345096190807595E-001   5.324277507069289E-001
         171  -9.796519368839383E-001  -2.996042156596690E-001
         172  -9.796519368839383E-001   2.996042156596690E-001
         173  -9.502453836594509E-001  -3.135525807223764E-002
         174  -9.502453836594509E-001   3.135525807223764E-002
         175  -8.816126054957386E-001  -2.711559219881887E-001
         176  -8.816126054957386E-001   2.711559219881887E-001
         177  -8.163855733971522E-001  -4.132878317724888E-001
         178  -8.163855733971522E-001   4.132878317724888E-001
         179  -7.881437138096761E-001  -4.459949155500970E-001
         180  -7.881437138096761E-001   4.459949155500970E-001
         181  -7.606197213945867E-001  -4.414915052477237E-001
         182  -7.606197213945867E-001   4.414915052477237E-001
         183  -7.884000175983665E-001  -2.947759356331704E-001
         184  -7.884000175983665E-001   2.947759356331704E-001
         185  -6.889915821304947E-001  -3.914478425359437E-001
         186  -6.889915821304947E-001   3.914478425359437E-001
         187  -7.996814541680803E-001  -7.388889945200247E-002
         188  -7.996814541680803E-001   7.388889945200247E-002
         189  -7.228314533875582E-001  -1.658919137180130E-001
         190  -7.228314533875582E-001   1.658919137180130E-001
         191  -4.263143745553548E-001  -3.075401759309948E-001
         192  -4.263143745553548E-001   3.075401759309948E-001
         193  -5.472899231157107E-001  -7.744556108713353E-002
         194  -5.472899231157107E-001   7.744556108713353E-002
         195   6.464088548137111E-002   0.000000000000000E+000
         196  -4.013350874409259E-001   0.000000000000000E+000



           - AUTOVALORES DIFERENTES E REAIS e positivos - 
          REAL
           1   6.464088548137111E-002
           2   4.749045272724173E-001
           3   5.523571813078539E-001
           4        1.742159484945156
           5        2.402498810064621
**** singularity in row   40
