Exemplo de barra bidimensional          
 32
 36
 49
  1    .000       .000
  2    .125       .000
  3    .250       .000
  4    .375       .000
  5    .500       .000
  6    .625       .000
  7    .750       .000
  8    .875       .000
  9   1.000       .000
 10   1.000       .000
 11   1.000       .125
 12   1.000       .250
 13   1.000       .375
 14   1.000       .500
 15   1.000       .625
 16   1.000       .750
 17   1.000       .875
 18   1.000      1.000
 19   1.000      1.000
 20    .875      1.000
 21    .750      1.000
 22    .625      1.000
 23    .500      1.000
 24    .375      1.000
 25    .250      1.000
 26    .125      1.000
 27    .000      1.000
 28    .000      1.000
 29    .000       .875
 30    .000       .750
 31    .000       .625
 32    .000       .500
 33    .000       .375
 34    .000       .250
 35    .000       .125
 36    .000       .000
 37  .07143     .07143
 38  .21429     .07143
 39  .35714     .07143
 40  .50000     .07143
 41  .64286     .07143
 42  .78571     .07143
 43  .92857     .07143
 44  .07143     .21429
 45  .21429     .21429
 46  .35714     .21429
 47  .50000     .21429
 48  .64286     .21429
 49  .78571     .21429
 50  .92857     .21429
 51  .07143     .35714
 52  .21429     .35714
 53  .35714     .35714
 54  .50000     .35714
 55  .64286     .35714
 56  .78571     .35714
 57  .92857     .35714
 58  .07143     .50000
 59  .21429     .50000
 60  .35714     .50000
 61  .50000     .50000
 62  .64286     .50000
 63  .78571     .50000
 64  .92857     .50000
 65  .07143     .64286
 66  .21429     .64286
 67  .35714     .64286
 68  .50000     .64286
 69  .64286     .64286
 70  .78571     .64286
 71  .92857     .64286
 72  .07143     .78571
 73  .21429     .78571
 74  .35714     .78571
 75  .50000     .78571
 76  .64286     .78571
 77  .78571     .78571
 78  .92857     .78571
 79  .07143     .92857
 80  .21429     .92857
 81  .35714     .92857
 82  .50000     .92857
 83  .64286     .92857
 84  .78571     .92857
 85  .92857     .92857
   1   36     .000
   1    0     .000
   1    0     .000
   1    0     .000
   1    0     .000
   1    0     .000
   1    0     .000
   1    0     .000
   1   10     .000
   1    9     .000
   1    0     .000
   1    0     .000
   1    0     .000
   1    0     .000
   1    0     .000
   1    0     .000
   1    0     .000
   1   19     .000
   1   18     .000
   1    0     .000
   1    0     .000
   1    0     .000
   1    0     .000
   1    0     .000
   1    0     .000
   1    0     .000
   1   28     .000
   0   27     .000
   0    0     .000
   0    0     .000
   0    0     .000
   0    0     .000
   0    0     .000
   0    0     .000
   0    0     .000
   0    1     .000
  1    2
  2    3
  3    4
  4    5
  5    6
  6    7
  7    8
  8    9
 10   11
 11   12
 12   13
 13   14
 14   15
 15   16
 16   17
 17   18
 19   20
 20   21
 21   22
 22   23
 23   24
 24   25
 25   26
 26   27
 28   29
 29   30
 30   31
 31   32
 32   33
 33   34
 34   35
 35   36
