 ************************************************************************************************************************
                         Exem


DATA

  NUMERO DE ELEMENTOS DE CONTORNO= 32

  NUMERO DE NÓS FUNCIONAIS= 36

  NUMERO DE PONTOS INTERNOS ONDE A FUNC. É CALCULADA= 49




  COORDENADAS DOS PONTOS FONTE DOS ELEMENTOS DE CONTORNO

    PONTO          X                  Y
        1       .0000000E+00       .0000000E+00
        2       .1250000E+00       .0000000E+00
        3       .2500000E+00       .0000000E+00
        4       .3750000E+00       .0000000E+00
        5       .5000000E+00       .0000000E+00
        6       .6250000E+00       .0000000E+00
        7       .7500000E+00       .0000000E+00
        8       .8750000E+00       .0000000E+00
        9       .1000000E+01       .0000000E+00
       10       .1000000E+01       .0000000E+00
       11       .1000000E+01       .1250000E+00
       12       .1000000E+01       .2500000E+00
       13       .1000000E+01       .3750000E+00
       14       .1000000E+01       .5000000E+00
       15       .1000000E+01       .6250000E+00
       16       .1000000E+01       .7500000E+00
       17       .1000000E+01       .8750000E+00
       18       .1000000E+01       .1000000E+01
       19       .1000000E+01       .1000000E+01
       20       .8750000E+00       .1000000E+01
       21       .7500000E+00       .1000000E+01
       22       .6250000E+00       .1000000E+01
       23       .5000000E+00       .1000000E+01
       24       .3750000E+00       .1000000E+01
       25       .2500000E+00       .1000000E+01
       26       .1250000E+00       .1000000E+01
       27       .0000000E+00       .1000000E+01
       28       .0000000E+00       .1000000E+01
       29       .0000000E+00       .8750000E+00
       30       .0000000E+00       .7500000E+00
       31       .0000000E+00       .6250000E+00
       32       .0000000E+00       .5000000E+00
       33       .0000000E+00       .3750000E+00
       34       .0000000E+00       .2500000E+00
       35       .0000000E+00       .1250000E+00
       36       .0000000E+00       .0000000E+00
       37       .7143000E-01       .7143000E-01
       38       .2142900E+00       .7143000E-01
       39       .3571400E+00       .7143000E-01
       40       .5000000E+00       .7143000E-01
       41       .6428600E+00       .7143000E-01
       42       .7857100E+00       .7143000E-01
       43       .9285700E+00       .7143000E-01
       44       .7143000E-01       .2142900E+00
       45       .2142900E+00       .2142900E+00
       46       .3571400E+00       .2142900E+00
       47       .5000000E+00       .2142900E+00
       48       .6428600E+00       .2142900E+00
       49       .7857100E+00       .2142900E+00
       50       .9285700E+00       .2142900E+00
       51       .7143000E-01       .3571400E+00
       52       .2142900E+00       .3571400E+00
       53       .3571400E+00       .3571400E+00
       54       .5000000E+00       .3571400E+00
       55       .6428600E+00       .3571400E+00
       56       .7857100E+00       .3571400E+00
       57       .9285700E+00       .3571400E+00
       58       .7143000E-01       .5000000E+00
       59       .2142900E+00       .5000000E+00
       60       .3571400E+00       .5000000E+00
       61       .5000000E+00       .5000000E+00
       62       .6428600E+00       .5000000E+00
       63       .7857100E+00       .5000000E+00
       64       .9285700E+00       .5000000E+00
       65       .7143000E-01       .6428600E+00
       66       .2142900E+00       .6428600E+00
       67       .3571400E+00       .6428600E+00
       68       .5000000E+00       .6428600E+00
       69       .6428600E+00       .6428600E+00
       70       .7857100E+00       .6428600E+00
       71       .9285700E+00       .6428600E+00
       72       .7143000E-01       .7857100E+00
       73       .2142900E+00       .7857100E+00
       74       .3571400E+00       .7857100E+00
       75       .5000000E+00       .7857100E+00
       76       .6428600E+00       .7857100E+00
       77       .7857100E+00       .7857100E+00
       78       .9285700E+00       .7857100E+00
       79       .7143000E-01       .9285700E+00
       80       .2142900E+00       .9285700E+00
       81       .3571400E+00       .9285700E+00
       82       .5000000E+00       .9285700E+00
       83       .6428600E+00       .9285700E+00
       84       .7857100E+00       .9285700E+00
       85       .9285700E+00       .9285700E+00


  CONDICOES DE CONTORNO

       INDICE   NÓ        NÓ          VALOR PRESCRITO
       1        1         36          .0000000E+00
       2        1          0          .0000000E+00
       3        1          0          .0000000E+00
       4        1          0          .0000000E+00
       5        1          0          .0000000E+00
       6        1          0          .0000000E+00
       7        1          0          .0000000E+00
       8        1          0          .0000000E+00
       9        1         10          .0000000E+00
      10        1          9          .0000000E+00
      11        1          0          .0000000E+00
      12        1          0          .0000000E+00
      13        1          0          .0000000E+00
      14        1          0          .0000000E+00
      15        1          0          .0000000E+00
      16        1          0          .0000000E+00
      17        1          0          .0000000E+00
      18        1         19          .0000000E+00
      19        1         18          .0000000E+00
      20        1          0          .0000000E+00
      21        1          0          .0000000E+00
      22        1          0          .0000000E+00
      23        1          0          .0000000E+00
      24        1          0          .0000000E+00
      25        1          0          .0000000E+00
      26        1          0          .0000000E+00
      27        1         28          .0000000E+00
      28        0         27          .0000000E+00
      29        0          0          .0000000E+00
      30        0          0          .0000000E+00
      31        0          0          .0000000E+00
      32        0          0          .0000000E+00
      33        0          0          .0000000E+00
      34        0          0          .0000000E+00
      35        0          0          .0000000E+00
      36        0          1          .0000000E+00


  INCIDENCIA DOS NOS GEOMETRICOS

       INDICE     PRIM. NÓ      SEG. NÓ
       1          1       2
       2          2       3
       3          3       4
       4          4       5
       5          5       6
       6          6       7
       7          7       8
       8          8       9
       9         10      11
      10         11      12
      11         12      13
      12         13      14
      13         14      15
      14         15      16
      15         16      17
      16         17      18
      17         19      20
      18         20      21
      19         21      22
      20         22      23
      21         23      24
      22         24      25
      23         25      26
      24         26      27
      25         28      29
      26         29      30
      27         30      31
      28         31      32
      29         32      33
      30         33      34
      31         34      35
      32         35      36
 NOVAS COORDENADAS DOS NOS DUPLOS
      .0025      .0000
      .1250      .0000
      .2500      .0000
      .3750      .0000
      .5000      .0000
      .6250      .0000
      .7500      .0000
      .8750      .0000
      .9975      .0000
     1.0000      .0025
     1.0000      .1250
     1.0000      .2500
     1.0000      .3750
     1.0000      .5000
     1.0000      .6250
     1.0000      .7500
     1.0000      .8750
     1.0000      .9975
      .9975     1.0000
      .8750     1.0000
      .7500     1.0000
      .6250     1.0000
      .5000     1.0000
      .3750     1.0000
      .2500     1.0000
      .1250     1.0000
      .0025     1.0000
      .0000      .9975
      .0000      .8750
      .0000      .7500
      .0000      .6250
      .0000      .5000
      .0000      .3750
      .0000      .2500
      .0000      .1250
      .0000      .0025
   
 VALORES DE DFI  ************************************
      1   .0000
      2   .0000
      3   .0000
      4   .0000
      5   .0000
      6   .0000
      7   .0000
      8   .0000
      9   .0000
     10   .0000
     11   .0000
     12   .0000
     13   .0000
     14   .0000
     15   .0000
     16   .0000
     17   .0000
     18   .0000
     19   .0000
     20   .0000
     21   .0000
     22   .0000
     23   .0000
     24   .0000
     25   .0000
     26   .0000
     27   .0000
     28   .0000
     29   .0000
     30   .0000
     31   .0000
     32   .0000
     33   .0000
     34   .0000
     35   .0000
     36   .0000
     37   .0000
     38   .0000
     39   .0000
     40   .0000
     41   .0000
     42   .0000
     43   .0000
     44   .0000
     45   .0000
     46   .0000
     47   .0000
     48   .0000
     49   .0000
     50   .0000
     51   .0000
     52   .0000
     53   .0000
     54   .0000
     55   .0000
     56   .0000
     57   .0000
     58   .0000
     59   .0000
     60   .0000
     61   .0000
     62   .0000
     63   .0000
     64   .0000
     65   .0000
     66   .0000
     67   .0000
     68   .0000
     69   .0000
     70   .0000
     71   .0000
     72   .0000
     73   .0000
     74   .0000
     75   .0000
     76   .0000
     77   .0000
     78   .0000
     79   .0000
     80   .0000
     81   .0000
     82   .0000
     83   .0000
     84   .0000
     85   .0000
 VALORES DE AUTOV DE ENTRADA ************************
   
 VALORES DE WR_POS ORIGINAIS ************************
      1   6.31005
      2   6.31005
      3   5.79818
      4   5.79818
      5   2.61919
      6   2.61919
      7   4.88005
      8   4.88005
      9   3.64398
     10   3.64398
     11   4.24538
     12   4.24538
     13    .35176
     14    .35176
     15    .00000
     16    .00000
     17    .00000
     18    .00000
     19    .00000
     20    .00000
     21    .00000
     22    .00000
     23    .00000
     24    .00000
     25    .00000
     26    .00000
     27    .00000
     28    .00000
     29    .00000
     30    .00000
     31    .00000
     32    .00000
     33    .00000
     34    .00000
     35    .00000
     36    .00000
     37    .00000
     38    .00000
     39    .00000
     40    .00000
     41    .00000
     42    .00000
     43    .00000
     44    .00000
     45    .00000
     46    .00000
     47    .00000
     48    .00000
     49    .00000
     50    .00000
     51    .00000
     52    .00000
     53    .00000
     54    .00000
     55    .00000
     56    .00000
     57    .00000
     58    .00000
     59    .00000
     60    .00000
     61    .00000
     62    .00000
     63    .00000
     64    .00000
     65    .00000
     66    .00000
     67    .00000
     68    .00000
     69    .00000
     70    .00000
     71    .00000
     72    .00000
     73    .00000
     74    .00000
     75    .00000
     76    .00000
     77    .00000
     78    .00000
     79    .00000
     80    .00000
     81    .00000
     82    .00000
     83    .00000
     84    .00000
     85    .00000
     86    .00000
     87    .00000
     88    .00000
     89    .00000
     90    .00000
     91    .00000
     92    .00000
     93    .00000
     94    .00000
     95    .00000
     96    .00000
     97    .00000
     98    .00000
     99    .00000
    100    .00000
    101    .00000
    102    .00000
    103    .00000
    104    .00000
    105    .00000
    106    .00000
    107    .00000
    108    .00000
    109    .00000
    110    .00000
    111    .00000
    112    .00000
    113    .00000
    114    .00000
    115    .00000
    116    .00000
    117    .00000
    118    .00000
    119    .00000
    120    .00000
    121    .00000
    122    .00000
    123    .00000
    124    .00000
    125    .00000
    126    .00000
    127    .00000
    128    .00000
    129    .00000
    130    .00000
    131    .00000
    132    .00000
    133    .00000
    134    .00000
    135    .00000
    136    .00000
    137    .00000
    138    .00000
    139    .00000
    140    .00000
    141    .00000
    142    .00000
    143    .00000
    144    .00000
    145    .00000
    146    .00000
    147    .00000
    148    .00000
    149    .00000
    150    .00000
    151    .00000
    152    .00000
    153    .00000
    154    .00000
    155    .00000
    156    .00000
    157    .00000
    158    .00000
    159    .00000
    160    .00000
    161    .00000
    162    .00000
    163    .00000
    164    .00000
    165    .00000
    166    .00000
    167    .00000
    168    .00000
    169    .00000
    170    .00000
    171    .00000
    172    .00000
    173    .00000
    174    .00000
    175    .00000
    176    .00000
    177    .00000
    178    .00000
    179    .00000
    180    .00000
    181    .00000
    182    .00000
    183    .00000
    184    .00000
    185    .00000
    186    .00000
    187    .00000
    188    .00000
    189    .00000
    190    .00000
    191    .00000
    192    .00000
    193    .00000
    194    .00000
    195    .00000
    196    .00000
    197    .00000
    198    .00000
    199    .00000
    200    .00000
    201    .00000
    202    .00000
    203    .00000
    204    .00000
    205    .00000
    206    .00000
    207    .00000
    208    .00000
    209    .00000
    210    .00000
    211    .00000
    212    .00000
    213    .00000
    214    .00000
    215    .00000
    216    .00000
    217    .00000
    218    .00000
    219    .00000
    220    .00000
    221    .00000
    222    .00000
    223    .00000
    224    .00000
    225    .00000
    226    .00000
    227    .00000
    228    .00000
    229    .00000
    230    .00000
    231    .00000
    232    .00000
    233    .00000
    234    .00000
    235    .00000
    236    .00000
    237    .00000
    238    .00000
    239    .00000
    240    .00000
    241    .00000
    242    .00000
    243    .00000
    244    .00000
    245    .00000
    246    .00000
    247    .00000
    248    .00000
    249    .00000
    250    .00000
    251    .00000
    252    .00000
    253    .00000
    254    .00000
    255    .00000
    256    .00000
    257    .00000
    258    .00000
    259    .00000
    260    .00000
    261    .00000
    262    .00000
    263    .00000
    264    .00000
    265    .00000
    266    .00000
    267    .00000
    268    .00000
    269    .00000
    270    .00000
    271    .00000
    272    .00000
    273    .00000
    274    .00000
    275    .00000
    276    .00000
    277    .00000
    278    .00000
    279    .00000
    280    .00000
    281    .00000
    282    .00000
    283    .00000
    284    .00000
    285    .00000
    286    .00000
    287    .00000
    288    .00000
    289    .00000
    290    .00000
    291    .00000
    292    .00000
    293    .00000
    294    .00000
    295    .00000
    296    .00000
    297    .00000
    298    .00000
    299    .00000
    300    .00000
    301    .00000
    302    .00000
    303    .00000
    304    .00000
   
 VALORES DE WRA  ************************************
 WRA ORIGINAL POSSUIA         304 NUM., REDUZIDO PARA         146 NUM.
      1    .39809
      2   1.58492
      3    .79432
      4   1.12202
      5    .94406
      6   1.02920
      7    .98571
      8   1.00722
      9    .99641
     10   1.00180
     11    .99910
     12   1.00045
     13    .99978
     14   1.00011
     15    .99994
     16   1.00003
     17    .99999
     18   1.00001
     19   1.00000
     20   1.00000
     21   1.00000
     22   1.00000
     23   1.00000
     24   1.00000
     25   1.00000
     26   1.00000
     27   1.00000
     28   1.00000
     29   1.00000
     30   1.00000
     31   1.00000
     32   1.00000
     33   1.00000
     34   1.00000
     35   1.00000
     36   1.00000
     37   1.00000
     38   1.00000
     39   1.00000
     40   1.00000
     41   1.00000
     42   1.00000
     43   1.00000
     44   1.00000
     45   1.00000
     46   1.00000
     47   1.00000
     48   1.00000
     49   1.00000
     50   1.00000
     51   1.00000
     52   1.00000
     53   1.00000
     54   1.00000
     55   1.00000
     56   1.00000
     57   1.00000
     58   1.00000
     59   1.00000
     60   1.00000
     61   1.00000
     62   1.00000
     63   1.00000
     64   1.00000
     65   1.00000
     66   1.00000
     67   1.00000
     68   1.00000
     69   1.00000
     70   1.00000
     71   1.00000
     72   1.00000
     73   1.00000
     74   1.00000
     75   1.00000
     76   1.00000
     77   1.00000
     78   1.00000
     79   1.00000
     80   1.00000
     81   1.00000
     82   1.00000
     83   1.00000
     84   1.00000
     85   1.00000
     86   1.00000
     87   1.00000
     88   1.00000
     89   1.00000
     90   1.00000
     91   1.00000
     92   1.00000
     93   1.00000
     94   1.00000
     95   1.00000
     96   1.00000
     97   1.00000
     98   1.00000
     99   1.00000
    100   1.00000
    101   1.00000
    102   1.00000
    103   1.00000
    104   1.00000
    105   1.00000
    106   1.00000
    107   1.00000
    108   1.00000
    109   1.00000
    110   1.00000
    111   1.00000
    112   1.00000
    113   1.00000
    114   1.00000
    115   1.00000
    116   1.00000
    117   1.00000
    118   1.00000
    119   1.00000
    120   1.00000
    121   1.00000
    122   1.00000
    123   1.00000
    124   1.00000
    125   1.00000
    126   1.00000
    127   1.00000
    128   1.00000
    129   1.00000
    130   1.00000
    131   1.00000
    132   1.00000
    133   1.00000
    134   1.00000
    135   1.00000
    136   1.00000
    137   1.00000
    138   1.00000
    139   1.00000
    140   1.00000
    141   1.00000
    142   1.00000
    143   1.00000
    144   1.00000
    145   1.00000
    146   1.00000



           - AUTOVALORES - 
          REAL     IMAGINARIO
           1        6.310045223005497  -7.972659143266826E-001
           2        6.310045223005497   7.972659143266826E-001
           3        5.798175052645259       -2.189195750253012
           4        5.798175052645259        2.189195750253012
           5        2.619188667652361       -5.365430471826574
           6        2.619188667652361        5.365430471826574
           7        4.880046784576341       -3.212437566348126
           8        4.880046784576341        3.212437566348126
           9        3.643976099808549       -4.589986216195532
          10        3.643976099808549        4.589986216195532
          11        4.245375581927243       -3.537140206775753
          12        4.245375581927243        3.537140206775753
          13   3.517559804566994E-001       -5.427924254307740
          14   3.517559804566994E-001        5.427924254307740
          15  -8.369278412605014E-001       -5.018086134784560
          16  -8.369278412605014E-001        5.018086134784560
          17       -1.793215679866415       -4.328334860072276
          18       -1.793215679866415        4.328334860072276
          19       -3.036796955485007       -3.332576178898780
          20       -3.036796955485007        3.332576178898780
          21       -2.205951296461758       -3.785997299444047
          22       -2.205951296461758        3.785997299444047
          23       -3.741962846167154       -2.342970374873877
          24       -3.741962846167154        2.342970374873877
          25       -3.990682286021168       -1.094606810424672
          26       -3.990682286021168        1.094606810424672
          27       -3.942111804346842   0.000000000000000E+000
          28       -3.787434861138135   0.000000000000000E+000
          29       -1.128555002379386       -3.469140047709670
          30       -1.128555002379386        3.469140047709670
          31       -3.516775644339831  -9.528648482025720E-001
          32       -3.516775644339831   9.528648482025720E-001
          33        3.182618715974835  -3.827972925025791E-001
          34        3.182618715974835   3.827972925025791E-001
          35       -2.092085748976908       -2.775876162246469
          36       -2.092085748976908        2.775876162246469
          37   8.530820472731859E-002       -3.312470344229092
          38   8.530820472731859E-002        3.312470344229092
          39   9.403697020688561E-001       -3.054561004327496
          40   9.403697020688561E-001        3.054561004327496
          41        2.868976460148129       -1.095367056210897
          42        2.868976460148129        1.095367056210897
          43  -2.373615395162442E-001       -3.175563806624781
          44  -2.373615395162442E-001        3.175563806624781
          45   9.115656162418069E-001       -2.959429166467517
          46   9.115656162418069E-001        2.959429166467517
          47        2.807353720733683  -8.857864437759844E-001
          48        2.807353720733683   8.857864437759844E-001
          49        2.418802505082262       -1.781231798466441
          50        2.418802505082262        1.781231798466441
          51        1.594497802851752       -2.529151162351477
          52        1.594497802851752        2.529151162351477
          53        1.492884349823362       -2.464636719630203
          54        1.492884349823362        2.464636719630203
          55        2.528345919164719  -9.566172132519629E-001
          56        2.528345919164719   9.566172132519629E-001
          57        2.201486316855598       -1.694694824695581
          58        2.201486316855598        1.694694824695581
          59        2.324995762200655       -1.474520741748620
          60        2.324995762200655        1.474520741748620
          61        1.685465812748794       -2.259847066178067
          62        1.685465812748794        2.259847066178067
          63        1.825254322859218       -2.120997630477945
          64        1.825254322859218        2.120997630477945
          65       -2.684070068484407       -2.004639183800554
          66       -2.684070068484407        2.004639183800554
          67       -2.902956645662355       -1.596166081007675
          68       -2.902956645662355        1.596166081007675
          69  -9.781460650221763E-001       -2.934643853937253
          70  -9.781460650221763E-001        2.934643853937253
          71        1.017577329765374       -2.594952660535096
          72        1.017577329765374        2.594952660535096
          73        1.848855558665452       -1.914925988700126
          74        1.848855558665452        1.914925988700126
          75        2.504145247256180  -2.232383108478561E-001
          76        2.504145247256180   2.232383108478561E-001
          77  -5.964015742734776E-001       -2.852620038990287
          78  -5.964015742734776E-001        2.852620038990287
          79   9.120624214277484E-002       -2.783373841626223
          80   9.120624214277484E-002        2.783373841626223
          81   4.315798580038411E-001       -2.625139160279370
          82   4.315798580038411E-001        2.625139160279370
          83       -1.378672801070535       -2.602506555607027
          84       -1.378672801070535        2.602506555607027
          85       -1.562630475358460       -2.527548720202140
          86       -1.562630475358460        2.527548720202140
          87       -2.397577819403534       -1.898935633780448
          88       -2.397577819403534        1.898935633780448
          89       -2.768112441374271       -1.299001360356065
          90       -2.768112441374271        1.299001360356065
          91       -1.884250748644552       -2.247968616522450
          92       -1.884250748644552        2.247968616522450
          93        1.810404876823255       -1.555314427989159
          94        1.810404876823255        1.555314427989159
          95        1.622848027815623       -1.670560751539800
          96        1.622848027815623        1.670560751539800
          97        1.926288123601168       -1.122773589040869
          98        1.926288123601168        1.122773589040869
          99        2.079571599378552  -6.201656760639848E-001
         100        2.079571599378552   6.201656760639848E-001
         101        2.093563977715125  -8.719334183208535E-002
         102        2.093563977715125   8.719334183208535E-002
         103        1.189836924239200       -1.972573720679377
         104        1.189836924239200        1.972573720679377
         105       -2.933105046103286  -5.580702185872730E-001
         106       -2.933105046103286   5.580702185872730E-001
         107       -2.897548993754816  -2.899022230146668E-001
         108       -2.897548993754816   2.899022230146668E-001
         109   6.976532130682388E-001       -2.196280540489445
         110   6.976532130682388E-001        2.196280540489445
         111       -2.680233609567907  -8.419829243791878E-001
         112       -2.680233609567907   8.419829243791878E-001
         113       -2.433144886546841       -1.193816669161673
         114       -2.433144886546841        1.193816669161673
         115       -2.137292426376349       -1.637730469413264
         116       -2.137292426376349        1.637730469413264
         117       -1.861924116355356       -1.899174643296267
         118       -1.861924116355356        1.899174643296267
         119        1.700450304505954  -8.630526912479901E-001
         120        1.700450304505954   8.630526912479901E-001
         121  -3.696594831329239E-001       -2.242109339383662
         122  -3.696594831329239E-001        2.242109339383662
         123       -2.299111946500188  -7.418793050770605E-001
         124       -2.299111946500188   7.418793050770605E-001
         125       -2.412880515178207   0.000000000000000E+000
         126  -8.585224676851150E-001       -2.071347965920185
         127  -8.585224676851150E-001        2.071347965920185
         128        1.323799295369145       -1.185720141589178
         129        1.323799295369145        1.185720141589178
         130       -1.951070397955999       -1.176858249385262
         131       -1.951070397955999        1.176858249385262
         132       -1.286932788476480       -1.817163874011549
         133       -1.286932788476480        1.817163874011549
         134       -1.619143999250797       -1.504397086162965
         135       -1.619143999250797        1.504397086162965
         136       -1.252565798159428       -1.729877216287065
         137       -1.252565798159428        1.729877216287065
         138       -1.667210201493516       -1.353048124824946
         139       -1.667210201493516        1.353048124824946
         140        1.626024033537740   0.000000000000000E+000
         141  -7.957558423957137E-001       -1.844280063467452
         142  -7.957558423957137E-001        1.844280063467452
         143       -1.859715829154958  -8.240275287172362E-001
         144       -1.859715829154958   8.240275287172362E-001
         145   9.519653730975410E-001       -1.336226371350388
         146   9.519653730975410E-001        1.336226371350388
         147  -4.061799159010574E-001       -1.772817847373822
         148  -4.061799159010574E-001        1.772817847373822
         149   5.979292598761151E-001       -1.529143171030577
         150   5.979292598761151E-001        1.529143171030577
         151       -1.873323629962055  -2.826161418939983E-001
         152       -1.873323629962055   2.826161418939983E-001
         153  -2.611008548927390E-002       -1.621460331472748
         154  -2.611008548927390E-002        1.621460331472748
         155   9.128679043206533E-002       -1.536421635304431
         156   9.128679043206533E-002        1.536421635304431
         157       -1.599861142420469   0.000000000000000E+000
         158   1.585777847781296E-001       -1.143771399572491
         159   1.585777847781296E-001        1.143771399572491
         160        1.038763340137650  -2.257116270933865E-001
         161        1.038763340137650   2.257116270933865E-001
         162        1.039617193030578   0.000000000000000E+000
         163   8.911709601115061E-001  -5.306910257224384E-001
         164   8.911709601115061E-001   5.306910257224384E-001
         165   6.493452960037316E-001  -7.011162280618478E-001
         166   6.493452960037316E-001   7.011162280618478E-001
         167   3.917548834671756E-001  -7.943832489096759E-001
         168   3.917548834671756E-001   7.943832489096759E-001
         169   1.302091688684570E-001  -8.827300265695850E-001
         170   1.302091688684570E-001   8.827300265695850E-001
         171  -9.417087250405523E-001   0.000000000000000E+000
         172   2.418533498617913E-001  -7.586645246389100E-001
         173   2.418533498617913E-001   7.586645246389100E-001
         174  -7.140925517206209E-002  -8.314783192127406E-001
         175  -7.140925517206209E-002   8.314783192127406E-001
         176   1.661811323937609E-001  -7.538541093130183E-001
         177   1.661811323937609E-001   7.538541093130183E-001
         178   3.820252664133020E-001  -6.028512955464328E-001
         179   3.820252664133020E-001   6.028512955464328E-001
         180   6.331638520684153E-001  -1.244775451363848E-001
         181   6.331638520684153E-001   1.244775451363848E-001
         182   5.947196549879881E-001  -2.494308594676178E-001
         183   5.947196549879881E-001   2.494308594676178E-001
         184   4.827094381136113E-001  -4.527009501481880E-001
         185   4.827094381136113E-001   4.527009501481880E-001
         186  -2.615723286284023E-001  -7.283339688023401E-001
         187  -2.615723286284023E-001   7.283339688023401E-001
         188   5.241703496370218E-001  -3.527763396738011E-001
         189   5.241703496370218E-001   3.527763396738011E-001
         190   5.180287920358507E-001  -2.782403302986622E-001
         191   5.180287920358507E-001   2.782403302986622E-001
         192   4.130216817481204E-001  -4.287311163394443E-001
         193   4.130216817481204E-001   4.287311163394443E-001
         194   5.475296145665445E-001  -1.199633733276371E-001
         195   5.475296145665445E-001   1.199633733276371E-001
         196   5.371312644147106E-001   0.000000000000000E+000
         197   3.063807053238248E-001  -5.037974729599225E-001
         198   3.063807053238248E-001   5.037974729599225E-001
         199   2.680444338739763E-003  -6.816343300150778E-001
         200   2.680444338739763E-003   6.816343300150778E-001
         201   1.769553997888954E-001  -5.501915541756589E-001
         202   1.769553997888954E-001   5.501915541756589E-001
         203  -4.026749115817705E-001  -5.911355548742683E-001
         204  -4.026749115817705E-001   5.911355548742683E-001
         205   4.365731239527509E-002  -5.881614341573795E-001
         206   4.365731239527509E-002   5.881614341573795E-001
         207  -6.543016645239133E-002  -6.160507496983075E-001
         208  -6.543016645239133E-002   6.160507496983075E-001
         209  -1.619413455800015E-001  -6.062779063534690E-001
         210  -1.619413455800015E-001   6.062779063534690E-001
         211  -1.062910415864641E-001  -5.788489895461237E-001
         212  -1.062910415864641E-001   5.788489895461237E-001
         213  -2.697948066788960E-001  -5.676009980669077E-001
         214  -2.697948066788960E-001   5.676009980669077E-001
         215  -7.434754569721713E-001   0.000000000000000E+000
         216  -3.651428868444932E-001  -5.099234828383698E-001
         217  -3.651428868444932E-001   5.099234828383698E-001
         218  -4.913361113776316E-001  -4.385016154856414E-001
         219  -4.913361113776316E-001   4.385016154856414E-001
         220  -1.890777898234936E-001  -5.237215201594857E-001
         221  -1.890777898234936E-001   5.237215201594857E-001
         222   3.004461904222349E-001  -2.295698397873813E-001
         223   3.004461904222349E-001   2.295698397873813E-001
         224   3.447874565611186E-001  -1.160305918582465E-001
         225   3.447874565611186E-001   1.160305918582465E-001
         226   3.447416465987181E-001  -3.163108709751904E-002
         227   3.447416465987181E-001   3.163108709751904E-002
         228   2.214876849178968E-001  -2.830946405684601E-001
         229   2.214876849178968E-001   2.830946405684601E-001
         230  -2.573108153851461E-001  -4.751560677889155E-001
         231  -2.573108153851461E-001   4.751560677889155E-001
         232  -6.447822740988063E-001  -1.981637781549128E-001
         233  -6.447822740988063E-001   1.981637781549128E-001
         234  -5.103404047065862E-001  -3.551432660305950E-001
         235  -5.103404047065862E-001   3.551432660305950E-001
         236  -3.199798385335623E-001  -4.256716753749913E-001
         237  -3.199798385335623E-001   4.256716753749913E-001
         238   1.381277111586548E-001  -3.168213877126076E-001
         239   1.381277111586548E-001   3.168213877126076E-001
         240  -5.454284067529680E-001  -2.670109543900179E-001
         241  -5.454284067529680E-001   2.670109543900179E-001
         242  -3.748466567176648E-001  -3.697607723523923E-001
         243  -3.748466567176648E-001   3.697607723523923E-001
         244  -4.539120268243318E-001  -3.106520075392397E-001
         245  -4.539120268243318E-001   3.106520075392397E-001
         246   6.520829892226771E-002  -3.247801999228909E-001
         247   6.520829892226771E-002   3.247801999228909E-001
         248  -7.750382938870731E-003  -3.284158453166692E-001
         249  -7.750382938870731E-003   3.284158453166692E-001
         250   1.748642337068686E-001   0.000000000000000E+000
         251   1.731349547908782E-001  -3.861306257007752E-002
         252   1.731349547908782E-001   3.861306257007752E-002
         253   1.653952283148703E-001  -7.460671023840368E-002
         254   1.653952283148703E-001   7.460671023840368E-002
         255   1.512369548935758E-001  -1.086463618317570E-001
         256   1.512369548935758E-001   1.086463618317570E-001
         257   1.309348336565537E-001  -1.405492549702040E-001
         258   1.309348336565537E-001   1.405492549702040E-001
         259   1.045367184095324E-001  -1.699046583421242E-001
         260   1.045367184095324E-001   1.699046583421242E-001
         261   7.167356929843390E-002  -1.961377917134123E-001
         262   7.167356929843390E-002   1.961377917134123E-001
         263   3.155669438345404E-002  -2.180657245892911E-001
         264   3.155669438345404E-002   2.180657245892911E-001
         265  -7.983125740005645E-002  -3.129909480489272E-001
         266  -7.983125740005645E-002   3.129909480489272E-001
         267  -1.655513799519617E-002  -2.334376474380059E-001
         268  -1.655513799519617E-002   2.334376474380059E-001
         269  -4.417337505258957E-001  -2.611017117773402E-001
         270  -4.417337505258957E-001   2.611017117773402E-001
         271  -5.620733492262998E-001  -1.769061575494430E-001
         272  -5.620733492262998E-001   1.769061575494430E-001
         273  -5.688638406614299E-001  -9.459038454405121E-002
         274  -5.688638406614299E-001   9.459038454405121E-002
         275  -5.320010130273950E-001  -1.555822360503190E-001
         276  -5.320010130273950E-001   1.555822360503190E-001
         277  -7.278524159711508E-002  -2.388054232979963E-001
         278  -7.278524159711508E-002   2.388054232979963E-001
         279  -1.448161336542035E-001  -2.821733820945012E-001
         280  -1.448161336542035E-001   2.821733820945012E-001
         281  -5.510149685098640E-001  -3.622989635295583E-003
         282  -5.510149685098640E-001   3.622989635295583E-003
         283  -5.172878641879661E-001  -4.992119291264839E-002
         284  -5.172878641879661E-001   4.992119291264839E-002
         285  -4.518432843116888E-001  -9.078661234024463E-002
         286  -4.518432843116888E-001   9.078661234024463E-002
         287  -3.973434468652498E-001  -1.079399812089832E-001
         288  -3.973434468652498E-001   1.079399812089832E-001
         289  -4.177408171703722E-001  -1.341890615448791E-002
         290  -4.177408171703722E-001   1.341890615448791E-002
         291  -3.600323911386500E-001  -5.620796738961730E-002
         292  -3.600323911386500E-001   5.620796738961730E-002
         293  -3.186379145268922E-001  -1.301726710845522E-001
         294  -3.186379145268922E-001   1.301726710845522E-001
         295  -2.881611170426571E-001  -1.588896435126398E-001
         296  -2.881611170426571E-001   1.588896435126398E-001
         297  -2.697667606471674E-001  -1.839478880538820E-001
         298  -2.697667606471674E-001   1.839478880538820E-001
         299  -1.367438502259556E-001  -2.281449437365094E-001
         300  -1.367438502259556E-001   2.281449437365094E-001
         301  -2.042768905093885E-001  -2.112838698126510E-001
         302  -2.042768905093885E-001   2.112838698126510E-001
         303  -1.707702699210090E-001  -2.008121068768653E-001
         304  -1.707702699210090E-001   2.008121068768653E-001



           - AUTOVALORES DIFERENTES E REAIS e positivos - 
          REAL
           1   1.748642337068686E-001
           2   5.371312644147106E-001
           3        1.039617193030578
           4        1.626024033537740
**** singularity in row   67
