 ************************************************************************************************************************
                         Exem


DATA

  NUMERO DE ELEMENTOS DE CONTORNO= 32

  NUMERO DE NÓS FUNCIONAIS= 36

  NUMERO DE PONTOS INTERNOS ONDE A FUNC. É CALCULADA= 49




  COORDENADAS DOS PONTOS FONTE DOS ELEMENTOS DE CONTORNO

    PONTO          X                  Y
        1       .0000000E+00       .0000000E+00
        2       .1250000E+00       .0000000E+00
        3       .2500000E+00       .0000000E+00
        4       .3750000E+00       .0000000E+00
        5       .5000000E+00       .0000000E+00
        6       .6250000E+00       .0000000E+00
        7       .7500000E+00       .0000000E+00
        8       .8750000E+00       .0000000E+00
        9       .1000000E+01       .0000000E+00
       10       .1000000E+01       .0000000E+00
       11       .1000000E+01       .1250000E+00
       12       .1000000E+01       .2500000E+00
       13       .1000000E+01       .3750000E+00
       14       .1000000E+01       .5000000E+00
       15       .1000000E+01       .6250000E+00
       16       .1000000E+01       .7500000E+00
       17       .1000000E+01       .8750000E+00
       18       .1000000E+01       .1000000E+01
       19       .1000000E+01       .1000000E+01
       20       .8750000E+00       .1000000E+01
       21       .7500000E+00       .1000000E+01
       22       .6250000E+00       .1000000E+01
       23       .5000000E+00       .1000000E+01
       24       .3750000E+00       .1000000E+01
       25       .2500000E+00       .1000000E+01
       26       .1250000E+00       .1000000E+01
       27       .0000000E+00       .1000000E+01
       28       .0000000E+00       .1000000E+01
       29       .0000000E+00       .8750000E+00
       30       .0000000E+00       .7500000E+00
       31       .0000000E+00       .6250000E+00
       32       .0000000E+00       .5000000E+00
       33       .0000000E+00       .3750000E+00
       34       .0000000E+00       .2500000E+00
       35       .0000000E+00       .1250000E+00
       36       .0000000E+00       .0000000E+00
       37       .7143000E-01       .7143000E-01
       38       .2142900E+00       .7143000E-01
       39       .3571400E+00       .7143000E-01
       40       .5000000E+00       .7143000E-01
       41       .6428600E+00       .7143000E-01
       42       .7857100E+00       .7143000E-01
       43       .9285700E+00       .7143000E-01
       44       .7143000E-01       .2142900E+00
       45       .2142900E+00       .2142900E+00
       46       .3571400E+00       .2142900E+00
       47       .5000000E+00       .2142900E+00
       48       .6428600E+00       .2142900E+00
       49       .7857100E+00       .2142900E+00
       50       .9285700E+00       .2142900E+00
       51       .7143000E-01       .3571400E+00
       52       .2142900E+00       .3571400E+00
       53       .3571400E+00       .3571400E+00
       54       .5000000E+00       .3571400E+00
       55       .6428600E+00       .3571400E+00
       56       .7857100E+00       .3571400E+00
       57       .9285700E+00       .3571400E+00
       58       .7143000E-01       .5000000E+00
       59       .2142900E+00       .5000000E+00
       60       .3571400E+00       .5000000E+00
       61       .5000000E+00       .5000000E+00
       62       .6428600E+00       .5000000E+00
       63       .7857100E+00       .5000000E+00
       64       .9285700E+00       .5000000E+00
       65       .7143000E-01       .6428600E+00
       66       .2142900E+00       .6428600E+00
       67       .3571400E+00       .6428600E+00
       68       .5000000E+00       .6428600E+00
       69       .6428600E+00       .6428600E+00
       70       .7857100E+00       .6428600E+00
       71       .9285700E+00       .6428600E+00
       72       .7143000E-01       .7857100E+00
       73       .2142900E+00       .7857100E+00
       74       .3571400E+00       .7857100E+00
       75       .5000000E+00       .7857100E+00
       76       .6428600E+00       .7857100E+00
       77       .7857100E+00       .7857100E+00
       78       .9285700E+00       .7857100E+00
       79       .7143000E-01       .9285700E+00
       80       .2142900E+00       .9285700E+00
       81       .3571400E+00       .9285700E+00
       82       .5000000E+00       .9285700E+00
       83       .6428600E+00       .9285700E+00
       84       .7857100E+00       .9285700E+00
       85       .9285700E+00       .9285700E+00


  CONDICOES DE CONTORNO

       INDICE   NÓ        NÓ          VALOR PRESCRITO
       1        0         36          .0000000E+00
       2        0          0          .0000000E+00
       3        0          0          .0000000E+00
       4        0          0          .0000000E+00
       5        0          0          .0000000E+00
       6        0          0          .0000000E+00
       7        0          0          .0000000E+00
       8        0          0          .0000000E+00
       9        0         10          .0000000E+00
      10        0          9          .0000000E+00
      11        0          0          .0000000E+00
      12        0          0          .0000000E+00
      13        0          0          .0000000E+00
      14        0          0          .0000000E+00
      15        0          0          .0000000E+00
      16        0          0          .0000000E+00
      17        0          0          .0000000E+00
      18        0         19          .0000000E+00
      19        0         18          .0000000E+00
      20        0          0          .0000000E+00
      21        0          0          .0000000E+00
      22        0          0          .0000000E+00
      23        0          0          .0000000E+00
      24        0          0          .0000000E+00
      25        0          0          .0000000E+00
      26        0          0          .0000000E+00
      27        0         28          .0000000E+00
      28        0         27          .0000000E+00
      29        0          0          .0000000E+00
      30        0          0          .0000000E+00
      31        0          0          .0000000E+00
      32        0          0          .0000000E+00
      33        0          0          .0000000E+00
      34        0          0          .0000000E+00
      35        0          0          .0000000E+00
      36        0          1          .0000000E+00


  INCIDENCIA DOS NOS GEOMETRICOS

       INDICE     PRIM. NÓ      SEG. NÓ
       1          1       2
       2          2       3
       3          3       4
       4          4       5
       5          5       6
       6          6       7
       7          7       8
       8          8       9
       9         10      11
      10         11      12
      11         12      13
      12         13      14
      13         14      15
      14         15      16
      15         16      17
      16         17      18
      17         19      20
      18         20      21
      19         21      22
      20         22      23
      21         23      24
      22         24      25
      23         25      26
      24         26      27
      25         28      29
      26         29      30
      27         30      31
      28         31      32
      29         32      33
      30         33      34
      31         34      35
      32         35      36
 NOVAS COORDENADAS DOS NOS DUPLOS
      .0025      .0000
      .1250      .0000
      .2500      .0000
      .3750      .0000
      .5000      .0000
      .6250      .0000
      .7500      .0000
      .8750      .0000
      .9975      .0000
     1.0000      .0025
     1.0000      .1250
     1.0000      .2500
     1.0000      .3750
     1.0000      .5000
     1.0000      .6250
     1.0000      .7500
     1.0000      .8750
     1.0000      .9975
      .9975     1.0000
      .8750     1.0000
      .7500     1.0000
      .6250     1.0000
      .5000     1.0000
      .3750     1.0000
      .2500     1.0000
      .1250     1.0000
      .0025     1.0000
      .0000      .9975
      .0000      .8750
      .0000      .7500
      .0000      .6250
      .0000      .5000
      .0000      .3750
      .0000      .2500
      .0000      .1250
      .0000      .0025
   
 VALORES DE DFI  ************************************
      1   .0000
      2   .0000
      3   .0000
      4   .0000
      5   .0000
      6   .0000
      7   .0000
      8   .0000
      9   .0000
     10   .0000
     11   .0000
     12   .0000
     13   .0000
     14   .0000
     15   .0000
     16   .0000
     17   .0000
     18   .0000
     19   .0000
     20   .0000
     21   .0000
     22   .0000
     23   .0000
     24   .0000
     25   .0000
     26   .0000
     27   .0000
     28   .0000
     29   .0000
     30   .0000
     31   .0000
     32   .0000
     33   .0000
     34   .0000
     35   .0000
     36   .0000
     37   .0000
     38   .0000
     39   .0000
     40   .0000
     41   .0000
     42   .0000
     43   .0000
     44   .0000
     45   .0000
     46   .0000
     47   .0000
     48   .0000
     49   .0000
     50   .0000
     51   .0000
     52   .0000
     53   .0000
     54   .0000
     55   .0000
     56   .0000
     57   .0000
     58   .0000
     59   .0000
     60   .0000
     61   .0000
     62   .0000
     63   .0000
     64   .0000
     65   .0000
     66   .0000
     67   .0000
     68   .0000
     69   .0000
     70   .0000
     71   .0000
     72   .0000
     73   .0000
     74   .0000
     75   .0000
     76   .0000
     77   .0000
     78   .0000
     79   .0000
     80   .0000
     81   .0000
     82   .0000
     83   .0000
     84   .0000
     85   .0000
 VALORES DE AUTOV DE ENTRADA ************************
   
 VALORES DE WR_POS ORIGINAIS ************************
      1  15.47009
      2   2.50747
      3   2.50747
      4   1.83371
      5   1.83371
      6    .98837
      7    .98837
      8    .00000
      9    .00000
     10    .00000
     11    .00000
     12    .00000
     13    .00000
     14    .00000
     15    .00000
     16    .00000
     17    .00000
     18    .00000
     19    .00000
     20    .00000
     21    .00000
     22    .00000
     23    .00000
     24    .00000
     25    .00000
     26    .00000
     27    .00000
     28    .00000
     29    .00000
     30    .00000
     31    .00000
     32    .00000
     33    .00000
     34    .00000
     35    .00000
     36    .00000
     37    .00000
     38    .00000
     39    .00000
     40    .00000
     41    .00000
     42    .00000
     43    .00000
     44    .00000
     45    .00000
     46    .00000
     47    .00000
     48    .00000
     49    .00000
     50    .00000
     51    .00000
     52    .00000
     53    .00000
     54    .00000
     55    .00000
     56    .00000
     57    .00000
     58    .00000
     59    .00000
     60    .00000
     61    .00000
     62    .00000
     63    .00000
     64    .00000
     65    .00000
     66    .00000
     67    .00000
     68    .00000
     69    .00000
     70    .00000
     71    .00000
     72    .00000
     73    .00000
     74    .00000
     75    .00000
     76    .00000
     77    .00000
     78    .00000
     79    .00000
     80    .00000
     81    .00000
     82    .00000
     83    .00000
     84    .00000
     85    .00000
     86    .00000
     87    .00000
     88    .00000
     89    .00000
     90    .00000
     91    .00000
     92    .00000
     93    .00000
     94    .00000
     95    .00000
     96    .00000
     97    .00000
     98    .00000
     99    .00000
    100    .00000
    101    .00000
    102    .00000
    103    .00000
    104    .00000
    105    .00000
    106    .00000
    107    .00000
    108    .00000
    109    .00000
    110    .00000
    111    .00000
    112    .00000
    113    .00000
    114    .00000
    115    .00000
    116    .00000
    117    .00000
    118    .00000
    119    .00000
    120    .00000
    121    .00000
    122    .00000
    123    .00000
    124    .00000
    125    .00000
    126    .00000
    127    .00000
    128    .00000
    129    .00000
    130    .00000
    131    .00000
    132    .00000
    133    .00000
    134    .00000
    135    .00000
    136    .00000
    137    .00000
    138    .00000
    139    .00000
    140    .00000
    141    .00000
    142    .00000
    143    .00000
    144    .00000
    145    .00000
    146    .00000
    147    .00000
    148    .00000
    149    .00000
    150    .00000
    151    .00000
    152    .00000
    153    .00000
    154    .00000
    155    .00000
    156    .00000
    157    .00000
    158    .00000
    159    .00000
    160    .00000
    161    .00000
    162    .00000
    163    .00000
    164    .00000
    165    .00000
    166    .00000
    167    .00000
    168    .00000
    169    .00000
    170    .00000
    171    .00000
    172    .00000
    173    .00000
    174    .00000
    175    .00000
    176    .00000
    177    .00000
    178    .00000
    179    .00000
    180    .00000
    181    .00000
    182    .00000
    183    .00000
    184    .00000
    185    .00000
    186    .00000
    187    .00000
    188    .00000
    189    .00000
    190    .00000
    191    .00000
    192    .00000
    193    .00000
    194    .00000
    195    .00000
    196    .00000
   
 VALORES DE WRA  ************************************
 WRA ORIGINAL POSSUIA         196 NUM., REDUZIDO PARA          97 NUM.
      1    .25425
      2   1.98323
      3    .71009
      4   1.18671
      5    .91797
      6   1.04372
      7    .97883
      8   1.01076
      9    .99466
     10   1.00268
     11    .99866
     12   1.00067
     13    .99967
     14   1.00017
     15    .99992
     16   1.00004
     17    .99998
     18   1.00001
     19    .99999
     20   1.00000
     21   1.00000
     22   1.00000
     23   1.00000
     24   1.00000
     25   1.00000
     26   1.00000
     27   1.00000
     28   1.00000
     29   1.00000
     30   1.00000
     31   1.00000
     32   1.00000
     33   1.00000
     34   1.00000
     35   1.00000
     36   1.00000
     37   1.00000
     38   1.00000
     39   1.00000
     40   1.00000
     41   1.00000
     42   1.00000
     43   1.00000
     44   1.00000
     45   1.00000
     46   1.00000
     47   1.00000
     48   1.00000
     49   1.00000
     50   1.00000
     51   1.00000
     52   1.00000
     53   1.00000
     54   1.00000
     55   1.00000
     56   1.00000
     57   1.00000
     58   1.00000
     59   1.00000
     60   1.00000
     61   1.00000
     62   1.00000
     63   1.00000
     64   1.00000
     65   1.00000
     66   1.00000
     67   1.00000
     68   1.00000
     69   1.00000
     70   1.00000
     71   1.00000
     72   1.00000
     73   1.00000
     74   1.00000
     75   1.00000
     76   1.00000
     77   1.00000
     78   1.00000
     79   1.00000
     80   1.00000
     81   1.00000
     82   1.00000
     83   1.00000
     84   1.00000
     85   1.00000
     86   1.00000
     87   1.00000
     88   1.00000
     89   1.00000
     90   1.00000
     91   1.00000
     92   1.00000
     93   1.00000
     94   1.00000
     95   1.00000
     96   1.00000
     97   1.00000



           - AUTOVALORES - 
          REAL     IMAGINARIO
           1       15.470085110298390   0.000000000000000E+000
           2        2.507466173019825  -9.006277524702979E-001
           3        2.507466173019825   9.006277524702979E-001
           4        1.833705364188282       -1.966510494227120
           5        1.833705364188282        1.966510494227120
           6   9.883734656532262E-001       -2.390305381578052
           7   9.883734656532262E-001        2.390305381578052
           8  -1.684629576480684E-002       -2.660565275206746
           9  -1.684629576480684E-002        2.660565275206746
          10        2.184851379707261  -2.142218921441630E-001
          11        2.184851379707261   2.142218921441630E-001
          12        2.105686390785362   0.000000000000000E+000
          13        1.809271350684589       -1.066375179764433
          14        1.809271350684589        1.066375179764433
          15        1.523545071468471       -1.325759629092322
          16        1.523545071468471        1.325759629092322
          17        1.810422737027486   0.000000000000000E+000
          18        1.209570502710709       -1.451036161168830
          19        1.209570502710709        1.451036161168830
          20  -7.616103878567531E-001       -2.161878017604703
          21  -7.616103878567531E-001        2.161878017604703
          22        1.247640383452483  -9.800560246117123E-001
          23        1.247640383452483   9.800560246117123E-001
          24       -2.491683461759055   0.000000000000000E+000
          25       -1.542801121659044       -1.112965822174000
          26       -1.542801121659044        1.112965822174000
          27       -1.791315212516911  -2.534843158221187E-001
          28       -1.791315212516911   2.534843158221187E-001
          29  -9.282265029191438E-001       -1.399663019222232
          30  -9.282265029191438E-001        1.399663019222232
          31   5.580274771366593E-001       -1.293413687030857
          32   5.580274771366593E-001        1.293413687030857
          33   2.915299833236492E-001       -1.397869744499399
          34   2.915299833236492E-001        1.397869744499399
          35        1.193180650179810  -2.635124990818570E-001
          36        1.193180650179810   2.635124990818570E-001
          37   8.266292695781047E-002       -1.354403195339849
          38   8.266292695781047E-002        1.354403195339849
          39  -3.446645706075738E-001       -1.364114528168822
          40  -3.446645706075738E-001        1.364114528168822
          41        1.130264788445686  -2.777737285212117E-001
          42        1.130264788445686   2.777737285212117E-001
          43   9.203364367743089E-002       -1.282448436568396
          44   9.203364367743089E-002        1.282448436568396
          45        1.076103826286242  -6.750914783427020E-002
          46        1.076103826286242   6.750914783427020E-002
          47   9.063363318168567E-001  -6.623499321310328E-001
          48   9.063363318168567E-001   6.623499321310328E-001
          49   9.754152112572921E-001  -4.892885780634490E-001
          50   9.754152112572921E-001   4.892885780634490E-001
          51  -5.764356863548703E-001       -1.211305041736554
          52  -5.764356863548703E-001        1.211305041736554
          53   7.479412142792064E-001  -7.851584269283443E-001
          54   7.479412142792064E-001   7.851584269283443E-001
          55   5.567253576963379E-001  -9.456912326433237E-001
          56   5.567253576963379E-001   9.456912326433237E-001
          57   4.518022049102533E-001  -9.929899705578130E-001
          58   4.518022049102533E-001   9.929899705578130E-001
          59   7.089949881991157E-001  -7.380159281465879E-001
          60   7.089949881991157E-001   7.380159281465879E-001
          61   8.900548282418517E-001  -3.100118948788699E-001
          62   8.900548282418517E-001   3.100118948788699E-001
          63   7.726815918121892E-001  -5.887676672262516E-001
          64   7.726815918121892E-001   5.887676672262516E-001
          65   8.187502631638185E-001  -4.154531361550507E-001
          66   8.187502631638185E-001   4.154531361550507E-001
          67   5.960769386406283E-001  -7.473796553244146E-001
          68   5.960769386406283E-001   7.473796553244146E-001
          69   6.738206981885991E-002       -1.120490698062056
          70   6.738206981885991E-002        1.120490698062056
          71   3.237695067114898E-001  -9.765219675585855E-001
          72   3.237695067114898E-001   9.765219675585855E-001
          73   1.238520410168710E-001       -1.066665266378450
          74   1.238520410168710E-001        1.066665266378450
          75   7.997079405525261E-001  -1.210172893387074E-001
          76   7.997079405525261E-001   1.210172893387074E-001
          77   4.423223221804529E-001  -7.562388915573332E-001
          78   4.423223221804529E-001   7.562388915573332E-001
          79   6.951825875961508E-001  -1.696016151891820E-001
          80   6.951825875961508E-001   1.696016151891820E-001
          81   4.690747932437495E-001  -6.592887403431047E-001
          82   4.690747932437495E-001   6.592887403431047E-001
          83   5.753574065584090E-001  -4.645925703715554E-001
          84   5.753574065584090E-001   4.645925703715554E-001
          85  -2.378517193926951E-001       -1.049719423505087
          86  -2.378517193926951E-001        1.049719423505087
          87  -8.946428098777688E-001  -9.153305279431721E-001
          88  -8.946428098777688E-001   9.153305279431721E-001
          89       -1.314226014333933  -3.016186796441192E-001
          90       -1.314226014333933   3.016186796441192E-001
          91   1.180701994618761E-001  -8.829690806032634E-001
          92   1.180701994618761E-001   8.829690806032634E-001
          93   5.740002615383339E-001   0.000000000000000E+000
          94   1.396200184645192E-001  -8.038464693340400E-001
          95   1.396200184645192E-001   8.038464693340400E-001
          96   3.672128020002602E-001  -5.769810444321962E-001
          97   3.672128020002602E-001   5.769810444321962E-001
          98  -4.263085075250872E-002  -8.470823537005437E-001
          99  -4.263085075250872E-002   8.470823537005437E-001
         100   4.475602686445834E-001  -1.309650821937523E-001
         101   4.475602686445834E-001   1.309650821937523E-001
         102   4.006691174057379E-001  -3.257842782683040E-001
         103   4.006691174057379E-001   3.257842782683040E-001
         104   4.162332966870764E-001   0.000000000000000E+000
         105   3.916936073712878E-001  -1.191469478300695E-001
         106   3.916936073712878E-001   1.191469478300695E-001
         107   3.489689922690193E-001  -2.383991316554561E-001
         108   3.489689922690193E-001   2.383991316554561E-001
         109   3.048342035212106E-001  -3.299048990957359E-001
         110   3.048342035212106E-001   3.299048990957359E-001
         111   2.895916743301940E-001  -3.833862262763956E-001
         112   2.895916743301940E-001   3.833862262763956E-001
         113   2.169767959740938E-001  -5.467329337563360E-001
         114   2.169767959740938E-001   5.467329337563360E-001
         115  -3.832264434982321E-001  -9.239429495494365E-001
         116  -3.832264434982321E-001   9.239429495494365E-001
         117  -4.934291348951401E-001  -9.320931166930475E-001
         118  -4.934291348951401E-001   9.320931166930475E-001
         119  -6.549400233954844E-001  -8.940146908441589E-001
         120  -6.549400233954844E-001   8.940146908441589E-001
         121       -1.097223762380939  -6.233833412521430E-001
         122       -1.097223762380939   6.233833412521430E-001
         123  -5.144422217641767E-002  -7.257144067833131E-001
         124  -5.144422217641767E-002   7.257144067833131E-001
         125   1.307105932678686E-001  -5.150321170233501E-001
         126   1.307105932678686E-001   5.150321170233501E-001
         127   1.239423934244903E-001  -4.624710909379995E-001
         128   1.239423934244903E-001   4.624710909379995E-001
         129       -1.239912329855991  -1.145653147169811E-001
         130       -1.239912329855991   1.145653147169811E-001
         131   2.913956197649938E-002  -5.546579250400023E-001
         132   2.913956197649938E-002   5.546579250400023E-001
         133  -2.109720031069283E-001  -7.587737593824148E-001
         134  -2.109720031069283E-001   7.587737593824148E-001
         135  -9.036563681753129E-002  -5.732474841066387E-001
         136  -9.036563681753129E-002   5.732474841066387E-001
         137  -8.436956763471798E-002  -5.593171636256000E-001
         138  -8.436956763471798E-002   5.593171636256000E-001
         139       -1.112824631183686  -4.160754877351857E-001
         140       -1.112824631183686   4.160754877351857E-001
         141  -6.776825098288868E-001  -7.718777043494961E-001
         142  -6.776825098288868E-001   7.718777043494961E-001
         143  -9.834025853233603E-001  -5.708028275454613E-001
         144  -9.834025853233603E-001   5.708028275454613E-001
         145  -7.328810888959603E-001  -7.321690589599652E-001
         146  -7.328810888959603E-001   7.321690589599652E-001
         147  -2.908022434756092E-001  -7.071441388045094E-001
         148  -2.908022434756092E-001   7.071441388045094E-001
         149  -2.849940482341560E-001  -6.622255596361513E-001
         150  -2.849940482341560E-001   6.622255596361513E-001
         151  -2.866754909748184E-001  -6.288672443892903E-001
         152  -2.866754909748184E-001   6.288672443892903E-001
         153  -4.063897810339907E-001  -6.887710705479830E-001
         154  -4.063897810339907E-001   6.887710705479830E-001
         155  -9.610547904367401E-001  -5.438418686714396E-001
         156  -9.610547904367401E-001   5.438418686714396E-001
         157  -9.750306260615183E-001  -4.936004585186138E-001
         158  -9.750306260615183E-001   4.936004585186138E-001
         159  -5.263095644278858E-001  -6.916874375816914E-001
         160  -5.263095644278858E-001   6.916874375816914E-001
         161  -6.495039227241108E-001  -6.724093753678112E-001
         162  -6.495039227241108E-001   6.724093753678112E-001
         163       -1.036257059742207  -3.187196243563658E-001
         164       -1.036257059742207   3.187196243563658E-001
         165  -8.516398313291865E-001  -5.433570439926386E-001
         166  -8.516398313291865E-001   5.433570439926386E-001
         167       -1.051215189883066  -3.468695995298849E-002
         168       -1.051215189883066   3.468695995298849E-002
         169  -6.941927499262455E-001  -5.909020825159855E-001
         170  -6.941927499262455E-001   5.909020825159855E-001
         171  -5.087203152431616E-001  -5.995289469486084E-001
         172  -5.087203152431616E-001   5.995289469486084E-001
         173  -8.557310274083971E-001  -4.460215628086720E-001
         174  -8.557310274083971E-001   4.460215628086720E-001
         175  -9.334635948814385E-001  -2.854785640302902E-001
         176  -9.334635948814385E-001   2.854785640302902E-001
         177  -8.346260390192839E-001  -3.223731936960684E-001
         178  -8.346260390192839E-001   3.223731936960684E-001
         179  -8.906968757090280E-001   0.000000000000000E+000
         180  -8.056189104193772E-001  -1.413894496461053E-001
         181  -8.056189104193772E-001   1.413894496461053E-001
         182  -8.006877873557179E-001  -1.127954564350791E-001
         183  -8.006877873557179E-001   1.127954564350791E-001
         184  -7.260926486580522E-001  -1.007954525908435E-001
         185  -7.260926486580522E-001   1.007954525908435E-001
         186  -7.114374099469043E-001  -2.889587477116626E-001
         187  -7.114374099469043E-001   2.889587477116626E-001
         188  -6.470380377073272E-001  -3.549313442426777E-001
         189  -6.470380377073272E-001   3.549313442426777E-001
         190  -5.828472494692313E-001  -4.213809294842104E-001
         191  -5.828472494692313E-001   4.213809294842104E-001
         192  -4.071076518145118E-001  -4.050218249469266E-001
         193  -4.071076518145118E-001   4.050218249469266E-001
         194  -3.880147077910131E-001  -3.966883504196337E-001
         195  -3.880147077910131E-001   3.966883504196337E-001
         196  -4.846009416632260E-001   0.000000000000000E+000



           - AUTOVALORES DIFERENTES E REAIS e positivos - 
          REAL
           1   4.162332966870764E-001
           2   5.740002615383339E-001
           3        1.810422737027486
           4        2.105686390785362
           5       15.470085110298390
