 ************************************************************************************************************************
                         Exem


DATA

  NUMERO DE ELEMENTOS DE CONTORNO= 32

  NUMERO DE NÓS FUNCIONAIS= 36

  NUMERO DE PONTOS INTERNOS ONDE A FUNC. É CALCULADA= 49




  COORDENADAS DOS PONTOS FONTE DOS ELEMENTOS DE CONTORNO

    PONTO          X                  Y
        1       .0000000E+00       .0000000E+00
        2       .1250000E+00       .0000000E+00
        3       .2500000E+00       .0000000E+00
        4       .3750000E+00       .0000000E+00
        5       .5000000E+00       .0000000E+00
        6       .6250000E+00       .0000000E+00
        7       .7500000E+00       .0000000E+00
        8       .8750000E+00       .0000000E+00
        9       .1000000E+01       .0000000E+00
       10       .1000000E+01       .0000000E+00
       11       .1000000E+01       .1250000E+00
       12       .1000000E+01       .2500000E+00
       13       .1000000E+01       .3750000E+00
       14       .1000000E+01       .5000000E+00
       15       .1000000E+01       .6250000E+00
       16       .1000000E+01       .7500000E+00
       17       .1000000E+01       .8750000E+00
       18       .1000000E+01       .1000000E+01
       19       .1000000E+01       .1000000E+01
       20       .8750000E+00       .1000000E+01
       21       .7500000E+00       .1000000E+01
       22       .6250000E+00       .1000000E+01
       23       .5000000E+00       .1000000E+01
       24       .3750000E+00       .1000000E+01
       25       .2500000E+00       .1000000E+01
       26       .1250000E+00       .1000000E+01
       27       .0000000E+00       .1000000E+01
       28       .0000000E+00       .1000000E+01
       29       .0000000E+00       .8750000E+00
       30       .0000000E+00       .7500000E+00
       31       .0000000E+00       .6250000E+00
       32       .0000000E+00       .5000000E+00
       33       .0000000E+00       .3750000E+00
       34       .0000000E+00       .2500000E+00
       35       .0000000E+00       .1250000E+00
       36       .0000000E+00       .0000000E+00
       37       .7143000E-01       .7143000E-01
       38       .2142900E+00       .7143000E-01
       39       .3571400E+00       .7143000E-01
       40       .5000000E+00       .7143000E-01
       41       .6428600E+00       .7143000E-01
       42       .7857100E+00       .7143000E-01
       43       .9285700E+00       .7143000E-01
       44       .7143000E-01       .2142900E+00
       45       .2142900E+00       .2142900E+00
       46       .3571400E+00       .2142900E+00
       47       .5000000E+00       .2142900E+00
       48       .6428600E+00       .2142900E+00
       49       .7857100E+00       .2142900E+00
       50       .9285700E+00       .2142900E+00
       51       .7143000E-01       .3571400E+00
       52       .2142900E+00       .3571400E+00
       53       .3571400E+00       .3571400E+00
       54       .5000000E+00       .3571400E+00
       55       .6428600E+00       .3571400E+00
       56       .7857100E+00       .3571400E+00
       57       .9285700E+00       .3571400E+00
       58       .7143000E-01       .5000000E+00
       59       .2142900E+00       .5000000E+00
       60       .3571400E+00       .5000000E+00
       61       .5000000E+00       .5000000E+00
       62       .6428600E+00       .5000000E+00
       63       .7857100E+00       .5000000E+00
       64       .9285700E+00       .5000000E+00
       65       .7143000E-01       .6428600E+00
       66       .2142900E+00       .6428600E+00
       67       .3571400E+00       .6428600E+00
       68       .5000000E+00       .6428600E+00
       69       .6428600E+00       .6428600E+00
       70       .7857100E+00       .6428600E+00
       71       .9285700E+00       .6428600E+00
       72       .7143000E-01       .7857100E+00
       73       .2142900E+00       .7857100E+00
       74       .3571400E+00       .7857100E+00
       75       .5000000E+00       .7857100E+00
       76       .6428600E+00       .7857100E+00
       77       .7857100E+00       .7857100E+00
       78       .9285700E+00       .7857100E+00
       79       .7143000E-01       .9285700E+00
       80       .2142900E+00       .9285700E+00
       81       .3571400E+00       .9285700E+00
       82       .5000000E+00       .9285700E+00
       83       .6428600E+00       .9285700E+00
       84       .7857100E+00       .9285700E+00
       85       .9285700E+00       .9285700E+00


  CONDICOES DE CONTORNO

       INDICE   NÓ        NÓ          VALOR PRESCRITO
       1        1         36          .0000000E+00
       2        1          0          .0000000E+00
       3        1          0          .0000000E+00
       4        1          0          .0000000E+00
       5        1          0          .0000000E+00
       6        1          0          .0000000E+00
       7        1          0          .0000000E+00
       8        1          0          .0000000E+00
       9        1         10          .0000000E+00
      10        1          9          .0000000E+00
      11        1          0          .0000000E+00
      12        1          0          .0000000E+00
      13        1          0          .0000000E+00
      14        1          0          .0000000E+00
      15        1          0          .0000000E+00
      16        1          0          .0000000E+00
      17        1          0          .0000000E+00
      18        1         19          .0000000E+00
      19        1         18          .0000000E+00
      20        1          0          .0000000E+00
      21        1          0          .0000000E+00
      22        1          0          .0000000E+00
      23        1          0          .0000000E+00
      24        1          0          .0000000E+00
      25        1          0          .0000000E+00
      26        1          0          .0000000E+00
      27        1         28          .0000000E+00
      28        0         27          .0000000E+00
      29        0          0          .0000000E+00
      30        0          0          .0000000E+00
      31        0          0          .0000000E+00
      32        0          0          .0000000E+00
      33        0          0          .0000000E+00
      34        0          0          .0000000E+00
      35        0          0          .0000000E+00
      36        0          1          .0000000E+00


  INCIDENCIA DOS NOS GEOMETRICOS

       INDICE     PRIM. NÓ      SEG. NÓ
       1          1       2
       2          2       3
       3          3       4
       4          4       5
       5          5       6
       6          6       7
       7          7       8
       8          8       9
       9         10      11
      10         11      12
      11         12      13
      12         13      14
      13         14      15
      14         15      16
      15         16      17
      16         17      18
      17         19      20
      18         20      21
      19         21      22
      20         22      23
      21         23      24
      22         24      25
      23         25      26
      24         26      27
      25         28      29
      26         29      30
      27         30      31
      28         31      32
      29         32      33
      30         33      34
      31         34      35
      32         35      36
 NOVAS COORDENADAS DOS NOS DUPLOS
      .0025      .0000
      .1250      .0000
      .2500      .0000
      .3750      .0000
      .5000      .0000
      .6250      .0000
      .7500      .0000
      .8750      .0000
      .9975      .0000
     1.0000      .0025
     1.0000      .1250
     1.0000      .2500
     1.0000      .3750
     1.0000      .5000
     1.0000      .6250
     1.0000      .7500
     1.0000      .8750
     1.0000      .9975
      .9975     1.0000
      .8750     1.0000
      .7500     1.0000
      .6250     1.0000
      .5000     1.0000
      .3750     1.0000
      .2500     1.0000
      .1250     1.0000
      .0025     1.0000
      .0000      .9975
      .0000      .8750
      .0000      .7500
      .0000      .6250
      .0000      .5000
      .0000      .3750
      .0000      .2500
      .0000      .1250
      .0000      .0025
   
 VALORES DE DFI  ************************************
      1   .0000
      2   .0000
      3   .0000
      4   .0000
      5   .0000
      6   .0000
      7   .0000
      8   .0000
      9   .0000
     10   .0000
     11   .0000
     12   .0000
     13   .0000
     14   .0000
     15   .0000
     16   .0000
     17   .0000
     18   .0000
     19   .0000
     20   .0000
     21   .0000
     22   .0000
     23   .0000
     24   .0000
     25   .0000
     26   .0000
     27   .0000
     28   .0000
     29   .0000
     30   .0000
     31   .0000
     32   .0000
     33   .0000
     34   .0000
     35   .0000
     36   .0000
     37   .0000
     38   .0000
     39   .0000
     40   .0000
     41   .0000
     42   .0000
     43   .0000
     44   .0000
     45   .0000
     46   .0000
     47   .0000
     48   .0000
     49   .0000
     50   .0000
     51   .0000
     52   .0000
     53   .0000
     54   .0000
     55   .0000
     56   .0000
     57   .0000
     58   .0000
     59   .0000
     60   .0000
     61   .0000
     62   .0000
     63   .0000
     64   .0000
     65   .0000
     66   .0000
     67   .0000
     68   .0000
     69   .0000
     70   .0000
     71   .0000
     72   .0000
     73   .0000
     74   .0000
     75   .0000
     76   .0000
     77   .0000
     78   .0000
     79   .0000
     80   .0000
     81   .0000
     82   .0000
     83   .0000
     84   .0000
     85   .0000
 VALORES DE AUTOV DE ENTRADA ************************
   
 VALORES DE WR_POS ORIGINAIS ************************
      1   4.10806
      2   4.10806
      3   4.26916
      4   4.19745
      5   3.96904
      6   3.96904
      7   3.44660
      8   3.44660
      9   3.53309
     10   3.53309
     11   1.50666
     12   1.50666
     13    .43538
     14    .43538
     15   2.02286
     16   2.02286
     17   2.33290
     18   2.33290
     19   2.63919
     20   2.63919
     21   2.74902
     22   2.74902
     23   3.09810
     24   3.09810
     25    .00000
     26    .00000
     27    .00000
     28    .00000
     29    .00000
     30    .00000
     31    .00000
     32    .00000
     33    .00000
     34    .00000
     35    .00000
     36    .00000
     37    .00000
     38    .00000
     39    .00000
     40    .00000
     41    .00000
     42    .00000
     43    .00000
     44    .00000
     45    .00000
     46    .00000
     47    .00000
     48    .00000
     49    .00000
     50    .00000
     51    .00000
     52    .00000
     53    .00000
     54    .00000
     55    .00000
     56    .00000
     57    .00000
     58    .00000
     59    .00000
     60    .00000
     61    .00000
     62    .00000
     63    .00000
     64    .00000
     65    .00000
     66    .00000
     67    .00000
     68    .00000
     69    .00000
     70    .00000
     71    .00000
     72    .00000
     73    .00000
     74    .00000
     75    .00000
     76    .00000
     77    .00000
     78    .00000
     79    .00000
     80    .00000
     81    .00000
     82    .00000
     83    .00000
     84    .00000
     85    .00000
     86    .00000
     87    .00000
     88    .00000
     89    .00000
     90    .00000
     91    .00000
     92    .00000
     93    .00000
     94    .00000
     95    .00000
     96    .00000
     97    .00000
     98    .00000
     99    .00000
    100    .00000
    101    .00000
    102    .00000
    103    .00000
    104    .00000
    105    .00000
    106    .00000
    107    .00000
    108    .00000
    109    .00000
    110    .00000
    111    .00000
    112    .00000
    113    .00000
    114    .00000
    115    .00000
    116    .00000
    117    .00000
    118    .00000
    119    .00000
    120    .00000
    121    .00000
    122    .00000
    123    .00000
    124    .00000
    125    .00000
    126    .00000
    127    .00000
    128    .00000
    129    .00000
    130    .00000
    131    .00000
    132    .00000
    133    .00000
    134    .00000
    135    .00000
    136    .00000
    137    .00000
    138    .00000
    139    .00000
    140    .00000
    141    .00000
    142    .00000
    143    .00000
    144    .00000
    145    .00000
    146    .00000
    147    .00000
    148    .00000
    149    .00000
    150    .00000
    151    .00000
    152    .00000
    153    .00000
    154    .00000
    155    .00000
    156    .00000
    157    .00000
    158    .00000
    159    .00000
    160    .00000
    161    .00000
    162    .00000
    163    .00000
    164    .00000
    165    .00000
    166    .00000
    167    .00000
    168    .00000
    169    .00000
    170    .00000
    171    .00000
    172    .00000
    173    .00000
    174    .00000
    175    .00000
    176    .00000
    177    .00000
    178    .00000
    179    .00000
    180    .00000
    181    .00000
    182    .00000
    183    .00000
    184    .00000
    185    .00000
    186    .00000
    187    .00000
    188    .00000
    189    .00000
    190    .00000
    191    .00000
    192    .00000
    193    .00000
    194    .00000
    195    .00000
    196    .00000
    197    .00000
    198    .00000
    199    .00000
    200    .00000
    201    .00000
    202    .00000
    203    .00000
    204    .00000
    205    .00000
    206    .00000
    207    .00000
    208    .00000
    209    .00000
    210    .00000
    211    .00000
    212    .00000
    213    .00000
    214    .00000
    215    .00000
    216    .00000
    217    .00000
    218    .00000
    219    .00000
    220    .00000
    221    .00000
    222    .00000
    223    .00000
    224    .00000
    225    .00000
    226    .00000
    227    .00000
    228    .00000
    229    .00000
    230    .00000
    231    .00000
    232    .00000
    233    .00000
    234    .00000
    235    .00000
    236    .00000
    237    .00000
    238    .00000
    239    .00000
    240    .00000
    241    .00000
    242    .00000
    243    .00000
    244    .00000
    245    .00000
    246    .00000
    247    .00000
    248    .00000
    249    .00000
    250    .00000
    251    .00000
    252    .00000
    253    .00000
    254    .00000
    255    .00000
    256    .00000
    257    .00000
    258    .00000
    259    .00000
    260    .00000
    261    .00000
    262    .00000
    263    .00000
    264    .00000
    265    .00000
    266    .00000
    267    .00000
    268    .00000
    269    .00000
    270    .00000
    271    .00000
    272    .00000
    273    .00000
    274    .00000
    275    .00000
    276    .00000
    277    .00000
    278    .00000
    279    .00000
    280    .00000
    281    .00000
    282    .00000
    283    .00000
    284    .00000
    285    .00000
    286    .00000
    287    .00000
    288    .00000
    289    .00000
    290    .00000
    291    .00000
    292    .00000
    293    .00000
    294    .00000
    295    .00000
    296    .00000
    297    .00000
    298    .00000
    299    .00000
    300    .00000
    301    .00000
    302    .00000
    303    .00000
    304    .00000
   
 VALORES DE WRA  ************************************
 WRA ORIGINAL POSSUIA         304 NUM., REDUZIDO PARA         142 NUM.
      1    .49338
      2   1.42367
      3    .83810
      4   1.09233
      5    .95681
      6   1.02232
      7    .98902
      8   1.00553
      9    .99724
     10   1.00138
     11    .99931
     12   1.00035
     13    .99983
     14   1.00009
     15    .99996
     16   1.00002
     17    .99999
     18   1.00001
     19   1.00000
     20   1.00000
     21   1.00000
     22   1.00000
     23   1.00000
     24   1.00000
     25   1.00000
     26   1.00000
     27   1.00000
     28   1.00000
     29   1.00000
     30   1.00000
     31   1.00000
     32   1.00000
     33   1.00000
     34   1.00000
     35   1.00000
     36   1.00000
     37   1.00000
     38   1.00000
     39   1.00000
     40   1.00000
     41   1.00000
     42   1.00000
     43   1.00000
     44   1.00000
     45   1.00000
     46   1.00000
     47   1.00000
     48   1.00000
     49   1.00000
     50   1.00000
     51   1.00000
     52   1.00000
     53   1.00000
     54   1.00000
     55   1.00000
     56   1.00000
     57   1.00000
     58   1.00000
     59   1.00000
     60   1.00000
     61   1.00000
     62   1.00000
     63   1.00000
     64   1.00000
     65   1.00000
     66   1.00000
     67   1.00000
     68   1.00000
     69   1.00000
     70   1.00000
     71   1.00000
     72   1.00000
     73   1.00000
     74   1.00000
     75   1.00000
     76   1.00000
     77   1.00000
     78   1.00000
     79   1.00000
     80   1.00000
     81   1.00000
     82   1.00000
     83   1.00000
     84   1.00000
     85   1.00000
     86   1.00000
     87   1.00000
     88   1.00000
     89   1.00000
     90   1.00000
     91   1.00000
     92   1.00000
     93   1.00000
     94   1.00000
     95   1.00000
     96   1.00000
     97   1.00000
     98   1.00000
     99   1.00000
    100   1.00000
    101   1.00000
    102   1.00000
    103   1.00000
    104   1.00000
    105   1.00000
    106   1.00000
    107   1.00000
    108   1.00000
    109   1.00000
    110   1.00000
    111   1.00000
    112   1.00000
    113   1.00000
    114   1.00000
    115   1.00000
    116   1.00000
    117   1.00000
    118   1.00000
    119   1.00000
    120   1.00000
    121   1.00000
    122   1.00000
    123   1.00000
    124   1.00000
    125   1.00000
    126   1.00000
    127   1.00000
    128   1.00000
    129   1.00000
    130   1.00000
    131   1.00000
    132   1.00000
    133   1.00000
    134   1.00000
    135   1.00000
    136   1.00000
    137   1.00000
    138   1.00000
    139   1.00000
    140   1.00000
    141   1.00000
    142   1.00000



           - AUTOVALORES - 
          REAL     IMAGINARIO
           1        4.108060348696053       -1.563175424063742
           2        4.108060348696053        1.563175424063742
           3        4.269156921567335   0.000000000000000E+000
           4        4.197445760392890   0.000000000000000E+000
           5        3.969038173801794  -9.617980316610441E-001
           6        3.969038173801794   9.617980316610441E-001
           7        3.446602913611202       -2.314409555377466
           8        3.446602913611202        2.314409555377466
           9        3.533093200937671       -1.717341015848869
          10        3.533093200937671        1.717341015848869
          11        1.506658202582502       -3.713063514932976
          12        1.506658202582502        3.713063514932976
          13   4.353797170293965E-001       -3.943761756515045
          14   4.353797170293965E-001        3.943761756515045
          15        2.022862154454459       -3.310429499482463
          16        2.022862154454459        3.310429499482463
          17        2.332898938833715       -3.094743388852534
          18        2.332898938833715        3.094743388852534
          19        2.639185363614859       -2.803244725722687
          20        2.639185363614859        2.803244725722687
          21        2.749024015937300       -2.646373068603166
          22        2.749024015937300        2.646373068603166
          23        3.098098943527534       -2.087047445453663
          24        3.098098943527534        2.087047445453663
          25  -7.034346618902390E-001       -3.768782211584505
          26  -7.034346618902390E-001        3.768782211584505
          27        1.070577286332158       -3.514239500183318
          28        1.070577286332158        3.514239500183318
          29       -1.633071957100683       -3.223947939749793
          30       -1.633071957100683        3.223947939749793
          31       -3.298512013777168  -3.445653614164573E-001
          32       -3.298512013777168   3.445653614164573E-001
          33   2.321625497173719E-001       -3.395293701020429
          34   2.321625497173719E-001        3.395293701020429
          35       -3.010872413562757       -1.288897584826748
          36       -3.010872413562757        1.288897584826748
          37       -2.225199309608177       -2.446051874551342
          38       -2.225199309608177        2.446051874551342
          39       -2.938147297158969       -1.018651756978364
          40       -2.938147297158969        1.018651756978364
          41       -2.440347986683752       -1.911019908361536
          42       -2.440347986683752        1.911019908361536
          43        2.512866911349384       -1.612410590741464
          44        2.512866911349384        1.612410590741464
          45  -4.558260613092527E-001       -3.066429475026667
          46  -4.558260613092527E-001        3.066429475026667
          47       -2.418315337783771       -1.686172460613663
          48       -2.418315337783771        1.686172460613663
          49        2.741369115385735  -5.959978858863831E-001
          50        2.741369115385735   5.959978858863831E-001
          51        1.752287755152060       -2.183509104442782
          52        1.752287755152060        2.183509104442782
          53        1.166716948047287       -2.577137770698821
          54        1.166716948047287        2.577137770698821
          55        1.823979810996841       -1.985146126763629
          56        1.823979810996841        1.985146126763629
          57   2.337347830063019E-001       -2.843201265109667
          58   2.337347830063019E-001        2.843201265109667
          59       -1.884877219884710       -2.140682567258524
          60       -1.884877219884710        2.140682567258524
          61       -1.762792121492570       -2.167089166429200
          62       -1.762792121492570        2.167089166429200
          63        1.020648745993762       -2.475844782358152
          64        1.020648745993762        2.475844782358152
          65        2.256649826149873       -1.295106909349105
          66        2.256649826149873        1.295106909349105
          67        2.546945651402809  -1.163306216545723E-001
          68        2.546945651402809   1.163306216545723E-001
          69       -1.285448286062064       -2.481093417013441
          70       -1.285448286062064        2.481093417013441
          71        2.382083186272252  -6.304883868404634E-001
          72        2.382083186272252   6.304883868404634E-001
          73  -6.623370219545798E-001       -2.680075700684827
          74  -6.623370219545798E-001        2.680075700684827
          75  -7.689409814248759E-001       -2.569259491162032
          76  -7.689409814248759E-001        2.569259491162032
          77   3.390064204073771E-001       -2.542162041690579
          78   3.390064204073771E-001        2.542162041690579
          79  -6.659560332279904E-001       -2.527051899405571
          80  -6.659560332279904E-001        2.527051899405571
          81       -1.177996226667773       -2.331799798276577
          82       -1.177996226667773        2.331799798276577
          83  -6.633356326026529E-002       -2.515110957663572
          84  -6.633356326026529E-002        2.515110957663572
          85       -1.081196767745570       -2.194399905355417
          86       -1.081196767745570        2.194399905355417
          87       -2.097424746491603       -1.038594251716680
          88       -2.097424746491603        1.038594251716680
          89       -1.401851325479252       -1.667590581496335
          90       -1.401851325479252        1.667590581496335
          91        1.575085969598106  -5.894463505854095E-001
          92        1.575085969598106   5.894463505854095E-001
          93        1.343038150444566  -9.877111845722477E-001
          94        1.343038150444566   9.877111845722477E-001
          95        1.583808501618609   0.000000000000000E+000
          96        1.569144119279985  -1.270134624427071E-001
          97        1.569144119279985   1.270134624427071E-001
          98        1.041260356641236       -1.265501126556548
          99        1.041260356641236        1.265501126556548
         100   7.236613485849146E-001       -1.483185272254008
         101   7.236613485849146E-001        1.483185272254008
         102   3.274945218370912E-001       -1.647042574946705
         103   3.274945218370912E-001        1.647042574946705
         104        1.444725275907096  -4.033327181491129E-001
         105        1.444725275907096   4.033327181491129E-001
         106  -1.232822759235033E-001       -1.681513547963822
         107  -1.232822759235033E-001        1.681513547963822
         108        1.064583656861657  -9.835122874689986E-001
         109        1.064583656861657   9.835122874689986E-001
         110   7.930785689046214E-001       -1.201938651606863
         111   7.930785689046214E-001        1.201938651606863
         112   4.476488950448336E-001       -1.371370096735855
         113   4.476488950448336E-001        1.371370096735855
         114   1.209228085135816E-001       -1.462239715913954
         115   1.209228085135816E-001        1.462239715913954
         116       -1.627976292374445  -9.373310339987244E-001
         117       -1.627976292374445   9.373310339987244E-001
         118       -1.862930620872348  -5.439346363220026E-001
         119       -1.862930620872348   5.439346363220026E-001
         120  -5.152064382655840E-001       -1.440966398122886
         121  -5.152064382655840E-001        1.440966398122886
         122  -9.439998361840510E-001       -1.332516216480607
         123  -9.439998361840510E-001        1.332516216480607
         124       -1.151157753065293       -1.223694031309673
         125       -1.151157753065293        1.223694031309673
         126       -1.777417251693704  -2.703377513799917E-001
         127       -1.777417251693704   2.703377513799917E-001
         128       -1.716976810549475  -4.833386407492364E-001
         129       -1.716976810549475   4.833386407492364E-001
         130  -8.195621666555730E-001       -1.316580132011655
         131  -8.195621666555730E-001        1.316580132011655
         132       -1.624979597092899  -5.668722089491238E-001
         133       -1.624979597092899   5.668722089491238E-001
         134       -1.079678572101308       -1.147478529725778
         135       -1.079678572101308        1.147478529725778
         136       -1.644251106419960  -3.533650589204302E-001
         137       -1.644251106419960   3.533650589204302E-001
         138       -1.598253505516149  -1.618545487267964E-001
         139       -1.598253505516149   1.618545487267964E-001
         140       -1.199636769306867  -9.192062185600179E-001
         141       -1.199636769306867   9.192062185600179E-001
         142       -1.504394398500731  -5.425973849297987E-002
         143       -1.504394398500731   5.425973849297987E-002
         144       -1.500586400661470  -2.068476095572444E-001
         145       -1.500586400661470   2.068476095572444E-001
         146       -1.455066543252367  -3.383926891683328E-001
         147       -1.455066543252367   3.383926891683328E-001
         148       -1.420736099480367  -3.718209271416161E-001
         149       -1.420736099480367   3.718209271416161E-001
         150       -1.326999062802885  -6.553985539967111E-001
         151       -1.326999062802885   6.553985539967111E-001
         152       -1.348966538574460  -5.619950283255969E-001
         153       -1.348966538574460   5.619950283255969E-001
         154       -1.271550045669728  -6.973439283338880E-001
         155       -1.271550045669728   6.973439283338880E-001
         156       -1.141387257422845  -8.616893209603198E-001
         157       -1.141387257422845   8.616893209603198E-001
         158  -9.780447993544237E-001       -1.047106057445791
         159  -9.780447993544237E-001        1.047106057445791
         160  -8.538000087410613E-001       -1.100466401068244
         161  -8.538000087410613E-001        1.100466401068244
         162  -7.762217212536415E-001  -9.734071479902194E-001
         163  -7.762217212536415E-001   9.734071479902194E-001
         164   4.623728845756174E-001       -1.031718611641770
         165   4.623728845756174E-001        1.031718611641770
         166  -7.365895930785520E-001  -8.037864855954732E-001
         167  -7.365895930785520E-001   8.037864855954732E-001
         168   9.561935691547636E-001   0.000000000000000E+000
         169   9.278969186284192E-001  -2.147221746809815E-001
         170   9.278969186284192E-001   2.147221746809815E-001
         171   8.483966044898161E-001  -4.094785352540150E-001
         172   8.483966044898161E-001   4.094785352540150E-001
         173   7.329772368838747E-001  -5.726908430000312E-001
         174   7.329772368838747E-001   5.726908430000312E-001
         175   5.965233929726117E-001  -7.107764737856466E-001
         176   5.965233929726117E-001   7.107764737856466E-001
         177   4.344697617050396E-001  -8.404618009628310E-001
         178   4.344697617050396E-001   8.404618009628310E-001
         179   2.053708713377169E-001  -9.292120317286773E-001
         180   2.053708713377169E-001   9.292120317286773E-001
         181  -3.194012057906936E-002  -9.401818067617496E-001
         182  -3.194012057906936E-002   9.401818067617496E-001
         183  -2.211900791388642E-001  -8.976432935480575E-001
         184  -2.211900791388642E-001   8.976432935480575E-001
         185   5.821351533697206E-001  -5.891887364306085E-001
         186   5.821351533697206E-001   5.891887364306085E-001
         187   7.019392829933009E-001  -4.114045903377002E-001
         188   7.019392829933009E-001   4.114045903377002E-001
         189   4.040744958859561E-001  -7.314309008459746E-001
         190   4.040744958859561E-001   7.314309008459746E-001
         191   7.644771263475007E-001  -2.162217399416058E-001
         192   7.644771263475007E-001   2.162217399416058E-001
         193   1.954980333092932E-001  -8.186726311445773E-001
         194   1.954980333092932E-001   8.186726311445773E-001
         195  -2.256080392519322E-002  -8.566575154136585E-001
         196  -2.256080392519322E-002   8.566575154136585E-001
         197  -3.906506496673428E-001  -8.333692609844109E-001
         198  -3.906506496673428E-001   8.333692609844109E-001
         199  -2.495450445588329E-001  -8.308097859451965E-001
         200  -2.495450445588329E-001   8.308097859451965E-001
         201  -5.476660944093189E-001  -7.199757851330283E-001
         202  -5.476660944093189E-001   7.199757851330283E-001
         203  -4.347615316288479E-001  -7.459292876263207E-001
         204  -4.347615316288479E-001   7.459292876263207E-001
         205  -6.859546844074504E-001  -6.100795523164900E-001
         206  -6.859546844074504E-001   6.100795523164900E-001
         207  -5.811874089990318E-001  -6.338026132640879E-001
         208  -5.811874089990318E-001   6.338026132640879E-001
         209  -7.237756783708584E-001  -5.081220513591022E-001
         210  -7.237756783708584E-001   5.081220513591022E-001
         211  -6.829925741309122E-001  -5.009445758920001E-001
         212  -6.829925741309122E-001   5.009445758920001E-001
         213  -8.721122946854562E-001  -5.406605765973510E-002
         214  -8.721122946854562E-001   5.406605765973510E-002
         215  -7.830578108300229E-001  -3.381412518800820E-001
         216  -7.830578108300229E-001   3.381412518800820E-001
         217  -7.440924663475701E-001  -3.532481010969499E-001
         218  -7.440924663475701E-001   3.532481010969499E-001
         219  -8.072570208328805E-001  -2.026179945397147E-001
         220  -8.072570208328805E-001   2.026179945397147E-001
         221  -8.096865585391427E-001  -1.672961897244339E-001
         222  -8.096865585391427E-001   1.672961897244339E-001
         223  -7.827270875230979E-001  -1.685209074565497E-001
         224  -7.827270875230979E-001   1.685209074565497E-001
         225  -7.149157545000576E-001  -3.153308195046908E-001
         226  -7.149157545000576E-001   3.153308195046908E-001
         227   7.760441995720087E-001   0.000000000000000E+000
         228  -6.187337905882850E-001  -4.399710662146826E-001
         229  -6.187337905882850E-001   4.399710662146826E-001
         230  -4.989529774942198E-001  -5.403859871268245E-001
         231  -4.989529774942198E-001   5.403859871268245E-001
         232  -3.572246363811494E-001  -6.114518005275070E-001
         233  -3.572246363811494E-001   6.114518005275070E-001
         234  -2.047949897637240E-001  -6.518169274304613E-001
         235  -2.047949897637240E-001   6.518169274304613E-001
         236  -5.370038168679553E-002  -6.585636224527224E-001
         237  -5.370038168679553E-002   6.585636224527224E-001
         238   6.871461175775790E-001   0.000000000000000E+000
         239   6.420121058158341E-001  -1.402469299979448E-001
         240   6.420121058158341E-001   1.402469299979448E-001
         241   5.505934862334978E-001  -2.938037219977988E-001
         242   5.505934862334978E-001   2.938037219977988E-001
         243   2.853154465759369E-001  -5.710156355354399E-001
         244   2.853154465759369E-001   5.710156355354399E-001
         245   9.811483140479987E-002  -6.153266825235001E-001
         246   9.811483140479987E-002   6.153266825235001E-001
         247   4.146858234559968E-001  -4.528530506436396E-001
         248   4.146858234559968E-001   4.528530506436396E-001
         249   1.442283565025971E-001  -5.796767384901187E-001
         250   1.442283565025971E-001   5.796767384901187E-001
         251  -7.248816404315450E-002  -4.363521906787689E-001
         252  -7.248816404315450E-002   4.363521906787689E-001
         253   6.071557111881516E-002  -4.439668175432134E-001
         254   6.071557111881516E-002   4.439668175432134E-001
         255  -1.785159255498890E-001  -3.847764291000687E-001
         256  -1.785159255498890E-001   3.847764291000687E-001
         257  -2.615840206254461E-001  -3.145002168196259E-001
         258  -2.615840206254461E-001   3.145002168196259E-001
         259  -3.191441795584838E-001  -2.289099608473972E-001
         260  -3.191441795584838E-001   2.289099608473972E-001
         261  -3.584376446257500E-001  -4.795175973765322E-002
         262  -3.584376446257500E-001   4.795175973765322E-002
         263  -3.505257547793564E-001  -1.379850715617741E-001
         264  -3.505257547793564E-001   1.379850715617741E-001
         265  -3.141286718259294E-001  -1.100249733049310E-001
         266  -3.141286718259294E-001   1.100249733049310E-001
         267  -2.703905119960811E-001  -1.704875679811657E-001
         268  -2.703905119960811E-001   1.704875679811657E-001
         269   1.679085275027890E-001  -3.993403542744532E-001
         270   1.679085275027890E-001   3.993403542744532E-001
         271  -2.184396813267776E-001  -2.171138970219640E-001
         272  -2.184396813267776E-001   2.171138970219640E-001
         273  -1.616399785089626E-001  -2.503290010040723E-001
         274  -1.616399785089626E-001   2.503290010040723E-001
         275  -1.026430761120788E-001  -2.710867315703766E-001
         276  -1.026430761120788E-001   2.710867315703766E-001
         277   2.423507293480671E-001  -3.382522276072821E-001
         278   2.423507293480671E-001   3.382522276072821E-001
         279  -4.262826086103953E-002  -2.806115136258235E-001
         280  -4.262826086103953E-002   2.806115136258235E-001
         281   1.821709252793843E-002  -2.775805953644389E-001
         282   1.821709252793843E-002   2.775805953644389E-001
         283   2.952598158741228E-001  -2.627617742589895E-001
         284   2.952598158741228E-001   2.627617742589895E-001
         285   7.382211950213519E-002  -2.604046259651509E-001
         286   7.382211950213519E-002   2.604046259651509E-001
         287   1.214403620463518E-001  -2.354832503006851E-001
         288   1.214403620463518E-001   2.354832503006851E-001
         289   3.139751243548744E-001  -1.768830235879360E-001
         290   3.139751243548744E-001   1.768830235879360E-001
         291   1.634272192478969E-001  -2.047515489354048E-001
         292   1.634272192478969E-001   2.047515489354048E-001
         293   2.003375141381366E-001  -1.676796538556233E-001
         294   2.003375141381366E-001   1.676796538556233E-001
         295   3.198004449005382E-001  -1.029653781207250E-001
         296   3.198004449005382E-001   1.029653781207250E-001
         297   3.153879439018799E-001  -3.521860343828635E-002
         298   3.153879439018799E-001   3.521860343828635E-002
         299   2.573592246686230E-001  -7.302248010115227E-002
         300   2.573592246686230E-001   7.302248010115227E-002
         301   2.791477666484891E-001  -2.029565157492212E-002
         302   2.791477666484891E-001   2.029565157492212E-002
         303   1.711259195269982E-001  -4.281829667492841E-002
         304   1.711259195269982E-001   4.281829667492841E-002



           - AUTOVALORES DIFERENTES E REAIS e positivos - 
          REAL
           1   6.871461175775790E-001
           2   7.760441995720087E-001
           3   9.561935691547636E-001
           4        1.583808501618609
           5        4.197445760392890
           6        4.269156921567335
**** singularity in row   67
