 ************************************************************************************************************************
                         Exem


data

  number of boundary elements= 32

  number of functional nodes= 36

  number of internal source points where the funct. is calculated= 49




  coordinates of the source points of the boundary el ements

    point          x                  y
        1       .0000000E+00       .0000000E+00
        2       .1250000E+00       .0000000E+00
        3       .2500000E+00       .0000000E+00
        4       .3750000E+00       .0000000E+00
        5       .5000000E+00       .0000000E+00
        6       .6250000E+00       .0000000E+00
        7       .7500000E+00       .0000000E+00
        8       .8750000E+00       .0000000E+00
        9       .1000000E+01       .0000000E+00
       10       .1000000E+01       .0000000E+00
       11       .1000000E+01       .1250000E+00
       12       .1000000E+01       .2500000E+00
       13       .1000000E+01       .3750000E+00
       14       .1000000E+01       .5000000E+00
       15       .1000000E+01       .6250000E+00
       16       .1000000E+01       .7500000E+00
       17       .1000000E+01       .8750000E+00
       18       .1000000E+01       .1000000E+01
       19       .1000000E+01       .1000000E+01
       20       .8750000E+00       .1000000E+01
       21       .7500000E+00       .1000000E+01
       22       .6250000E+00       .1000000E+01
       23       .5000000E+00       .1000000E+01
       24       .3750000E+00       .1000000E+01
       25       .2500000E+00       .1000000E+01
       26       .1250000E+00       .1000000E+01
       27       .0000000E+00       .1000000E+01
       28       .0000000E+00       .1000000E+01
       29       .0000000E+00       .8750000E+00
       30       .0000000E+00       .7500000E+00
       31       .0000000E+00       .6250000E+00
       32       .0000000E+00       .5000000E+00
       33       .0000000E+00       .3750000E+00
       34       .0000000E+00       .2500000E+00
       35       .0000000E+00       .1250000E+00
       36       .0000000E+00       .0000000E+00
       37       .7143000E-01       .7143000E-01
       38       .2142900E+00       .7143000E-01
       39       .3571400E+00       .7143000E-01
       40       .5000000E+00       .7143000E-01
       41       .6428600E+00       .7143000E-01
       42       .7857100E+00       .7143000E-01
       43       .9285700E+00       .7143000E-01
       44       .7143000E-01       .2142900E+00
       45       .2142900E+00       .2142900E+00
       46       .3571400E+00       .2142900E+00
       47       .5000000E+00       .2142900E+00
       48       .6428600E+00       .2142900E+00
       49       .7857100E+00       .2142900E+00
       50       .9285700E+00       .2142900E+00
       51       .7143000E-01       .3571400E+00
       52       .2142900E+00       .3571400E+00
       53       .3571400E+00       .3571400E+00
       54       .5000000E+00       .3571400E+00
       55       .6428600E+00       .3571400E+00
       56       .7857100E+00       .3571400E+00
       57       .9285700E+00       .3571400E+00
       58       .7143000E-01       .5000000E+00
       59       .2142900E+00       .5000000E+00
       60       .3571400E+00       .5000000E+00
       61       .5000000E+00       .5000000E+00
       62       .6428600E+00       .5000000E+00
       63       .7857100E+00       .5000000E+00
       64       .9285700E+00       .5000000E+00
       65       .7143000E-01       .6428600E+00
       66       .2142900E+00       .6428600E+00
       67       .3571400E+00       .6428600E+00
       68       .5000000E+00       .6428600E+00
       69       .6428600E+00       .6428600E+00
       70       .7857100E+00       .6428600E+00
       71       .9285700E+00       .6428600E+00
       72       .7143000E-01       .7857100E+00
       73       .2142900E+00       .7857100E+00
       74       .3571400E+00       .7857100E+00
       75       .5000000E+00       .7857100E+00
       76       .6428600E+00       .7857100E+00
       77       .7857100E+00       .7857100E+00
       78       .9285700E+00       .7857100E+00
       79       .7143000E-01       .9285700E+00
       80       .2142900E+00       .9285700E+00
       81       .3571400E+00       .9285700E+00
       82       .5000000E+00       .9285700E+00
       83       .6428600E+00       .9285700E+00
       84       .7857100E+00       .9285700E+00
       85       .9285700E+00       .9285700E+00


  boundary conditions

     node      code     prescribed value
       1        0         36          .0000000E+00
       2        0          0          .0000000E+00
       3        0          0          .0000000E+00
       4        0          0          .0000000E+00
       5        0          0          .0000000E+00
       6        0          0          .0000000E+00
       7        0          0          .0000000E+00
       8        0          0          .0000000E+00
       9        0         10          .0000000E+00
      10        0          9          .0000000E+00
      11        0          0          .0000000E+00
      12        0          0          .0000000E+00
      13        0          0          .0000000E+00
      14        0          0          .0000000E+00
      15        0          0          .0000000E+00
      16        0          0          .0000000E+00
      17        0          0          .0000000E+00
      18        0         19          .0000000E+00
      19        0         18          .0000000E+00
      20        0          0          .0000000E+00
      21        0          0          .0000000E+00
      22        0          0          .0000000E+00
      23        0          0          .0000000E+00
      24        0          0          .0000000E+00
      25        0          0          .0000000E+00
      26        0          0          .0000000E+00
      27        0         28          .0000000E+00
      28        0         27          .0000000E+00
      29        0          0          .0000000E+00
      30        0          0          .0000000E+00
      31        0          0          .0000000E+00
      32        0          0          .0000000E+00
      33        0          0          .0000000E+00
      34        0          0          .0000000E+00
      35        0          0          .0000000E+00
      36        0          1          .0000000E+00


  incidence of geometric nodes

      first node      second node

       1          1       2
       2          2       3
       3          3       4
       4          4       5
       5          5       6
       6          6       7
       7          7       8
       8          8       9
       9         10      11
      10         11      12
      11         12      13
      12         13      14
      13         14      15
      14         15      16
      15         16      17
      16         17      18
      17         19      20
      18         20      21
      19         21      22
      20         22      23
      21         23      24
      22         24      25
      23         25      26
      24         26      27
      25         28      29
      26         29      30
      27         30      31
      28         31      32
      29         32      33
      30         33      34
      31         34      35
      32         35      36
 NOVAS COORDENADAS DOS NOS DUPLOS
      .0025      .0000
      .1250      .0000
      .2500      .0000
      .3750      .0000
      .5000      .0000
      .6250      .0000
      .7500      .0000
      .8750      .0000
      .9975      .0000
     1.0000      .0025
     1.0000      .1250
     1.0000      .2500
     1.0000      .3750
     1.0000      .5000
     1.0000      .6250
     1.0000      .7500
     1.0000      .8750
     1.0000      .9975
      .9975     1.0000
      .8750     1.0000
      .7500     1.0000
      .6250     1.0000
      .5000     1.0000
      .3750     1.0000
      .2500     1.0000
      .1250     1.0000
      .0025     1.0000
      .0000      .9975
      .0000      .8750
      .0000      .7500
      .0000      .6250
      .0000      .5000
      .0000      .3750
      .0000      .2500
      .0000      .1250
      .0000      .0025
   
 VALORES DE DFI  ************************************
      1   .0000
      2   .0000
      3   .0000
      4   .0000
      5   .0000
      6   .0000
      7   .0000
      8   .0000
      9   .0000
     10   .0000
     11   .0000
     12   .0000
     13   .0000
     14   .0000
     15   .0000
     16   .0000
     17   .0000
     18   .0000
     19   .0000
     20   .0000
     21   .0000
     22   .0000
     23   .0000
     24   .0000
     25   .0000
     26   .0000
     27   .0000
     28   .0000
     29   .0000
     30   .0000
     31   .0000
     32   .0000
     33   .0000
     34   .0000
     35   .0000
     36   .0000
     37   .0000
     38   .0000
     39   .0000
     40   .0000
     41   .0000
     42   .0000
     43   .0000
     44   .0000
     45   .0000
     46   .0000
     47   .0000
     48   .0000
     49   .0000
     50   .0000
     51   .0000
     52   .0000
     53   .0000
     54   .0000
     55   .0000
     56   .0000
     57   .0000
     58   .0000
     59   .0000
     60   .0000
     61   .0000
     62   .0000
     63   .0000
     64   .0000
     65   .0000
     66   .0000
     67   .0000
     68   .0000
     69   .0000
     70   .0000
     71   .0000
     72   .0000
     73   .0000
     74   .0000
     75   .0000
     76   .0000
     77   .0000
     78   .0000
     79   .0000
     80   .0000
     81   .0000
     82   .0000
     83   .0000
     84   .0000
     85   .0000
   
 VALORES DE WR_POS ORIGINAIS ************************
      1   4.03342
      2   1.73695
      3   1.73695
      4   2.86890
      5   2.86890
      6   2.28917
      7   2.28917
      8   2.49925
      9   2.49925
     10   2.27778
     11   2.27778
     12   1.24539
     13   1.24539
     14   1.70787
     15   1.70787
     16    .70587
     17    .70587
     18    .15559
     19    .15559
     20    .70740
     21    .70740
     22    .97385
     23    .97385
     24    .00000
     25    .00000
     26    .00000
     27    .00000
     28    .00000
     29    .00000
     30    .00000
     31    .00000
     32    .00000
     33    .00000
     34    .00000
     35    .00000
     36    .00000
     37    .00000
     38    .00000
     39    .00000
     40    .00000
     41    .00000
     42    .00000
     43    .00000
     44    .00000
     45    .00000
     46    .00000
     47    .00000
     48    .00000
     49    .00000
     50    .00000
     51    .00000
     52    .00000
     53    .00000
     54    .00000
     55    .00000
     56    .00000
     57    .00000
     58    .00000
     59    .00000
     60    .00000
     61    .00000
     62    .00000
     63    .00000
     64    .00000
     65    .00000
     66    .00000
     67    .00000
     68    .00000
     69    .00000
     70    .00000
     71    .00000
     72    .00000
     73    .00000
     74    .00000
     75    .00000
     76    .00000
     77    .00000
     78    .00000
     79    .00000
     80    .00000
     81    .00000
     82    .00000
     83    .00000
     84    .00000
     85    .00000
     86    .00000
     87    .00000
     88    .00000
     89    .00000
     90    .00000
     91    .00000
     92    .00000
     93    .00000
     94    .00000
     95    .00000
     96    .00000
     97    .00000
     98    .00000
     99    .00000
    100    .00000
    101    .00000
    102    .00000
    103    .00000
    104    .00000
    105    .00000
    106    .00000
    107    .00000
    108    .00000
    109    .00000
    110    .00000
    111    .00000
    112    .00000
    113    .00000
    114    .00000
    115    .00000
    116    .00000
    117    .00000
    118    .00000
    119    .00000
    120    .00000
    121    .00000
    122    .00000
    123    .00000
    124    .00000
    125    .00000
    126    .00000
    127    .00000
    128    .00000
    129    .00000
    130    .00000
    131    .00000
    132    .00000
    133    .00000
    134    .00000
    135    .00000
    136    .00000
    137    .00000
    138    .00000
    139    .00000
    140    .00000
    141    .00000
    142    .00000
    143    .00000
    144    .00000
    145    .00000
    146    .00000
    147    .00000
    148    .00000
    149    .00000
    150    .00000
    151    .00000
    152    .00000
    153    .00000
    154    .00000
    155    .00000
    156    .00000
    157    .00000
    158    .00000
    159    .00000
    160    .00000
    161    .00000
    162    .00000
    163    .00000
    164    .00000
    165    .00000
    166    .00000
    167    .00000
    168    .00000
    169    .00000
    170    .00000
    171    .00000
    172    .00000
    173    .00000
    174    .00000
    175    .00000
    176    .00000
    177    .00000
    178    .00000
    179    .00000
    180    .00000
    181    .00000
    182    .00000
    183    .00000
    184    .00000
    185    .00000
    186    .00000
    187    .00000
    188    .00000
    189    .00000
    190    .00000
    191    .00000
    192    .00000
    193    .00000
    194    .00000
    195    .00000
    196    .00000
   
 VALORES DE WRA  ************************************
 WRA ORIGINAL POSSUIA         196 NUM., REDUZIDO PARA          93 NUM.
      1    .49792
      2   1.41716
      3    .84002
      4   1.09107
      5    .95735
      6   1.02203
      7    .98916
      8   1.00546
      9    .99728
     10   1.00136
     11    .99932
     12   1.00034
     13    .99983
     14   1.00009
     15    .99996
     16   1.00002
     17    .99999
     18   1.00001
     19   1.00000
     20   1.00000
     21   1.00000
     22   1.00000
     23   1.00000
     24   1.00000
     25   1.00000
     26   1.00000
     27   1.00000
     28   1.00000
     29   1.00000
     30   1.00000
     31   1.00000
     32   1.00000
     33   1.00000
     34   1.00000
     35   1.00000
     36   1.00000
     37   1.00000
     38   1.00000
     39   1.00000
     40   1.00000
     41   1.00000
     42   1.00000
     43   1.00000
     44   1.00000
     45   1.00000
     46   1.00000
     47   1.00000
     48   1.00000
     49   1.00000
     50   1.00000
     51   1.00000
     52   1.00000
     53   1.00000
     54   1.00000
     55   1.00000
     56   1.00000
     57   1.00000
     58   1.00000
     59   1.00000
     60   1.00000
     61   1.00000
     62   1.00000
     63   1.00000
     64   1.00000
     65   1.00000
     66   1.00000
     67   1.00000
     68   1.00000
     69   1.00000
     70   1.00000
     71   1.00000
     72   1.00000
     73   1.00000
     74   1.00000
     75   1.00000
     76   1.00000
     77   1.00000
     78   1.00000
     79   1.00000
     80   1.00000
     81   1.00000
     82   1.00000
     83   1.00000
     84   1.00000
     85   1.00000
     86   1.00000
     87   1.00000
     88   1.00000
     89   1.00000
     90   1.00000
     91   1.00000
     92   1.00000
     93   1.00000



           - AUTOVALORES - 
          REAL     IMAGINARIO
           1        4.033416793730104   0.000000000000000E+000
           2        1.736950416396937       -3.359831451708534
           3        1.736950416396937        3.359831451708534
           4        2.868902807471213  -2.517779817296310E-001
           5        2.868902807471213   2.517779817296310E-001
           6        2.289167087323397       -1.263113652349754
           7        2.289167087323397        1.263113652349754
           8        2.499248221377841  -5.587799521948089E-001
           9        2.499248221377841   5.587799521948089E-001
          10        2.277778605515681  -8.312357944844417E-001
          11        2.277778605515681   8.312357944844417E-001
          12        1.245387329258201       -2.100711786554899
          13        1.245387329258201        2.100711786554899
          14        1.707874271902831       -1.602601892246005
          15        1.707874271902831        1.602601892246005
          16   7.058727321342775E-001       -2.098130277888476
          17   7.058727321342775E-001        2.098130277888476
          18   1.555855516044603E-001       -2.198843551034175
          19   1.555855516044603E-001        2.198843551034175
          20   7.073999659402114E-001       -1.973490714774710
          21   7.073999659402114E-001        1.973490714774710
          22   9.738519558241869E-001       -1.724175482830838
          23   9.738519558241869E-001        1.724175482830838
          24       -1.460484002106874       -1.539360545489861
          25       -1.460484002106874        1.539360545489861
          26   2.352373560238472E-001       -1.943869293131584
          27   2.352373560238472E-001        1.943869293131584
          28  -3.996252328844785E-002       -1.906230103252085
          29  -3.996252328844785E-002        1.906230103252085
          30       -1.708036749797770       -1.030446660684307
          31       -1.708036749797770        1.030446660684307
          32  -2.073813672887906E-001       -1.880024908797130
          33  -2.073813672887906E-001        1.880024908797130
          34  -4.994962067171258E-001       -1.830333009938353
          35  -4.994962067171258E-001        1.830333009938353
          36        1.668900759361138  -8.241173663826792E-002
          37        1.668900759361138   8.241173663826792E-002
          38   8.073355219722925E-001       -1.397190858877891
          39   8.073355219722925E-001        1.397190858877891
          40        1.391650624599407  -7.522264126096696E-001
          41        1.391650624599407   7.522264126096696E-001
          42  -4.740029894976500E-001       -1.692345298715632
          43  -4.740029894976500E-001        1.692345298715632
          44        1.265507938383310  -8.725002453901684E-001
          45        1.265507938383310   8.725002453901684E-001
          46        1.434631490675120  -4.333923775896196E-001
          47        1.434631490675120   4.333923775896196E-001
          48  -7.292729412212132E-001       -1.566812959064783
          49  -7.292729412212132E-001        1.566812959064783
          50       -1.358909491981895       -1.133322467720871
          51       -1.358909491981895        1.133322467720871
          52   3.367390288171850E-001       -1.508043975548897
          53   3.367390288171850E-001        1.508043975548897
          54  -1.152511077269967E-001       -1.590684634485244
          55  -1.152511077269967E-001        1.590684634485244
          56        1.302578602080383   0.000000000000000E+000
          57       -1.685649944073564  -1.507078214792680E-001
          58       -1.685649944073564   1.507078214792680E-001
          59  -5.308881402344743E-001       -1.432375457990374
          60  -5.308881402344743E-001        1.432375457990374
          61       -1.650511977739539   0.000000000000000E+000
          62        1.025588318745531  -6.863950401128061E-001
          63        1.025588318745531   6.863950401128061E-001
          64   4.063211040242783E-001       -1.224618783698571
          65   4.063211040242783E-001        1.224618783698571
          66  -7.641096685439771E-001       -1.246540546048704
          67  -7.641096685439771E-001        1.246540546048704
          68  -6.683980193181477E-001       -1.280898275420922
          69  -6.683980193181477E-001        1.280898275420922
          70   9.803131771610609E-001  -5.919152947478107E-001
          71   9.803131771610609E-001   5.919152947478107E-001
          72   8.085238341609585E-001  -8.028829201801314E-001
          73   8.085238341609585E-001   8.028829201801314E-001
          74       -1.172274759897700  -9.057020522912116E-001
          75       -1.172274759897700   9.057020522912116E-001
          76   5.104622279803854E-001       -1.040343975770207
          77   5.104622279803854E-001        1.040343975770207
          78   5.979735919176143E-001  -9.252874221497885E-001
          79   5.979735919176143E-001   9.252874221497885E-001
          80       -1.111248791161165  -8.767560195305122E-001
          81       -1.111248791161165   8.767560195305122E-001
          82       -1.447809899740057  -1.362816181096840E-001
          83       -1.447809899740057   1.362816181096840E-001
          84       -1.165876392593285  -7.391462362744216E-001
          85       -1.165876392593285   7.391462362744216E-001
          86       -1.385526112428082   0.000000000000000E+000
          87  -1.904361306068194E-001       -1.186613479501620
          88  -1.904361306068194E-001        1.186613479501620
          89       -1.301215771107882  -3.451633832806494E-001
          90       -1.301215771107882   3.451633832806494E-001
          91       -1.252800007727319   0.000000000000000E+000
          92       -1.238318116681133  -1.221209884533188E-001
          93       -1.238318116681133   1.221209884533188E-001
          94       -1.198853247897906  -3.894164464736443E-001
          95       -1.198853247897906   3.894164464736443E-001
          96       -1.145831146087506  -5.349601317364587E-001
          97       -1.145831146087506   5.349601317364587E-001
          98   1.606378151198968E-001       -1.110007753914593
          99   1.606378151198968E-001        1.110007753914593
         100  -5.142813008880059E-002       -1.126320707997610
         101  -5.142813008880059E-002        1.126320707997610
         102   1.013620170488201E-001       -1.085122850177527
         103   1.013620170488201E-001        1.085122850177527
         104  -5.857862959347857E-001       -1.085781687266971
         105  -5.857862959347857E-001        1.085781687266971
         106  -9.976239516898111E-001  -7.489824213655485E-001
         107  -9.976239516898111E-001   7.489824213655485E-001
         108  -3.089277957992768E-001       -1.085244634563021
         109  -3.089277957992768E-001        1.085244634563021
         110  -7.240895615993011E-001  -9.737643970236811E-001
         111  -7.240895615993011E-001   9.737643970236811E-001
         112  -7.635775315909197E-001  -9.229008735240525E-001
         113  -7.635775315909197E-001   9.229008735240525E-001
         114  -4.599542960192456E-001       -1.037681124527045
         115  -4.599542960192456E-001        1.037681124527045
         116   3.515538867459627E-001  -9.536277366295136E-001
         117   3.515538867459627E-001   9.536277366295136E-001
         118       -1.036505370972176  -5.147991808683469E-001
         119       -1.036505370972176   5.147991808683469E-001
         120  -6.525228695595161E-001  -9.014123882906894E-001
         121  -6.525228695595161E-001   9.014123882906894E-001
         122  -8.446738244183858E-001  -7.173713404617553E-001
         123  -8.446738244183858E-001   7.173713404617553E-001
         124  -9.954624683147667E-001  -1.724426558089862E-001
         125  -9.954624683147667E-001   1.724426558089862E-001
         126  -9.830171486689728E-001  -1.119466123500034E-001
         127  -9.830171486689728E-001   1.119466123500034E-001
         128  -9.076570627403169E-001  -3.997783495474079E-001
         129  -9.076570627403169E-001   3.997783495474079E-001
         130  -7.486779369202997E-001  -6.894559749568360E-001
         131  -7.486779369202997E-001   6.894559749568360E-001
         132  -7.818923689717263E-001  -6.451367781838421E-001
         133  -7.818923689717263E-001   6.451367781838421E-001
         134  -9.166488966256882E-001   0.000000000000000E+000
         135  -6.851581833587431E-001  -6.599271402289534E-001
         136  -6.851581833587431E-001   6.599271402289534E-001
         137  -1.870679881592330E-001  -9.060280119065474E-001
         138  -1.870679881592330E-001   9.060280119065474E-001
         139  -3.564988627946278E-001  -8.331125943980732E-001
         140  -3.564988627946278E-001   8.331125943980732E-001
         141  -5.319313316401662E-001  -6.922595769713910E-001
         142  -5.319313316401662E-001   6.922595769713910E-001
         143  -7.786597844415510E-001  -3.096239273359653E-001
         144  -7.786597844415510E-001   3.096239273359653E-001
         145  -6.751702212941737E-001  -4.524584520209426E-001
         146  -6.751702212941737E-001   4.524584520209426E-001
         147  -7.319600892188174E-001   0.000000000000000E+000
         148  -7.075381254624129E-001  -1.461720551054378E-001
         149  -7.075381254624129E-001   1.461720551054378E-001
         150  -2.723497955303258E-001  -8.166058707505751E-001
         151  -2.723497955303258E-001   8.166058707505751E-001
         152   7.767662321742082E-001  -6.645596498191442E-001
         153   7.767662321742082E-001   6.645596498191442E-001
         154        1.035855780139052  -2.189771918364370E-001
         155        1.035855780139052   2.189771918364370E-001
         156   6.760701352981429E-001  -6.668008052658964E-001
         157   6.760701352981429E-001   6.668008052658964E-001
         158   7.975750266005064E-001  -5.480123503593940E-001
         159   7.975750266005064E-001   5.480123503593940E-001
         160   9.013691666864069E-001  -3.965754399560629E-001
         161   9.013691666864069E-001   3.965754399560629E-001
         162  -4.801319868947253E-001  -3.848678742557164E-001
         163  -4.801319868947253E-001   3.848678742557164E-001
         164   9.380123253635375E-002  -8.031760225943960E-001
         165   9.380123253635375E-002   8.031760225943960E-001
         166   9.546274744755239E-001  -5.017337232936589E-003
         167   9.546274744755239E-001   5.017337232936589E-003
         168   8.703800592119856E-001  -9.901356473331641E-002
         169   8.703800592119856E-001   9.901356473331641E-002
         170  -2.782257872207192E-001  -4.602841029705378E-001
         171  -2.782257872207192E-001   4.602841029705378E-001
         172   1.576470299963139E-001  -7.005830433660796E-001
         173   1.576470299963139E-001   7.005830433660796E-001
         174  -1.193606451634749E-001  -5.002667946171616E-001
         175  -1.193606451634749E-001   5.002667946171616E-001
         176  -9.588859274450440E-003  -4.422713045873820E-001
         177  -9.588859274450440E-003   4.422713045873820E-001
         178   3.322916702136572E-001  -5.211132724598900E-001
         179   3.322916702136572E-001   5.211132724598900E-001
         180   1.588932742520364E-001  -3.958173837834781E-001
         181   1.588932742520364E-001   3.958173837834781E-001
         182   8.721622171576697E-002  -2.304443745179173E-001
         183   8.721622171576697E-002   2.304443745179173E-001
         184   4.262471376881122E-001  -3.644674130777545E-001
         185   4.262471376881122E-001   3.644674130777545E-001
         186   2.768956665959715E-001  -3.451082397543406E-001
         187   2.768956665959715E-001   3.451082397543406E-001
         188   3.697275506937920E-001  -3.023987052124374E-001
         189   3.697275506937920E-001   3.023987052124374E-001
         190   4.705961059500230E-001  -2.053491014612309E-001
         191   4.705961059500230E-001   2.053491014612309E-001
         192   4.641241034988796E-001   0.000000000000000E+000
         193   4.492649504233556E-001  -5.875353270570503E-002
         194   4.492649504233556E-001   5.875353270570503E-002
         195   3.837954140431283E-001  -1.882511780778774E-001
         196   3.837954140431283E-001   1.882511780778774E-001



           - AUTOVALORES DIFERENTES E REAIS e positivos - 
          REAL
           1   4.641241034988796E-001
           2        1.302578602080383
           3        4.033416793730104
