 ************************************************************************************************************************
                         Exem


DATA

  NUMERO DE ELEMENTOS DE CONTORNO= 32

  NUMERO DE NÓS FUNCIONAIS= 36

  NUMERO DE PONTOS INTERNOS ONDE A FUNC. É CALCULADA= 49




  COORDENADAS DOS PONTOS FONTE DOS ELEMENTOS DE       CONTORNO

    PONTO          X                  Y
        1       .0000000E+00       .0000000E+00
        2       .1250000E+00       .0000000E+00
        3       .2500000E+00       .0000000E+00
        4       .3750000E+00       .0000000E+00
        5       .5000000E+00       .0000000E+00
        6       .6250000E+00       .0000000E+00
        7       .7500000E+00       .0000000E+00
        8       .8750000E+00       .0000000E+00
        9       .1000000E+01       .0000000E+00
       10       .1000000E+01       .0000000E+00
       11       .1000000E+01       .1250000E+00
       12       .1000000E+01       .2500000E+00
       13       .1000000E+01       .3750000E+00
       14       .1000000E+01       .5000000E+00
       15       .1000000E+01       .6250000E+00
       16       .1000000E+01       .7500000E+00
       17       .1000000E+01       .8750000E+00
       18       .1000000E+01       .1000000E+01
       19       .1000000E+01       .1000000E+01
       20       .8750000E+00       .1000000E+01
       21       .7500000E+00       .1000000E+01
       22       .6250000E+00       .1000000E+01
       23       .5000000E+00       .1000000E+01
       24       .3750000E+00       .1000000E+01
       25       .2500000E+00       .1000000E+01
       26       .1250000E+00       .1000000E+01
       27       .0000000E+00       .1000000E+01
       28       .0000000E+00       .1000000E+01
       29       .0000000E+00       .8750000E+00
       30       .0000000E+00       .7500000E+00
       31       .0000000E+00       .6250000E+00
       32       .0000000E+00       .5000000E+00
       33       .0000000E+00       .3750000E+00
       34       .0000000E+00       .2500000E+00
       35       .0000000E+00       .1250000E+00
       36       .0000000E+00       .0000000E+00
       37       .7143000E-01       .7143000E-01
       38       .2142900E+00       .7143000E-01
       39       .3571400E+00       .7143000E-01
       40       .5000000E+00       .7143000E-01
       41       .6428600E+00       .7143000E-01
       42       .7857100E+00       .7143000E-01
       43       .9285700E+00       .7143000E-01
       44       .7143000E-01       .2142900E+00
       45       .2142900E+00       .2142900E+00
       46       .3571400E+00       .2142900E+00
       47       .5000000E+00       .2142900E+00
       48       .6428600E+00       .2142900E+00
       49       .7857100E+00       .2142900E+00
       50       .9285700E+00       .2142900E+00
       51       .7143000E-01       .3571400E+00
       52       .2142900E+00       .3571400E+00
       53       .3571400E+00       .3571400E+00
       54       .5000000E+00       .3571400E+00
       55       .6428600E+00       .3571400E+00
       56       .7857100E+00       .3571400E+00
       57       .9285700E+00       .3571400E+00
       58       .7143000E-01       .5000000E+00
       59       .2142900E+00       .5000000E+00
       60       .3571400E+00       .5000000E+00
       61       .5000000E+00       .5000000E+00
       62       .6428600E+00       .5000000E+00
       63       .7857100E+00       .5000000E+00
       64       .9285700E+00       .5000000E+00
       65       .7143000E-01       .6428600E+00
       66       .2142900E+00       .6428600E+00
       67       .3571400E+00       .6428600E+00
       68       .5000000E+00       .6428600E+00
       69       .6428600E+00       .6428600E+00
       70       .7857100E+00       .6428600E+00
       71       .9285700E+00       .6428600E+00
       72       .7143000E-01       .7857100E+00
       73       .2142900E+00       .7857100E+00
       74       .3571400E+00       .7857100E+00
       75       .5000000E+00       .7857100E+00
       76       .6428600E+00       .7857100E+00
       77       .7857100E+00       .7857100E+00
       78       .9285700E+00       .7857100E+00
       79       .7143000E-01       .9285700E+00
       80       .2142900E+00       .9285700E+00
       81       .3571400E+00       .9285700E+00
       82       .5000000E+00       .9285700E+00
       83       .6428600E+00       .9285700E+00
       84       .7857100E+00       .9285700E+00
       85       .9285700E+00       .9285700E+00


  CONDICOES DE CONTORNO

       INDICE   NÓ        NÓ          VALOR PRESCRITO
       1        0         36          .0000000E+00
       2        0          0          .0000000E+00
       3        0          0          .0000000E+00
       4        0          0          .0000000E+00
       5        0          0          .0000000E+00
       6        0          0          .0000000E+00
       7        0          0          .0000000E+00
       8        0          0          .0000000E+00
       9        0         10          .0000000E+00
      10        0          9          .0000000E+00
      11        0          0          .0000000E+00
      12        0          0          .0000000E+00
      13        0          0          .0000000E+00
      14        0          0          .0000000E+00
      15        0          0          .0000000E+00
      16        0          0          .0000000E+00
      17        0          0          .0000000E+00
      18        0         19          .0000000E+00
      19        0         18          .0000000E+00
      20        0          0          .0000000E+00
      21        0          0          .0000000E+00
      22        0          0          .0000000E+00
      23        0          0          .0000000E+00
      24        0          0          .0000000E+00
      25        0          0          .0000000E+00
      26        0          0          .0000000E+00
      27        0         28          .0000000E+00
      28        0         27          .0000000E+00
      29        0          0          .0000000E+00
      30        0          0          .0000000E+00
      31        0          0          .0000000E+00
      32        0          0          .0000000E+00
      33        0          0          .0000000E+00
      34        0          0          .0000000E+00
      35        0          0          .0000000E+00
      36        0          1          .0000000E+00


  INCIDENCIA DOS NOS GEOMETRICOS

       INDICE     PRIM. NÓ      SEG. NÓ
       1          1       2
       2          2       3
       3          3       4
       4          4       5
       5          5       6
       6          6       7
       7          7       8
       8          8       9
       9         10      11
      10         11      12
      11         12      13
      12         13      14
      13         14      15
      14         15      16
      15         16      17
      16         17      18
      17         19      20
      18         20      21
      19         21      22
      20         22      23
      21         23      24
      22         24      25
      23         25      26
      24         26      27
      25         28      29
      26         29      30
      27         30      31
      28         31      32
      29         32      33
      30         33      34
      31         34      35
      32         35      36
 NOVAS COORDENADAS DOS NOS DUPLOS
      .0025      .0000
      .1250      .0000
      .2500      .0000
      .3750      .0000
      .5000      .0000
      .6250      .0000
      .7500      .0000
      .8750      .0000
      .9975      .0000
     1.0000      .0025
     1.0000      .1250
     1.0000      .2500
     1.0000      .3750
     1.0000      .5000
     1.0000      .6250
     1.0000      .7500
     1.0000      .8750
     1.0000      .9975
      .9975     1.0000
      .8750     1.0000
      .7500     1.0000
      .6250     1.0000
      .5000     1.0000
      .3750     1.0000
      .2500     1.0000
      .1250     1.0000
      .0025     1.0000
      .0000      .9975
      .0000      .8750
      .0000      .7500
      .0000      .6250
      .0000      .5000
      .0000      .3750
      .0000      .2500
      .0000      .1250
      .0000      .0025
   
 VALORES DE DFI  ************************************
      1   .0000
      2   .0000
      3   .0000
      4   .0000
      5   .0000
      6   .0000
      7   .0000
      8   .0000
      9   .0000
     10   .0000
     11   .0000
     12   .0000
     13   .0000
     14   .0000
     15   .0000
     16   .0000
     17   .0000
     18   .0000
     19   .0000
     20   .0000
     21   .0000
     22   .0000
     23   .0000
     24   .0000
     25   .0000
     26   .0000
     27   .0000
     28   .0000
     29   .0000
     30   .0000
     31   .0000
     32   .0000
     33   .0000
     34   .0000
     35   .0000
     36   .0000
     37   .0000
     38   .0000
     39   .0000
     40   .0000
     41   .0000
     42   .0000
     43   .0000
     44   .0000
     45   .0000
     46   .0000
     47   .0000
     48   .0000
     49   .0000
     50   .0000
     51   .0000
     52   .0000
     53   .0000
     54   .0000
     55   .0000
     56   .0000
     57   .0000
     58   .0000
     59   .0000
     60   .0000
     61   .0000
     62   .0000
     63   .0000
     64   .0000
     65   .0000
     66   .0000
     67   .0000
     68   .0000
     69   .0000
     70   .0000
     71   .0000
     72   .0000
     73   .0000
     74   .0000
     75   .0000
     76   .0000
     77   .0000
     78   .0000
     79   .0000
     80   .0000
     81   .0000
     82   .0000
     83   .0000
     84   .0000
     85   .0000
   
 VALORES DE WR_POS ORIGINAIS ************************
      1   2.47105
      2   2.47105
      3   2.42074
      4   2.42074
      5   2.35498
      6   2.35498
      7   2.13819
      8   2.13819
      9   1.84640
     10   1.84640
     11   1.61638
     12   1.61638
     13   1.06178
     14   1.06178
     15    .79430
     16    .79430
     17    .46461
     18    .46461
     19    .09539
     20    .09539
     21   1.48258
     22    .00000
     23    .00000
     24    .00000
     25    .00000
     26    .00000
     27    .00000
     28    .00000
     29    .00000
     30    .00000
     31    .00000
     32    .00000
     33    .00000
     34    .00000
     35    .00000
     36    .00000
     37    .00000
     38    .00000
     39    .00000
     40    .00000
     41    .00000
     42    .00000
     43    .00000
     44    .00000
     45    .00000
     46    .00000
     47    .00000
     48    .00000
     49    .00000
     50    .00000
     51    .00000
     52    .00000
     53    .00000
     54    .00000
     55    .00000
     56    .00000
     57    .00000
     58    .00000
     59    .00000
     60    .00000
     61    .00000
     62    .00000
     63    .00000
     64    .00000
     65    .00000
     66    .00000
     67    .00000
     68    .00000
     69    .00000
     70    .00000
     71    .00000
     72    .00000
     73    .00000
     74    .00000
     75    .00000
     76    .00000
     77    .00000
     78    .00000
     79    .00000
     80    .00000
     81    .00000
     82    .00000
     83    .00000
     84    .00000
     85    .00000
     86    .00000
     87    .00000
     88    .00000
     89    .00000
     90    .00000
     91    .00000
     92    .00000
     93    .00000
     94    .00000
     95    .00000
     96    .00000
     97    .00000
     98    .00000
     99    .00000
    100    .00000
    101    .00000
    102    .00000
    103    .00000
    104    .00000
    105    .00000
    106    .00000
    107    .00000
    108    .00000
    109    .00000
    110    .00000
    111    .00000
    112    .00000
    113    .00000
    114    .00000
    115    .00000
    116    .00000
    117    .00000
    118    .00000
    119    .00000
    120    .00000
    121    .00000
    122    .00000
    123    .00000
    124    .00000
    125    .00000
    126    .00000
    127    .00000
    128    .00000
    129    .00000
    130    .00000
    131    .00000
    132    .00000
    133    .00000
    134    .00000
    135    .00000
    136    .00000
    137    .00000
    138    .00000
    139    .00000
    140    .00000
    141    .00000
    142    .00000
    143    .00000
    144    .00000
    145    .00000
    146    .00000
    147    .00000
    148    .00000
    149    .00000
    150    .00000
    151    .00000
    152    .00000
    153    .00000
    154    .00000
    155    .00000
    156    .00000
    157    .00000
    158    .00000
    159    .00000
    160    .00000
    161    .00000
    162    .00000
    163    .00000
    164    .00000
    165    .00000
    166    .00000
    167    .00000
    168    .00000
    169    .00000
    170    .00000
    171    .00000
    172    .00000
    173    .00000
    174    .00000
    175    .00000
    176    .00000
    177    .00000
    178    .00000
    179    .00000
    180    .00000
    181    .00000
    182    .00000
    183    .00000
    184    .00000
    185    .00000
    186    .00000
    187    .00000
    188    .00000
    189    .00000
    190    .00000
    191    .00000
    192    .00000
    193    .00000
    194    .00000
    195    .00000
    196    .00000
   
 VALORES DE WRA  ************************************
 WRA ORIGINAL POSSUIA         196 NUM., REDUZIDO PARA          93 NUM.
      1    .63615
      2   1.25378
      3    .89308
      4   1.05817
      5    .97213
      6   1.01424
      7    .99296
      8   1.00354
      9    .99823
     10   1.00088
     11    .99956
     12   1.00022
     13    .99989
     14   1.00006
     15    .99997
     16   1.00001
     17    .99999
     18   1.00000
     19   1.00000
     20   1.00000
     21   1.00000
     22   1.00000
     23   1.00000
     24   1.00000
     25   1.00000
     26   1.00000
     27   1.00000
     28   1.00000
     29   1.00000
     30   1.00000
     31   1.00000
     32   1.00000
     33   1.00000
     34   1.00000
     35   1.00000
     36   1.00000
     37   1.00000
     38   1.00000
     39   1.00000
     40   1.00000
     41   1.00000
     42   1.00000
     43   1.00000
     44   1.00000
     45   1.00000
     46   1.00000
     47   1.00000
     48   1.00000
     49   1.00000
     50   1.00000
     51   1.00000
     52   1.00000
     53   1.00000
     54   1.00000
     55   1.00000
     56   1.00000
     57   1.00000
     58   1.00000
     59   1.00000
     60   1.00000
     61   1.00000
     62   1.00000
     63   1.00000
     64   1.00000
     65   1.00000
     66   1.00000
     67   1.00000
     68   1.00000
     69   1.00000
     70   1.00000
     71   1.00000
     72   1.00000
     73   1.00000
     74   1.00000
     75   1.00000
     76   1.00000
     77   1.00000
     78   1.00000
     79   1.00000
     80   1.00000
     81   1.00000
     82   1.00000
     83   1.00000
     84   1.00000
     85   1.00000
     86   1.00000
     87   1.00000
     88   1.00000
     89   1.00000
     90   1.00000
     91   1.00000
     92   1.00000
     93   1.00000



           - AUTOVALORES - 
          REAL     IMAGINARIO
           1        2.471045547348991       -1.296540636257012
           2        2.471045547348991        1.296540636257012
           3        2.420739690285120  -2.194960417745946E-001
           4        2.420739690285120   2.194960417745946E-001
           5        2.354979968382901  -3.506526333310013E-001
           6        2.354979968382901   3.506526333310013E-001
           7        2.138188542890631  -9.946578338283748E-001
           8        2.138188542890631   9.946578338283748E-001
           9        1.846397781745407       -1.493745446051653
          10        1.846397781745407        1.493745446051653
          11        1.616378898911524       -1.564465016185807
          12        1.616378898911524        1.564465016185807
          13        1.061783405325685       -1.908793452933019
          14        1.061783405325685        1.908793452933019
          15   7.942954889598959E-001       -1.888431104655835
          16   7.942954889598959E-001        1.888431104655835
          17   4.646079769136655E-001       -1.912553070559572
          18   4.646079769136655E-001        1.912553070559572
          19   9.539447708529791E-002       -1.889527503948431
          20   9.539447708529791E-002        1.889527503948431
          21        1.482576474352847   0.000000000000000E+000
          22       -1.465137879431873       -1.279368131752080
          23       -1.465137879431873        1.279368131752080
          24  -5.884781151949686E-001       -1.680234926975684
          25  -5.884781151949686E-001        1.680234926975684
          26  -4.663040992238492E-002       -1.625181686240753
          27  -4.663040992238492E-002        1.625181686240753
          28       -1.575821730708412  -7.632855649801587E-001
          29       -1.575821730708412   7.632855649801587E-001
          30  -4.961154550620510E-001       -1.496914184523576
          31  -4.961154550620510E-001        1.496914184523576
          32  -8.610427821381739E-001       -1.314481774693311
          33  -8.610427821381739E-001        1.314481774693311
          34  -2.110127960036756E-001       -1.439330831112874
          35  -2.110127960036756E-001        1.439330831112874
          36        1.101097325178177  -6.909111019129891E-001
          37        1.101097325178177   6.909111019129891E-001
          38   2.713136782704696E-001       -1.321672996333950
          39   2.713136782704696E-001        1.321672996333950
          40        1.174662418391081  -3.347210160652119E-001
          41        1.174662418391081   3.347210160652119E-001
          42   8.321357553162054E-001  -9.627201189567446E-001
          43   8.321357553162054E-001   9.627201189567446E-001
          44   8.295413479078739E-001  -9.251887972698063E-001
          45   8.295413479078739E-001   9.251887972698063E-001
          46   3.550822751840987E-001       -1.241780625756585
          47   3.550822751840987E-001        1.241780625756585
          48        1.031615241931295  -5.024376421048062E-001
          49        1.031615241931295   5.024376421048062E-001
          50  -1.974841438542093E-001       -1.284065297345122
          51  -1.974841438542093E-001        1.284065297345122
          52  -5.241390211083454E-001       -1.252703587923068
          53  -5.241390211083454E-001        1.252703587923068
          54       -1.249177185415267  -7.414528102276379E-001
          55       -1.249177185415267   7.414528102276379E-001
          56  -9.567572353736769E-001       -1.038691261191889
          57  -9.567572353736769E-001        1.038691261191889
          58       -1.483602858185869  -6.130726354902322E-002
          59       -1.483602858185869   6.130726354902322E-002
          60        1.035698203588126  -7.914319040952354E-002
          61        1.035698203588126   7.914319040952354E-002
          62   8.366168106739799E-001  -6.179796111183701E-001
          63   8.366168106739799E-001   6.179796111183701E-001
          64   4.816778240758378E-001  -9.414536604149008E-001
          65   4.816778240758378E-001   9.414536604149008E-001
          66   9.708571356914064E-001  -1.974183453443982E-002
          67   9.708571356914064E-001   1.974183453443982E-002
          68   9.011150877911021E-001  -3.703036391493432E-001
          69   9.011150877911021E-001   3.703036391493432E-001
          70   8.266397409165533E-001  -5.239264992512484E-001
          71   8.266397409165533E-001   5.239264992512484E-001
          72   9.030515494523965E-001  -4.409699865186333E-002
          73   9.030515494523965E-001   4.409699865186333E-002
          74   8.755567082157549E-001  -2.523289292543028E-001
          75   8.755567082157549E-001   2.523289292543028E-001
          76   3.098114212591726E-001       -1.028835020491466
          77   3.098114212591726E-001        1.028835020491466
          78  -8.231668084309318E-001       -1.051878152300111
          79  -8.231668084309318E-001        1.051878152300111
          80   6.920359964958711E-001  -6.189864416272078E-001
          81   6.920359964958711E-001   6.189864416272078E-001
          82   7.121827656903093E-001  -5.450113861626496E-001
          83   7.121827656903093E-001   5.450113861626496E-001
          84   7.379142890875660E-001  -4.184157254540845E-001
          85   7.379142890875660E-001   4.184157254540845E-001
          86       -1.259507250442434  -5.681273646382828E-001
          87       -1.259507250442434   5.681273646382828E-001
          88   4.328662906889318E-001  -8.124004005246713E-001
          89   4.328662906889318E-001   8.124004005246713E-001
          90   3.647345082471698E-001  -8.585742508034054E-001
          91   3.647345082471698E-001   8.585742508034054E-001
          92   4.644286223801419E-001  -6.692684640246207E-001
          93   4.644286223801419E-001   6.692684640246207E-001
          94       -1.283886064722372  -3.615624602356636E-001
          95       -1.283886064722372   3.615624602356636E-001
          96  -6.146643720004823E-001       -1.024447634441204
          97  -6.146643720004823E-001        1.024447634441204
          98   9.045459852916538E-002  -9.575239559791561E-001
          99   9.045459852916538E-002   9.575239559791561E-001
         100   6.083088536573122E-001  -2.935022362634643E-001
         101   6.083088536573122E-001   2.935022362634643E-001
         102   9.271335192215779E-002  -9.049465747514834E-001
         103   9.271335192215779E-002   9.049465747514834E-001
         104   1.311906662653215E-001  -8.357788225929065E-001
         105   1.311906662653215E-001   8.357788225929065E-001
         106  -1.520777146794032E-001  -9.824596529205701E-001
         107  -1.520777146794032E-001   9.824596529205701E-001
         108  -1.037227269191723E-001  -9.364484985140470E-001
         109  -1.037227269191723E-001   9.364484985140470E-001
         110  -2.458245300544948E-001  -9.377077180051893E-001
         111  -2.458245300544948E-001   9.377077180051893E-001
         112  -1.968735478498416E-001  -9.178235226697148E-001
         113  -1.968735478498416E-001   9.178235226697148E-001
         114   3.208125365804843E-001  -5.062295130005351E-001
         115   3.208125365804843E-001   5.062295130005351E-001
         116   4.101251461494015E-001  -3.270282474241850E-001
         117   4.101251461494015E-001   3.270282474241850E-001
         118   4.537060838146200E-001  -1.673226107011925E-001
         119   4.537060838146200E-001   1.673226107011925E-001
         120   1.123008901376877E-001  -6.491560996014043E-001
         121   1.123008901376877E-001   6.491560996014043E-001
         122   4.345544749214484E-001   0.000000000000000E+000
         123   4.049826346018590E-001  -6.857942177205999E-002
         124   4.049826346018590E-001   6.857942177205999E-002
         125   3.433675733539316E-001  -1.818948723375760E-001
         126   3.433675733539316E-001   1.818948723375760E-001
         127   2.488555515829401E-001  -2.600334358568150E-001
         128   2.488555515829401E-001   2.600334358568150E-001
         129  -9.658643651289832E-002  -7.595645432513120E-001
         130  -9.658643651289832E-002   7.595645432513120E-001
         131   1.584982071308465E-001  -3.177615541641526E-001
         132   1.584982071308465E-001   3.177615541641526E-001
         133   9.204191079199409E-002  -3.844808192273062E-001
         134   9.204191079199409E-002   3.844808192273062E-001
         135  -6.677912225603941E-001  -8.265248255240327E-001
         136  -6.677912225603941E-001   8.265248255240327E-001
         137  -4.849833172372154E-001  -8.506952815696910E-001
         138  -4.849833172372154E-001   8.506952815696910E-001
         139  -2.607596231125813E-001  -7.561504716672982E-001
         140  -2.607596231125813E-001   7.561504716672982E-001
         141  -5.298020735980569E-001  -8.161939274906502E-001
         142  -5.298020735980569E-001   8.161939274906502E-001
         143  -5.867024678027482E-001  -8.053209907917091E-001
         144  -5.867024678027482E-001   8.053209907917091E-001
         145  -3.141827054194400E-001  -7.165829084538203E-001
         146  -3.141827054194400E-001   7.165829084538203E-001
         147       -1.201591583147905  -1.371450840087974E-001
         148       -1.201591583147905   1.371450840087974E-001
         149       -1.191352017227954  -5.642556520232204E-002
         150       -1.191352017227954   5.642556520232204E-002
         151       -1.121133899132726  -3.147529708362275E-001
         152       -1.121133899132726   3.147529708362275E-001
         153  -8.377825249575523E-001  -6.405361111472687E-001
         154  -8.377825249575523E-001   6.405361111472687E-001
         155  -6.033980880402037E-002  -3.950112190558983E-001
         156  -6.033980880402037E-002   3.950112190558983E-001
         157  -4.844674553383427E-001  -6.716808460427065E-001
         158  -4.844674553383427E-001   6.716808460427065E-001
         159  -7.241607615326863E-001  -6.458865619568249E-001
         160  -7.241607615326863E-001   6.458865619568249E-001
         161  -6.845272242404414E-001  -6.281497164388992E-001
         162  -6.845272242404414E-001   6.281497164388992E-001
         163  -2.715111493233599E-001  -4.885123878418489E-001
         164  -2.715111493233599E-001   4.885123878418489E-001
         165  -1.885800297889285E-001  -3.879435559015115E-001
         166  -1.885800297889285E-001   3.879435559015115E-001
         167  -5.448391703412556E-001  -6.090759770825378E-001
         168  -5.448391703412556E-001   6.090759770825378E-001
         169  -5.149258705513028E-001  -5.398494367378820E-001
         170  -5.149258705513028E-001   5.398494367378820E-001
         171  -8.330397095823373E-001  -4.429294886793713E-001
         172  -8.330397095823373E-001   4.429294886793713E-001
         173  -9.292102412785386E-001  -3.489095021915470E-001
         174  -9.292102412785386E-001   3.489095021915470E-001
         175  -7.415488049340522E-001  -4.606587361526474E-001
         176  -7.415488049340522E-001   4.606587361526474E-001
         177  -7.664556679540492E-001  -4.006737867664157E-001
         178  -7.664556679540492E-001   4.006737867664157E-001
         179  -7.285284186729686E-001  -3.900481761898993E-001
         180  -7.285284186729686E-001   3.900481761898993E-001
         181  -9.860456561321584E-001   0.000000000000000E+000
         182  -8.911009050624437E-001  -2.011310910777032E-001
         183  -8.911009050624437E-001   2.011310910777032E-001
         184  -9.249490232034114E-001  -9.956511158897152E-002
         185  -9.249490232034114E-001   9.956511158897152E-002
         186  -8.440456909898733E-001  -2.240786384383229E-001
         187  -8.440456909898733E-001   2.240786384383229E-001
         188  -8.715673609493491E-001  -1.177546411310633E-001
         189  -8.715673609493491E-001   1.177546411310633E-001
         190  -3.939065898869796E-001  -2.051984585037704E-001
         191  -3.939065898869796E-001   2.051984585037704E-001
         192  -6.541930546975542E-001  -1.771574664905713E-001
         193  -6.541930546975542E-001   1.771574664905713E-001
         194  -5.928726463529382E-001  -4.964361841064693E-002
         195  -5.928726463529382E-001   4.964361841064693E-002
         196   5.734330606201751E-002   0.000000000000000E+000



           - AUTOVALORES DIFERENTES E REAIS e positivos - 
          REAL
           1   5.734330606201751E-002
           2   4.345544749214484E-001
           3        1.482576474352847
