 ************************************************************************************************************************
                         Exem


DATA

  NUMERO DE ELEMENTOS DE CONTORNO= 32

  NUMERO DE NÓS FUNCIONAIS= 36

  NUMERO DE PONTOS INTERNOS ONDE A FUNC. É CALCULADA= 49




  COORDENADAS DOS PONTOS FONTE DOS ELEMENTOS DE CONTORNO

    PONTO          X                  Y
        1       .0000000E+00       .0000000E+00
        2       .1250000E+00       .0000000E+00
        3       .2500000E+00       .0000000E+00
        4       .3750000E+00       .0000000E+00
        5       .5000000E+00       .0000000E+00
        6       .6250000E+00       .0000000E+00
        7       .7500000E+00       .0000000E+00
        8       .8750000E+00       .0000000E+00
        9       .1000000E+01       .0000000E+00
       10       .1000000E+01       .0000000E+00
       11       .1000000E+01       .1250000E+00
       12       .1000000E+01       .2500000E+00
       13       .1000000E+01       .3750000E+00
       14       .1000000E+01       .5000000E+00
       15       .1000000E+01       .6250000E+00
       16       .1000000E+01       .7500000E+00
       17       .1000000E+01       .8750000E+00
       18       .1000000E+01       .1000000E+01
       19       .1000000E+01       .1000000E+01
       20       .8750000E+00       .1000000E+01
       21       .7500000E+00       .1000000E+01
       22       .6250000E+00       .1000000E+01
       23       .5000000E+00       .1000000E+01
       24       .3750000E+00       .1000000E+01
       25       .2500000E+00       .1000000E+01
       26       .1250000E+00       .1000000E+01
       27       .0000000E+00       .1000000E+01
       28       .0000000E+00       .1000000E+01
       29       .0000000E+00       .8750000E+00
       30       .0000000E+00       .7500000E+00
       31       .0000000E+00       .6250000E+00
       32       .0000000E+00       .5000000E+00
       33       .0000000E+00       .3750000E+00
       34       .0000000E+00       .2500000E+00
       35       .0000000E+00       .1250000E+00
       36       .0000000E+00       .0000000E+00
       37       .7143000E-01       .7143000E-01
       38       .2142900E+00       .7143000E-01
       39       .3571400E+00       .7143000E-01
       40       .5000000E+00       .7143000E-01
       41       .6428600E+00       .7143000E-01
       42       .7857100E+00       .7143000E-01
       43       .9285700E+00       .7143000E-01
       44       .7143000E-01       .2142900E+00
       45       .2142900E+00       .2142900E+00
       46       .3571400E+00       .2142900E+00
       47       .5000000E+00       .2142900E+00
       48       .6428600E+00       .2142900E+00
       49       .7857100E+00       .2142900E+00
       50       .9285700E+00       .2142900E+00
       51       .7143000E-01       .3571400E+00
       52       .2142900E+00       .3571400E+00
       53       .3571400E+00       .3571400E+00
       54       .5000000E+00       .3571400E+00
       55       .6428600E+00       .3571400E+00
       56       .7857100E+00       .3571400E+00
       57       .9285700E+00       .3571400E+00
       58       .7143000E-01       .5000000E+00
       59       .2142900E+00       .5000000E+00
       60       .3571400E+00       .5000000E+00
       61       .5000000E+00       .5000000E+00
       62       .6428600E+00       .5000000E+00
       63       .7857100E+00       .5000000E+00
       64       .9285700E+00       .5000000E+00
       65       .7143000E-01       .6428600E+00
       66       .2142900E+00       .6428600E+00
       67       .3571400E+00       .6428600E+00
       68       .5000000E+00       .6428600E+00
       69       .6428600E+00       .6428600E+00
       70       .7857100E+00       .6428600E+00
       71       .9285700E+00       .6428600E+00
       72       .7143000E-01       .7857100E+00
       73       .2142900E+00       .7857100E+00
       74       .3571400E+00       .7857100E+00
       75       .5000000E+00       .7857100E+00
       76       .6428600E+00       .7857100E+00
       77       .7857100E+00       .7857100E+00
       78       .9285700E+00       .7857100E+00
       79       .7143000E-01       .9285700E+00
       80       .2142900E+00       .9285700E+00
       81       .3571400E+00       .9285700E+00
       82       .5000000E+00       .9285700E+00
       83       .6428600E+00       .9285700E+00
       84       .7857100E+00       .9285700E+00
       85       .9285700E+00       .9285700E+00


  CONDICOES DE CONTORNO

       INDICE   NÓ        NÓ          VALOR PRESCRITO
       1        0         36          .0000000E+00
       2        0          0          .0000000E+00
       3        0          0          .0000000E+00
       4        0          0          .0000000E+00
       5        0          0          .0000000E+00
       6        0          0          .0000000E+00
       7        0          0          .0000000E+00
       8        0          0          .0000000E+00
       9        0         10          .0000000E+00
      10        0          9          .0000000E+00
      11        0          0          .0000000E+00
      12        0          0          .0000000E+00
      13        0          0          .0000000E+00
      14        0          0          .0000000E+00
      15        0          0          .0000000E+00
      16        0          0          .0000000E+00
      17        0          0          .0000000E+00
      18        0         19          .0000000E+00
      19        0         18          .0000000E+00
      20        0          0          .0000000E+00
      21        0          0          .0000000E+00
      22        0          0          .0000000E+00
      23        0          0          .0000000E+00
      24        0          0          .0000000E+00
      25        0          0          .0000000E+00
      26        0          0          .0000000E+00
      27        0         28          .0000000E+00
      28        0         27          .0000000E+00
      29        0          0          .0000000E+00
      30        0          0          .0000000E+00
      31        0          0          .0000000E+00
      32        0          0          .0000000E+00
      33        0          0          .0000000E+00
      34        0          0          .0000000E+00
      35        0          0          .0000000E+00
      36        0          1          .0000000E+00


  INCIDENCIA DOS NOS GEOMETRICOS

       INDICE     PRIM. NÓ      SEG. NÓ
       1          1       2
       2          2       3
       3          3       4
       4          4       5
       5          5       6
       6          6       7
       7          7       8
       8          8       9
       9         10      11
      10         11      12
      11         12      13
      12         13      14
      13         14      15
      14         15      16
      15         16      17
      16         17      18
      17         19      20
      18         20      21
      19         21      22
      20         22      23
      21         23      24
      22         24      25
      23         25      26
      24         26      27
      25         28      29
      26         29      30
      27         30      31
      28         31      32
      29         32      33
      30         33      34
      31         34      35
      32         35      36
 NOVAS COORDENADAS DOS NOS DUPLOS
      .0025      .0000
      .1250      .0000
      .2500      .0000
      .3750      .0000
      .5000      .0000
      .6250      .0000
      .7500      .0000
      .8750      .0000
      .9975      .0000
     1.0000      .0025
     1.0000      .1250
     1.0000      .2500
     1.0000      .3750
     1.0000      .5000
     1.0000      .6250
     1.0000      .7500
     1.0000      .8750
     1.0000      .9975
      .9975     1.0000
      .8750     1.0000
      .7500     1.0000
      .6250     1.0000
      .5000     1.0000
      .3750     1.0000
      .2500     1.0000
      .1250     1.0000
      .0025     1.0000
      .0000      .9975
      .0000      .8750
      .0000      .7500
      .0000      .6250
      .0000      .5000
      .0000      .3750
      .0000      .2500
      .0000      .1250
      .0000      .0025
   
 VALORES DE DFI  ************************************
      1   .0000
      2   .0000
      3   .0000
      4   .0000
      5   .0000
      6   .0000
      7   .0000
      8   .0000
      9   .0000
     10   .0000
     11   .0000
     12   .0000
     13   .0000
     14   .0000
     15   .0000
     16   .0000
     17   .0000
     18   .0000
     19   .0000
     20   .0000
     21   .0000
     22   .0000
     23   .0000
     24   .0000
     25   .0000
     26   .0000
     27   .0000
     28   .0000
     29   .0000
     30   .0000
     31   .0000
     32   .0000
     33   .0000
     34   .0000
     35   .0000
     36   .0000
     37   .0000
     38   .0000
     39   .0000
     40   .0000
     41   .0000
     42   .0000
     43   .0000
     44   .0000
     45   .0000
     46   .0000
     47   .0000
     48   .0000
     49   .0000
     50   .0000
     51   .0000
     52   .0000
     53   .0000
     54   .0000
     55   .0000
     56   .0000
     57   .0000
     58   .0000
     59   .0000
     60   .0000
     61   .0000
     62   .0000
     63   .0000
     64   .0000
     65   .0000
     66   .0000
     67   .0000
     68   .0000
     69   .0000
     70   .0000
     71   .0000
     72   .0000
     73   .0000
     74   .0000
     75   .0000
     76   .0000
     77   .0000
     78   .0000
     79   .0000
     80   .0000
     81   .0000
     82   .0000
     83   .0000
     84   .0000
     85   .0000
 VALORES DE AUTOV DE ENTRADA ************************
   
 VALORES DE WR_POS ORIGINAIS ************************
      1   2.82126
      2   2.82126
      3   3.32361
      4   3.32361
      5   3.35007
      6   1.45155
      7   1.45155
      8   2.28403
      9   2.28403
     10    .39780
     11    .39780
     12    .00000
     13    .00000
     14    .00000
     15    .00000
     16    .00000
     17    .00000
     18    .00000
     19    .00000
     20    .00000
     21    .00000
     22    .00000
     23    .00000
     24    .00000
     25    .00000
     26    .00000
     27    .00000
     28    .00000
     29    .00000
     30    .00000
     31    .00000
     32    .00000
     33    .00000
     34    .00000
     35    .00000
     36    .00000
     37    .00000
     38    .00000
     39    .00000
     40    .00000
     41    .00000
     42    .00000
     43    .00000
     44    .00000
     45    .00000
     46    .00000
     47    .00000
     48    .00000
     49    .00000
     50    .00000
     51    .00000
     52    .00000
     53    .00000
     54    .00000
     55    .00000
     56    .00000
     57    .00000
     58    .00000
     59    .00000
     60    .00000
     61    .00000
     62    .00000
     63    .00000
     64    .00000
     65    .00000
     66    .00000
     67    .00000
     68    .00000
     69    .00000
     70    .00000
     71    .00000
     72    .00000
     73    .00000
     74    .00000
     75    .00000
     76    .00000
     77    .00000
     78    .00000
     79    .00000
     80    .00000
     81    .00000
     82    .00000
     83    .00000
     84    .00000
     85    .00000
     86    .00000
     87    .00000
     88    .00000
     89    .00000
     90    .00000
     91    .00000
     92    .00000
     93    .00000
     94    .00000
     95    .00000
     96    .00000
     97    .00000
     98    .00000
     99    .00000
    100    .00000
    101    .00000
    102    .00000
    103    .00000
    104    .00000
    105    .00000
    106    .00000
    107    .00000
    108    .00000
    109    .00000
    110    .00000
    111    .00000
    112    .00000
    113    .00000
    114    .00000
    115    .00000
    116    .00000
    117    .00000
    118    .00000
    119    .00000
    120    .00000
    121    .00000
    122    .00000
    123    .00000
    124    .00000
    125    .00000
    126    .00000
    127    .00000
    128    .00000
    129    .00000
    130    .00000
    131    .00000
    132    .00000
    133    .00000
    134    .00000
    135    .00000
    136    .00000
    137    .00000
    138    .00000
    139    .00000
    140    .00000
    141    .00000
    142    .00000
    143    .00000
    144    .00000
    145    .00000
    146    .00000
    147    .00000
    148    .00000
    149    .00000
    150    .00000
    151    .00000
    152    .00000
    153    .00000
    154    .00000
    155    .00000
    156    .00000
    157    .00000
    158    .00000
    159    .00000
    160    .00000
    161    .00000
    162    .00000
    163    .00000
    164    .00000
    165    .00000
    166    .00000
    167    .00000
    168    .00000
    169    .00000
    170    .00000
    171    .00000
    172    .00000
    173    .00000
    174    .00000
    175    .00000
    176    .00000
    177    .00000
    178    .00000
    179    .00000
    180    .00000
    181    .00000
    182    .00000
    183    .00000
    184    .00000
    185    .00000
    186    .00000
    187    .00000
    188    .00000
    189    .00000
    190    .00000
    191    .00000
    192    .00000
    193    .00000
    194    .00000
    195    .00000
    196    .00000
   
 VALORES DE WRA  ************************************
 WRA ORIGINAL POSSUIA         196 NUM., REDUZIDO PARA          93 NUM.
      1    .59536
      2   1.29602
      3    .87840
      4   1.06697
      5    .96811
      6   1.01634
      7    .99193
      8   1.00406
      9    .99798
     10   1.00101
     11    .99949
     12   1.00025
     13    .99987
     14   1.00006
     15    .99997
     16   1.00002
     17    .99999
     18   1.00000
     19   1.00000
     20   1.00000
     21   1.00000
     22   1.00000
     23   1.00000
     24   1.00000
     25   1.00000
     26   1.00000
     27   1.00000
     28   1.00000
     29   1.00000
     30   1.00000
     31   1.00000
     32   1.00000
     33   1.00000
     34   1.00000
     35   1.00000
     36   1.00000
     37   1.00000
     38   1.00000
     39   1.00000
     40   1.00000
     41   1.00000
     42   1.00000
     43   1.00000
     44   1.00000
     45   1.00000
     46   1.00000
     47   1.00000
     48   1.00000
     49   1.00000
     50   1.00000
     51   1.00000
     52   1.00000
     53   1.00000
     54   1.00000
     55   1.00000
     56   1.00000
     57   1.00000
     58   1.00000
     59   1.00000
     60   1.00000
     61   1.00000
     62   1.00000
     63   1.00000
     64   1.00000
     65   1.00000
     66   1.00000
     67   1.00000
     68   1.00000
     69   1.00000
     70   1.00000
     71   1.00000
     72   1.00000
     73   1.00000
     74   1.00000
     75   1.00000
     76   1.00000
     77   1.00000
     78   1.00000
     79   1.00000
     80   1.00000
     81   1.00000
     82   1.00000
     83   1.00000
     84   1.00000
     85   1.00000
     86   1.00000
     87   1.00000
     88   1.00000
     89   1.00000
     90   1.00000
     91   1.00000
     92   1.00000
     93   1.00000



           - AUTOVALORES - 
          REAL     IMAGINARIO
           1        2.821262255514643       -2.009055123409327
           2        2.821262255514643        2.009055123409327
           3        3.323606842169771  -5.236384602433912E-001
           4        3.323606842169771   5.236384602433912E-001
           5        3.350066678178799   0.000000000000000E+000
           6        1.451552543569214       -2.648436844559955
           7        1.451552543569214        2.648436844559955
           8        2.284027791341743       -1.730786260795862
           9        2.284027791341743        1.730786260795862
          10   3.978047823113537E-001       -2.928655199199782
          11   3.978047823113537E-001        2.928655199199782
          12  -5.129964377494602E-001       -2.558927868726726
          13  -5.129964377494602E-001        2.558927868726726
          14  -9.805366725003639E-001       -2.251917762191506
          15  -9.805366725003639E-001        2.251917762191506
          16        2.051362544146587  -6.270009801117557E-002
          17        2.051362544146587   6.270009801117557E-002
          18       -2.205745299953743   0.000000000000000E+000
          19       -1.900796241069037  -8.098960476214586E-001
          20       -1.900796241069037   8.098960476214586E-001
          21       -2.031334251944128   0.000000000000000E+000
          22       -1.481608189767518       -1.407069476837101
          23       -1.481608189767518        1.407069476837101
          24       -1.646562228446102       -1.195618270265616
          25       -1.646562228446102        1.195618270265616
          26       -1.831721217749484  -5.747796161480703E-001
          27       -1.831721217749484   5.747796161480703E-001
          28  -9.046053518757027E-001       -1.618377848902238
          29  -9.046053518757027E-001        1.618377848902238
          30   4.594214423026580E-001       -1.742346018655843
          31   4.594214423026580E-001        1.742346018655843
          32       -1.722120471775267  -4.115314424818275E-002
          33       -1.722120471775267   4.115314424818275E-002
          34  -5.409138174781153E-001       -1.648696491931768
          35  -5.409138174781153E-001        1.648696491931768
          36       -1.416820056638434  -9.365386211596055E-001
          37       -1.416820056638434   9.365386211596055E-001
          38       -1.554392079212146  -5.663155751633847E-001
          39       -1.554392079212146   5.663155751633847E-001
          40   1.451672750268018E-001       -1.641336003793384
          41   1.451672750268018E-001        1.641336003793384
          42  -3.023410297230358E-001       -1.618272323438566
          43  -3.023410297230358E-001        1.618272323438566
          44  -9.128751514819651E-001       -1.367368298193961
          45  -9.128751514819651E-001        1.367368298193961
          46       -1.221996617117176       -1.016644392573315
          47       -1.221996617117176        1.016644392573315
          48        1.551193434287628  -1.593521674373510E-001
          49        1.551193434287628   1.593521674373510E-001
          50  -7.471320939493785E-001       -1.349022545145280
          51  -7.471320939493785E-001        1.349022545145280
          52   8.199321444046931E-002       -1.496130526533713
          53   8.199321444046931E-002        1.496130526533713
          54  -3.960753998653202E-001       -1.435362317741337
          55  -3.960753998653202E-001        1.435362317741337
          56   6.140158803662644E-001       -1.370144929444822
          57   6.140158803662644E-001        1.370144929444822
          58   9.191688031473154E-001       -1.216069936806506
          59   9.191688031473154E-001        1.216069936806506
          60        1.428226084608680  -5.004140833154254E-001
          61        1.428226084608680   5.004140833154254E-001
          62  -9.063983323265070E-001       -1.168149413579416
          63  -9.063983323265070E-001        1.168149413579416
          64        1.321034643215491  -5.722580437579138E-001
          65        1.321034643215491   5.722580437579138E-001
          66   4.793165695939807E-001       -1.302219691118616
          67   4.793165695939807E-001        1.302219691118616
          68   9.600520911441608E-001       -1.066470931844847
          69   9.600520911441608E-001        1.066470931844847
          70        1.001417904444372       -1.000756602662007
          71        1.001417904444372        1.000756602662007
          72   9.420737494382252E-001       -1.003042211371141
          73   9.420737494382252E-001        1.003042211371141
          74        1.233842121654064  -5.602718193906062E-001
          75        1.233842121654064   5.602718193906062E-001
          76       -1.349523068695803  -5.177023128889302E-001
          77       -1.349523068695803   5.177023128889302E-001
          78        1.140313243184515  -6.289540773580316E-001
          79        1.140313243184515   6.289540773580316E-001
          80  -8.179925583885143E-001       -1.125224453021914
          81  -8.179925583885143E-001        1.125224453021914
          82        1.265551858478660   0.000000000000000E+000
          83       -1.039024677223701  -8.659483531148753E-001
          84       -1.039024677223701   8.659483531148753E-001
          85       -1.057145864367542  -8.147154032416928E-001
          86       -1.057145864367542   8.147154032416928E-001
          87  -4.702796209210554E-001       -1.197026311034150
          88  -4.702796209210554E-001        1.197026311034150
          89        1.211703787258785   0.000000000000000E+000
          90  -1.364515446644660E-002       -1.174555770999238
          91  -1.364515446644660E-002        1.174555770999238
          92        1.013486765987404  -4.210607007148807E-001
          93        1.013486765987404   4.210607007148807E-001
          94        1.003002240681052  -3.887922956979343E-001
          95        1.003002240681052   3.887922956979343E-001
          96  -4.788802538871928E-002       -1.064764291651011
          97  -4.788802538871928E-002        1.064764291651011
          98   3.628200101822947E-001  -9.004010397314868E-001
          99   3.628200101822947E-001   9.004010397314868E-001
         100   5.083855078583492E-001  -8.332818800328418E-001
         101   5.083855078583492E-001   8.332818800328418E-001
         102   6.401575499510512E-001  -7.304011815193839E-001
         103   6.401575499510512E-001   7.304011815193839E-001
         104   6.052158097321756E-001  -7.039485548371866E-001
         105   6.052158097321756E-001   7.039485548371866E-001
         106  -9.920173648881413E-001  -2.993514256265297E-001
         107  -9.920173648881413E-001   2.993514256265297E-001
         108  -3.247085920839625E-001  -9.045507320794314E-001
         109  -3.247085920839625E-001   9.045507320794314E-001
         110   2.227848824742558E-001  -8.103549800670350E-001
         111   2.227848824742558E-001   8.103549800670350E-001
         112  -2.488308598650386E-001  -8.421895074451070E-001
         113  -2.488308598650386E-001   8.421895074451070E-001
         114   6.560226826018822E-001  -4.565779644520162E-001
         115   6.560226826018822E-001   4.565779644520162E-001
         116   3.936422778711284E-001  -6.291742197870307E-001
         117   3.936422778711284E-001   6.291742197870307E-001
         118   5.337128675906155E-001  -5.026050808642185E-001
         119   5.337128675906155E-001   5.026050808642185E-001
         120   5.987036455811436E-001  -3.687781090444811E-001
         121   5.987036455811436E-001   3.687781090444811E-001
         122   6.141082695913667E-001  -3.003678757870953E-001
         123   6.141082695913667E-001   3.003678757870953E-001
         124   6.408505885272939E-001  -1.198590051567104E-001
         125   6.408505885272939E-001   1.198590051567104E-001
         126   6.463721624911654E-001  -8.214100388220921E-004
         127   6.463721624911654E-001   8.214100388220921E-004
         128   6.208247758586983E-001   0.000000000000000E+000
         129  -9.194101099670610E-002  -7.737314137329435E-001
         130  -9.194101099670610E-002   7.737314137329435E-001
         131  -6.011264444135323E-001  -6.271863430438399E-001
         132  -6.011264444135323E-001   6.271863430438399E-001
         133   2.727806688500899E-001  -5.829985558785857E-001
         134   2.727806688500899E-001   5.829985558785857E-001
         135   4.302123818122051E-001  -3.566299366707790E-001
         136   4.302123818122051E-001   3.566299366707790E-001
         137  -2.182382426288494E-001  -6.827754561217460E-001
         138  -2.182382426288494E-001   6.827754561217460E-001
         139  -8.060580673324496E-001  -1.670663745364012E-001
         140  -8.060580673324496E-001   1.670663745364012E-001
         141   2.640901645627369E-002  -5.676944480179740E-001
         142   2.640901645627369E-002   5.676944480179740E-001
         143  -1.596172175168554E-001  -5.965287297550459E-001
         144  -1.596172175168554E-001   5.965287297550459E-001
         145  -3.541067142434483E-001  -5.759665072174798E-001
         146  -3.541067142434483E-001   5.759665072174798E-001
         147  -6.891242166961075E-001   0.000000000000000E+000
         148  -5.066647317642654E-001  -4.183467572431481E-001
         149  -5.066647317642654E-001   4.183467572431481E-001
         150  -4.736919147153855E-001  -4.159375040522847E-001
         151  -4.736919147153855E-001   4.159375040522847E-001
         152  -4.664002274233899E-001  -3.968287017899156E-001
         153  -4.664002274233899E-001   3.968287017899156E-001
         154  -6.275100436273384E-001  -2.325211105283703E-001
         155  -6.275100436273384E-001   2.325211105283703E-001
         156  -6.154815739128237E-001  -5.061413642587250E-002
         157  -6.154815739128237E-001   5.061413642587250E-002
         158  -5.332718930126976E-001  -2.769022451730228E-001
         159  -5.332718930126976E-001   2.769022451730228E-001
         160  -5.350733399938983E-001  -3.725824686219494E-002
         161  -5.350733399938983E-001   3.725824686219494E-002
         162  -5.489641215707337E-001  -1.619254646492204E-001
         163  -5.489641215707337E-001   1.619254646492204E-001
         164  -5.439329357339480E-001  -2.185150020329477E-001
         165  -5.439329357339480E-001   2.185150020329477E-001
         166  -4.916897868783073E-001  -2.718499498656878E-001
         167  -4.916897868783073E-001   2.718499498656878E-001
         168  -4.869483321830283E-001  -1.534731537372658E-001
         169  -4.869483321830283E-001   1.534731537372658E-001
         170  -2.800195625995230E-001  -5.026814703560981E-001
         171  -2.800195625995230E-001   5.026814703560981E-001
         172  -2.938168042663355E-001  -4.507698424052049E-001
         173  -2.938168042663355E-001   4.507698424052049E-001
         174  -3.641356683239896E-001  -2.938647175761211E-001
         175  -3.641356683239896E-001   2.938647175761211E-001
         176  -3.297646861117579E-002  -4.960776234650606E-001
         177  -3.297646861117579E-002   4.960776234650606E-001
         178  -2.134851699846877E-001  -3.987133721476642E-001
         179  -2.134851699846877E-001   3.987133721476642E-001
         180   2.461174340381753E-001  -4.180670986609386E-001
         181   2.461174340381753E-001   4.180670986609386E-001
         182  -9.448441415611245E-002  -3.851522518417512E-001
         183  -9.448441415611245E-002   3.851522518417512E-001
         184   9.289764186463413E-002  -3.876330865693397E-001
         185   9.289764186463413E-002   3.876330865693397E-001
         186   3.388250652203197E-002  -3.457898937117159E-001
         187   3.388250652203197E-002   3.457898937117159E-001
         188   1.690818923268957E-001  -2.740101679199634E-001
         189   1.690818923268957E-001   2.740101679199634E-001
         190   2.200623101593771E-001  -1.699591797381023E-001
         191   2.200623101593771E-001   1.699591797381023E-001
         192   2.698111806016745E-001  -5.855588015954688E-002
         193   2.698111806016745E-001   5.855588015954688E-002
         194   2.194992573201689E-001   0.000000000000000E+000
         195   6.190549271258825E-002  -1.468437824785916E-001
         196   6.190549271258825E-002   1.468437824785916E-001



           - AUTOVALORES DIFERENTES E REAIS e positivos - 
          REAL
           1   2.194992573201689E-001
           2   6.208247758586983E-001
           3        1.211703787258785
           4        1.265551858478660
           5        3.350066678178799
**** singularity in row   40
