Exemplo de barra bidimensional          
 32
 36
 64
  1    .000       .000
  2    .125       .000
  3    .250       .000
  4    .375       .000
  5    .500       .000
  6    .625       .000
  7    .750       .000
  8    .875       .000
  9   1.000       .000
 10   1.000       .000
 11   1.000       .125
 12   1.000       .250
 13   1.000       .375
 14   1.000       .500
 15   1.000       .625
 16   1.000       .750
 17   1.000       .875
 18   1.000      1.000
 19   1.000      1.000
 20    .875      1.000
 21    .750      1.000
 22    .625      1.000
 23    .500      1.000
 24    .375      1.000
 25    .250      1.000
 26    .125      1.000
 27    .000      1.000
 28    .000      1.000
 29    .000       .875
 30    .000       .750
 31    .000       .625
 32    .000       .500
 33    .000       .375
 34    .000       .250
 35    .000       .125
 36    .000       .000
 37  .06250     .06250
 38  .18750     .06250
 39  .31250     .06250
 40  .43750     .06250
 41  .56250     .06250
 42  .68750     .06250
 43  .81250     .06250
 44  .93750     .06250
 45  .06250     .18750
 46  .18750     .18750
 47  .31250     .18750
 48  .43750     .18750
 49  .56250     .18750
 50  .68750     .18750
 51  .81250     .18750
 52  .93750     .18750
 53  .06250     .31250
 54  .18750     .31250
 55  .31250     .31250
 56  .43750     .31250
 57  .56250     .31250
 58  .68750     .31250
 59  .81250     .31250
 60  .93750     .31250
 61  .06250     .43750
 62  .18750     .43750
 63  .31250     .43750
 64  .43750     .43750
 65  .56250     .43750
 66  .68750     .43750
 67  .81250     .43750
 68  .93750     .43750
 69  .06250     .56250
 70  .18750     .56250
 71  .31250     .56250
 72  .43750     .56250
 73  .56250     .56250
 74  .68750     .56250
 75  .81250     .56250
 76  .93750     .56250
 77  .06250     .68750
 78  .18750     .68750
 79  .31250     .68750
 80  .43750     .68750
 81  .56250     .68750
 82  .68750     .68750
 83  .81250     .68750
 84  .93750     .68750
 85  .06250     .81250
 86  .18750     .81250
 87  .31250     .81250
 88  .43750     .81250
 89  .56250     .81250
 90  .68750     .81250
 91  .81250     .81250
 92  .93750     .81250
 93  .06250     .93750
 94  .18750     .93750
 95  .31250     .93750
 96  .43750     .93750
 97  .56250     .93750
 98  .68750     .93750
 99  .81250     .93750
100  .93750     .93750
   0   36     .000
   0    0     .000
   0    0     .000
   0    0     .000
   0    0     .000
   0    0     .000
   0    0     .000
   0    0     .000
   0   10     .000
   0    9     .000
   0    0     .000
   0    0     .000
   0    0     .000
   0    0     .000
   0    0     .000
   0    0     .000
   0    0     .000
   0   19     .000
   0   18     .000
   0    0     .000
   0    0     .000
   0    0     .000
   0    0     .000
   0    0     .000
   0    0     .000
   0    0     .000
   0   28     .000
   0   27     .000
   0    0     .000
   0    0     .000
   0    0     .000
   0    0     .000
   0    0     .000
   0    0     .000
   0    0     .000
   0    1     .000
  1    2
  2    3
  3    4
  4    5
  5    6
  6    7
  7    8
  8    9
 10   11
 11   12
 12   13
 13   14
 14   15
 15   16
 16   17
 17   18
 19   20
 20   21
 21   22
 22   23
 23   24
 24   25
 25   26
 26   27
 28   29
 29   30
 30   31
 31   32
 32   33
 33   34
 34   35
 35   36
