 ************************************************************************************************************************
                         Exem


DATA

  NUMERO DE ELEMENTOS DE CONTORNO= 32

  NUMERO DE NÓS FUNCIONAIS= 36

  NUMERO DE PONTOS INTERNOS ONDE A FUNC. É CALCULADA= 64




  COORDENADAS DOS PONTOS FONTE DOS ELEMENTOS DE CONTORNO

    PONTO          X                  Y
        1       .0000000E+00       .0000000E+00
        2       .1250000E+00       .0000000E+00
        3       .2500000E+00       .0000000E+00
        4       .3750000E+00       .0000000E+00
        5       .5000000E+00       .0000000E+00
        6       .6250000E+00       .0000000E+00
        7       .7500000E+00       .0000000E+00
        8       .8750000E+00       .0000000E+00
        9       .1000000E+01       .0000000E+00
       10       .1000000E+01       .0000000E+00
       11       .1000000E+01       .1250000E+00
       12       .1000000E+01       .2500000E+00
       13       .1000000E+01       .3750000E+00
       14       .1000000E+01       .5000000E+00
       15       .1000000E+01       .6250000E+00
       16       .1000000E+01       .7500000E+00
       17       .1000000E+01       .8750000E+00
       18       .1000000E+01       .1000000E+01
       19       .1000000E+01       .1000000E+01
       20       .8750000E+00       .1000000E+01
       21       .7500000E+00       .1000000E+01
       22       .6250000E+00       .1000000E+01
       23       .5000000E+00       .1000000E+01
       24       .3750000E+00       .1000000E+01
       25       .2500000E+00       .1000000E+01
       26       .1250000E+00       .1000000E+01
       27       .0000000E+00       .1000000E+01
       28       .0000000E+00       .1000000E+01
       29       .0000000E+00       .8750000E+00
       30       .0000000E+00       .7500000E+00
       31       .0000000E+00       .6250000E+00
       32       .0000000E+00       .5000000E+00
       33       .0000000E+00       .3750000E+00
       34       .0000000E+00       .2500000E+00
       35       .0000000E+00       .1250000E+00
       36       .0000000E+00       .0000000E+00
       37       .6250000E-01       .6250000E-01
       38       .1875000E+00       .6250000E-01
       39       .3125000E+00       .6250000E-01
       40       .4375000E+00       .6250000E-01
       41       .5625000E+00       .6250000E-01
       42       .6875000E+00       .6250000E-01
       43       .8125000E+00       .6250000E-01
       44       .9375000E+00       .6250000E-01
       45       .6250000E-01       .1875000E+00
       46       .1875000E+00       .1875000E+00
       47       .3125000E+00       .1875000E+00
       48       .4375000E+00       .1875000E+00
       49       .5625000E+00       .1875000E+00
       50       .6875000E+00       .1875000E+00
       51       .8125000E+00       .1875000E+00
       52       .9375000E+00       .1875000E+00
       53       .6250000E-01       .3125000E+00
       54       .1875000E+00       .3125000E+00
       55       .3125000E+00       .3125000E+00
       56       .4375000E+00       .3125000E+00
       57       .5625000E+00       .3125000E+00
       58       .6875000E+00       .3125000E+00
       59       .8125000E+00       .3125000E+00
       60       .9375000E+00       .3125000E+00
       61       .6250000E-01       .4375000E+00
       62       .1875000E+00       .4375000E+00
       63       .3125000E+00       .4375000E+00
       64       .4375000E+00       .4375000E+00
       65       .5625000E+00       .4375000E+00
       66       .6875000E+00       .4375000E+00
       67       .8125000E+00       .4375000E+00
       68       .9375000E+00       .4375000E+00
       69       .6250000E-01       .5625000E+00
       70       .1875000E+00       .5625000E+00
       71       .3125000E+00       .5625000E+00
       72       .4375000E+00       .5625000E+00
       73       .5625000E+00       .5625000E+00
       74       .6875000E+00       .5625000E+00
       75       .8125000E+00       .5625000E+00
       76       .9375000E+00       .5625000E+00
       77       .6250000E-01       .6875000E+00
       78       .1875000E+00       .6875000E+00
       79       .3125000E+00       .6875000E+00
       80       .4375000E+00       .6875000E+00
       81       .5625000E+00       .6875000E+00
       82       .6875000E+00       .6875000E+00
       83       .8125000E+00       .6875000E+00
       84       .9375000E+00       .6875000E+00
       85       .6250000E-01       .8125000E+00
       86       .1875000E+00       .8125000E+00
       87       .3125000E+00       .8125000E+00
       88       .4375000E+00       .8125000E+00
       89       .5625000E+00       .8125000E+00
       90       .6875000E+00       .8125000E+00
       91       .8125000E+00       .8125000E+00
       92       .9375000E+00       .8125000E+00
       93       .6250000E-01       .9375000E+00
       94       .1875000E+00       .9375000E+00
       95       .3125000E+00       .9375000E+00
       96       .4375000E+00       .9375000E+00
       97       .5625000E+00       .9375000E+00
       98       .6875000E+00       .9375000E+00
       99       .8125000E+00       .9375000E+00
      100       .9375000E+00       .9375000E+00


  CONDICOES DE CONTORNO

       INDICE   NÓ        NÓ          VALOR PRESCRITO
       1        0         36          .0000000E+00
       2        0          0          .0000000E+00
       3        0          0          .0000000E+00
       4        0          0          .0000000E+00
       5        0          0          .0000000E+00
       6        0          0          .0000000E+00
       7        0          0          .0000000E+00
       8        0          0          .0000000E+00
       9        0         10          .0000000E+00
      10        0          9          .0000000E+00
      11        0          0          .0000000E+00
      12        0          0          .0000000E+00
      13        0          0          .0000000E+00
      14        0          0          .0000000E+00
      15        0          0          .0000000E+00
      16        0          0          .0000000E+00
      17        0          0          .0000000E+00
      18        0         19          .0000000E+00
      19        0         18          .0000000E+00
      20        0          0          .0000000E+00
      21        0          0          .0000000E+00
      22        0          0          .0000000E+00
      23        0          0          .0000000E+00
      24        0          0          .0000000E+00
      25        0          0          .0000000E+00
      26        0          0          .0000000E+00
      27        0         28          .0000000E+00
      28        0         27          .0000000E+00
      29        0          0          .0000000E+00
      30        0          0          .0000000E+00
      31        0          0          .0000000E+00
      32        0          0          .0000000E+00
      33        0          0          .0000000E+00
      34        0          0          .0000000E+00
      35        0          0          .0000000E+00
      36        0          1          .0000000E+00


  INCIDENCIA DOS NOS GEOMETRICOS

       INDICE     PRIM. NÓ      SEG. NÓ
       1          1       2
       2          2       3
       3          3       4
       4          4       5
       5          5       6
       6          6       7
       7          7       8
       8          8       9
       9         10      11
      10         11      12
      11         12      13
      12         13      14
      13         14      15
      14         15      16
      15         16      17
      16         17      18
      17         19      20
      18         20      21
      19         21      22
      20         22      23
      21         23      24
      22         24      25
      23         25      26
      24         26      27
      25         28      29
      26         29      30
      27         30      31
      28         31      32
      29         32      33
      30         33      34
      31         34      35
      32         35      36
 NOVAS COORDENADAS DOS NOS DUPLOS
      .0025      .0000
      .1250      .0000
      .2500      .0000
      .3750      .0000
      .5000      .0000
      .6250      .0000
      .7500      .0000
      .8750      .0000
      .9975      .0000
     1.0000      .0025
     1.0000      .1250
     1.0000      .2500
     1.0000      .3750
     1.0000      .5000
     1.0000      .6250
     1.0000      .7500
     1.0000      .8750
     1.0000      .9975
      .9975     1.0000
      .8750     1.0000
      .7500     1.0000
      .6250     1.0000
      .5000     1.0000
      .3750     1.0000
      .2500     1.0000
      .1250     1.0000
      .0025     1.0000
      .0000      .9975
      .0000      .8750
      .0000      .7500
      .0000      .6250
      .0000      .5000
      .0000      .3750
      .0000      .2500
      .0000      .1250
      .0000      .0025
   
 VALORES DE DFI  ************************************
      1   .0000
      2   .0000
      3   .0000
      4   .0000
      5   .0000
      6   .0000
      7   .0000
      8   .0000
      9   .0000
     10   .0000
     11   .0000
     12   .0000
     13   .0000
     14   .0000
     15   .0000
     16   .0000
     17   .0000
     18   .0000
     19   .0000
     20   .0000
     21   .0000
     22   .0000
     23   .0000
     24   .0000
     25   .0000
     26   .0000
     27   .0000
     28   .0000
     29   .0000
     30   .0000
     31   .0000
     32   .0000
     33   .0000
     34   .0000
     35   .0000
     36   .0000
     37   .0000
     38   .0000
     39   .0000
     40   .0000
     41   .0000
     42   .0000
     43   .0000
     44   .0000
     45   .0000
     46   .0000
     47   .0000
     48   .0000
     49   .0000
     50   .0000
     51   .0000
     52   .0000
     53   .0000
     54   .0000
     55   .0000
     56   .0000
     57   .0000
     58   .0000
     59   .0000
     60   .0000
     61   .0000
     62   .0000
     63   .0000
     64   .0000
     65   .0000
     66   .0000
     67   .0000
     68   .0000
     69   .0000
     70   .0000
     71   .0000
     72   .0000
     73   .0000
     74   .0000
     75   .0000
     76   .0000
     77   .0000
     78   .0000
     79   .0000
     80   .0000
     81   .0000
     82   .0000
     83   .0000
     84   .0000
     85   .0000
     86   .0000
     87   .0000
     88   .0000
     89   .0000
     90   .0000
     91   .0000
     92   .0000
     93   .0000
     94   .0000
     95   .0000
     96   .0000
     97   .0000
     98   .0000
     99   .0000
    100   .0000
 VALORES DE AUTOV DE ENTRADA ************************
   
 VALORES DE WR_POS ORIGINAIS ************************
      1    .00000
      2    .00000
      3    .00000
      4    .00000
      5    .00000
      6    .00000
      7    .00000
      8    .00000
      9    .00000
     10    .00000
     11    .00000
     12    .00000
     13    .00000
     14    .00000
     15    .00000
     16    .00000
     17    .00000
     18    .00000
     19    .00000
     20    .00000
     21    .00000
     22    .00000
     23    .00000
     24    .00000
     25    .00000
     26    .00000
     27    .00000
     28    .00000
     29    .00000
     30    .00000
     31    .00000
     32    .00000
     33    .00000
     34    .00000
     35    .00000
     36    .00000
     37    .00000
     38    .00000
     39    .00000
     40    .00000
     41    .00000
     42    .00000
     43    .00000
     44    .00000
     45    .00000
     46    .00000
     47    .00000
     48    .00000
     49    .00000
     50    .00000
     51    .00000
     52    .00000
     53    .00000
     54    .00000
     55    .00000
     56    .00000
     57    .00000
     58    .00000
     59    .00000
     60    .00000
     61    .00000
     62    .00000
     63    .00000
     64    .00000
     65    .00000
     66    .00000
     67    .00000
     68    .00000
     69    .00000
     70    .00000
     71    .00000
     72    .00000
     73    .00000
     74    .00000
     75    .00000
     76    .00000
     77    .00000
     78    .00000
     79    .00000
     80    .00000
     81    .00000
     82    .00000
     83    .00000
     84    .00000
     85    .00000
     86    .00000
     87    .00000
     88    .00000
     89    .00000
     90    .00000
     91    .00000
     92    .00000
     93    .00000
     94    .00000
     95    .00000
     96    .00000
     97    .00000
     98    .00000
     99    .00000
    100    .00000
    101    .00000
    102    .00000
    103    .00000
    104    .00000
    105    .00000
    106    .00000
    107    .00000
    108    .00000
    109    .00000
    110    .00000
    111    .00000
    112    .00000
    113    .00000
    114    .00000
    115    .00000
    116    .00000
    117    .00000
    118    .00000
    119    .00000
    120    .00000
    121    .00000
    122    .00000
    123    .00000
    124    .00000
    125    .00000
    126    .00000
    127    .00000
    128    .00000
    129    .00000
    130    .00000
    131    .00000
    132    .00000
    133    .00000
    134    .00000
    135    .00000
    136    .00000
    137    .00000
    138    .00000
    139    .00000
    140    .00000
    141    .00000
    142    .00000
    143    .00000
    144    .00000
    145    .00000
    146    .00000
    147    .00000
    148    .00000
    149    .00000
    150    .00000
    151    .00000
    152    .00000
    153    .00000
    154    .00000
    155    .00000
    156    .00000
    157    .00000
    158    .00000
    159    .00000
    160    .00000
    161    .00000
    162    .00000
    163    .00000
    164    .00000
    165    .00000
    166    .00000
    167    .00000
    168    .00000
    169    .00000
    170    .00000
    171    .00000
    172    .00000
    173    .00000
    174    .00000
    175    .00000
    176    .00000
    177    .00000
    178    .00000
    179    .00000
    180    .00000
    181    .00000
    182    .00000
    183    .00000
    184    .00000
    185    .00000
    186    .00000
    187    .00000
    188    .00000
    189    .00000
    190    .00000
    191    .00000
    192    .00000
    193    .00000
    194    .00000
    195    .00000
    196    .00000
    197    .00000
    198    .00000
    199    .00000
    200    .00000
    201    .00000
    202    .00000
    203    .00000
    204    .00000
    205    .00000
    206    .00000
    207    .00000
    208    .00000
    209    .00000
    210    .00000
    211    .00000
    212    .00000
    213    .00000
    214    .00000
    215    .00000
    216    .00000
    217    .00000
    218    .00000
    219    .00000
    220    .00000
    221    .00000
    222    .00000
    223    .00000
    224    .00000
    225    .00000
    226    .00000
    227    .00000
    228    .00000
    229    .00000
    230    .00000
    231    .00000
    232    .00000
    233    .00000
    234    .00000
    235    .00000
    236    .00000
    237    .00000
    238    .00000
    239    .00000
    240    .00000
    241    .00000
    242    .00000
    243    .00000
    244    .00000
    245    .00000
    246    .00000
    247    .00000
    248    .00000
    249    .00000
    250    .00000
    251    .00000
    252    .00000
    253    .00000
    254    .00000
    255    .00000
    256    .00000
   
 VALORES DE WRA  ************************************
 WRA ORIGINAL POSSUIA         256 NUM., REDUZIDO PARA         130 NUM.
      1    .54615
      2   1.35315
      3    .85966
      4   1.07854
      5    .96290
      6   1.01908
      7    .99059
      8   1.00474
      9    .99764
     10   1.00118
     11    .99941
     12   1.00030
     13    .99985
     14   1.00007
     15    .99996
     16   1.00002
     17    .99999
     18   1.00000
     19   1.00000
     20   1.00000
     21   1.00000
     22   1.00000
     23   1.00000
     24   1.00000
     25   1.00000
     26   1.00000
     27   1.00000
     28   1.00000
     29   1.00000
     30   1.00000
     31   1.00000
     32   1.00000
     33   1.00000
     34   1.00000
     35   1.00000
     36   1.00000
     37   1.00000
     38   1.00000
     39   1.00000
     40   1.00000
     41   1.00000
     42   1.00000
     43   1.00000
     44   1.00000
     45   1.00000
     46   1.00000
     47   1.00000
     48   1.00000
     49   1.00000
     50   1.00000
     51   1.00000
     52   1.00000
     53   1.00000
     54   1.00000
     55   1.00000
     56   1.00000
     57   1.00000
     58   1.00000
     59   1.00000
     60   1.00000
     61   1.00000
     62   1.00000
     63   1.00000
     64   1.00000
     65   1.00000
     66   1.00000
     67   1.00000
     68   1.00000
     69   1.00000
     70   1.00000
     71   1.00000
     72   1.00000
     73   1.00000
     74   1.00000
     75   1.00000
     76   1.00000
     77   1.00000
     78   1.00000
     79   1.00000
     80   1.00000
     81   1.00000
     82   1.00000
     83   1.00000
     84   1.00000
     85   1.00000
     86   1.00000
     87   1.00000
     88   1.00000
     89   1.00000
     90   1.00000
     91   1.00000
     92   1.00000
     93   1.00000
     94   1.00000
     95   1.00000
     96   1.00000
     97   1.00000
     98   1.00000
     99   1.00000
    100   1.00000
    101   1.00000
    102   1.00000
    103   1.00000
    104   1.00000
    105   1.00000
    106   1.00000
    107   1.00000
    108   1.00000
    109   1.00000
    110   1.00000
    111   1.00000
    112   1.00000
    113   1.00000
    114   1.00000
    115   1.00000
    116   1.00000
    117   1.00000
    118   1.00000
    119   1.00000
    120   1.00000
    121   1.00000
    122   1.00000
    123   1.00000
    124   1.00000
    125   1.00000
    126   1.00000
    127   1.00000
    128   1.00000
    129   1.00000
    130   1.00000



           - AUTOVALORES - 
          REAL     IMAGINARIO
           1       -4.069467997114847   0.000000000000000E+000
           2        3.352577033223661   0.000000000000000E+000
           3        1.410063477294817       -2.302864874620683
           4        1.410063477294817        2.302864874620683
           5   9.034703222724898E-001       -2.487341883961301
           6   9.034703222724898E-001        2.487341883961301
           7   1.678790966661312E-001       -2.644446729667080
           8   1.678790966661312E-001        2.644446729667080
           9        2.412202632484624  -8.993751818498836E-001
          10        2.412202632484624   8.993751818498836E-001
          11        1.983102373940903       -1.580952684608518
          12        1.983102373940903        1.580952684608518
          13  -1.749580409197109E-001       -2.497645948759513
          14  -1.749580409197109E-001        2.497645948759513
          15        2.327843257453246  -1.870650694188254E-001
          16        2.327843257453246   1.870650694188254E-001
          17  -9.101284852767684E-001       -2.163088220411447
          18  -9.101284852767684E-001        2.163088220411447
          19        2.182940734819081  -2.888454255624010E-001
          20        2.182940734819081   2.888454255624010E-001
          21        1.959477298315663  -8.419275469604997E-001
          22        1.959477298315663   8.419275469604997E-001
          23        1.749751109612453       -1.182842696424891
          24        1.749751109612453        1.182842696424891
          25        1.505129969620308       -1.397309479236785
          26        1.505129969620308        1.397309479236785
          27        1.288703814443380       -1.553408164124209
          28        1.288703814443380        1.553408164124209
          29        1.002084721839731       -1.499892497182564
          30        1.002084721839731        1.499892497182564
          31       -1.521627433245673       -1.247316284443538
          32       -1.521627433245673        1.247316284443538
          33       -1.041015074082898       -1.417616761147048
          34       -1.041015074082898        1.417616761147048
          35   3.799179329701980E-001       -1.475616961875954
          36   3.799179329701980E-001        1.475616961875954
          37       -1.676750080968785  -3.196792803352673E-001
          38       -1.676750080968785   3.196792803352673E-001
          39       -1.697853510355805  -7.130929524306119E-002
          40       -1.697853510355805   7.130929524306119E-002
          41       -1.398507939353257  -4.673551288929533E-001
          42       -1.398507939353257   4.673551288929533E-001
          43  -3.403859262505747E-001       -1.319788302853082
          44  -3.403859262505747E-001        1.319788302853082
          45        1.125391358021884  -4.675100197428653E-001
          46        1.125391358021884   4.675100197428653E-001
          47        1.152636337689616  -2.593598628511058E-001
          48        1.152636337689616   2.593598628511058E-001
          49        1.163002740237980  -1.790975717534542E-001
          50        1.163002740237980   1.790975717534542E-001
          51   2.669355853324287E-001       -1.281953913560717
          52   2.669355853324287E-001        1.281953913560717
          53   8.691176959136506E-001  -8.451180341603559E-001
          54   8.691176959136506E-001   8.451180341603559E-001
          55       -1.158720244986195  -7.874054841956693E-001
          56       -1.158720244986195   7.874054841956693E-001
          57  -7.368767868158215E-001       -1.135203045933595
          58  -7.368767868158215E-001        1.135203045933595
          59   9.465513885582694E-002       -1.268538345404908
          60   9.465513885582694E-002        1.268538345404908
          61        1.066529185875955  -7.452632861929380E-003
          62        1.066529185875955   7.452632861929380E-003
          63   9.989482853127175E-001  -4.599232313350047E-001
          64   9.989482853127175E-001   4.599232313350047E-001
          65        1.024143263225095  -2.205352513709331E-001
          66        1.024143263225095   2.205352513709331E-001
          67   7.588606420217778E-001  -8.482867698548429E-001
          68   7.588606420217778E-001   8.482867698548429E-001
          69   8.912935950551653E-001  -6.066820828509433E-001
          70   8.912935950551653E-001   6.066820828509433E-001
          71   9.062085316271928E-001  -5.706382526529761E-001
          72   9.062085316271928E-001   5.706382526529761E-001
          73   1.549466389585441E-001       -1.234880303032012
          74   1.549466389585441E-001        1.234880303032012
          75   9.354923101842010E-001  -4.431793653857781E-001
          76   9.354923101842010E-001   4.431793653857781E-001
          77   6.901451340812140E-001  -8.578083205054591E-001
          78   6.901451340812140E-001   8.578083205054591E-001
          79   6.991691079778604E-001  -8.308206936611539E-001
          80   6.991691079778604E-001   8.308206936611539E-001
          81   8.854625311963149E-001  -4.190796932127424E-001
          82   8.854625311963149E-001   4.190796932127424E-001
          83   5.310974883159212E-001  -9.679169034648647E-001
          84   5.310974883159212E-001   9.679169034648647E-001
          85   6.729231741700466E-001  -7.800320545478147E-001
          86   6.729231741700466E-001   7.800320545478147E-001
          87   8.988217363043232E-001  -1.640976450464945E-001
          88   8.988217363043232E-001   1.640976450464945E-001
          89   8.603517619575442E-001  -3.033994576304571E-001
          90   8.603517619575442E-001   3.033994576304571E-001
          91   4.777495922150717E-001  -9.572224379089218E-001
          92   4.777495922150717E-001   9.572224379089218E-001
          93   4.434607090789404E-001  -9.502120837094571E-001
          94   4.434607090789404E-001   9.502120837094571E-001
          95   1.510524445111056E-001       -1.082353955653091
          96   1.510524445111056E-001        1.082353955653091
          97   1.246010474797754E-001       -1.086158831289937
          98   1.246010474797754E-001        1.086158831289937
          99   3.770634147335875E-002       -1.115042935772314
         100   3.770634147335875E-002        1.115042935772314
         101   3.371506462249165E-001  -9.514607413775539E-001
         102   3.371506462249165E-001   9.514607413775539E-001
         103   7.380252077534111E-001  -3.774374745520311E-001
         104   7.380252077534111E-001   3.774374745520311E-001
         105   7.693499235683785E-001  -1.261979366286753E-001
         106   7.693499235683785E-001   1.261979366286753E-001
         107  -4.391102252158999E-001       -1.096009560319690
         108  -4.391102252158999E-001        1.096009560319690
         109  -6.706287859870264E-002       -1.064103184451450
         110  -6.706287859870264E-002        1.064103184451450
         111   2.245159757992904E-002       -1.034597552062754
         112   2.245159757992904E-002        1.034597552062754
         113   5.316961604522688E-001  -6.000370716295699E-001
         114   5.316961604522688E-001   6.000370716295699E-001
         115   4.836223770169906E-001  -6.498908233540968E-001
         116   4.836223770169906E-001   6.498908233540968E-001
         117   2.466104139803174E-001  -8.710149101449199E-001
         118   2.466104139803174E-001   8.710149101449199E-001
         119  -6.880938171198658E-001  -9.943840161555048E-001
         120  -6.880938171198658E-001   9.943840161555048E-001
         121  -2.123821622591966E-001       -1.004951735310472
         122  -2.123821622591966E-001        1.004951735310472
         123   3.362831751452268E-001  -6.995484950365741E-001
         124   3.362831751452268E-001   6.995484950365741E-001
         125   5.739703152939572E-001  -2.357699901257891E-001
         126   5.739703152939572E-001   2.357699901257891E-001
         127       -1.046224633491093  -6.358689718345655E-001
         128       -1.046224633491093   6.358689718345655E-001
         129  -4.150410345815165E-001  -9.849881171192519E-001
         130  -4.150410345815165E-001   9.849881171192519E-001
         131  -4.780830269934477E-001  -9.735773942587087E-001
         132  -4.780830269934477E-001   9.735773942587087E-001
         133  -4.284438408808978E-001  -9.591036821886558E-001
         134  -4.284438408808978E-001   9.591036821886558E-001
         135  -3.898383334036281E-001  -9.359223843034007E-001
         136  -3.898383334036281E-001   9.359223843034007E-001
         137  -6.382002042643331E-001  -8.895442194799049E-001
         138  -6.382002042643331E-001   8.895442194799049E-001
         139       -1.190201246924630  -2.680101199911496E-002
         140       -1.190201246924630   2.680101199911496E-002
         141       -1.124812674741177  -3.558822890986740E-001
         142       -1.124812674741177   3.558822890986740E-001
         143       -1.096876959284661  -3.698026378433064E-001
         144       -1.096876959284661   3.698026378433064E-001
         145       -1.149591487362810  -4.545689884899995E-003
         146       -1.149591487362810   4.545689884899995E-003
         147       -1.107085353662239  -2.119204241064181E-001
         148       -1.107085353662239   2.119204241064181E-001
         149  -9.991835446134016E-001  -5.198822644887532E-001
         150  -9.991835446134016E-001   5.198822644887532E-001
         151  -9.509866243407396E-001  -6.079764076813916E-001
         152  -9.509866243407396E-001   6.079764076813916E-001
         153  -9.514424384189967E-001  -5.706158683909298E-001
         154  -9.514424384189967E-001   5.706158683909298E-001
         155   1.848230750104409E-001  -7.587882925306665E-001
         156   1.848230750104409E-001   7.587882925306665E-001
         157   2.005361903112704E-002  -8.229488214241685E-001
         158   2.005361903112704E-002   8.229488214241685E-001
         159       -1.018247434756089  -1.340123032927104E-001
         160       -1.018247434756089   1.340123032927104E-001
         161  -8.394575789166708E-001  -5.957238548229137E-001
         162  -8.394575789166708E-001   5.957238548229137E-001
         163  -9.657060394674067E-001  -3.093350276636336E-001
         164  -9.657060394674067E-001   3.093350276636336E-001
         165  -9.502228610844825E-001  -3.470894928582822E-001
         166  -9.502228610844825E-001   3.470894928582822E-001
         167  -6.199441536461225E-001  -7.968573090002025E-001
         168  -6.199441536461225E-001   7.968573090002025E-001
         169  -7.165803206698289E-001  -6.625114295505659E-001
         170  -7.165803206698289E-001   6.625114295505659E-001
         171  -6.747689257868341E-001  -7.064660921235921E-001
         172  -6.747689257868341E-001   7.064660921235921E-001
         173  -6.210888854177354E-001  -7.422699961361525E-001
         174  -6.210888854177354E-001   7.422699961361525E-001
         175  -7.668424155488247E-001  -5.836872357540581E-001
         176  -7.668424155488247E-001   5.836872357540581E-001
         177  -3.045086368885712E-001  -8.175001383496320E-001
         178  -3.045086368885712E-001   8.175001383496320E-001
         179  -5.209849128354909E-001  -7.587681829710696E-001
         180  -5.209849128354909E-001   7.587681829710696E-001
         181  -5.506138058955821E-001  -7.333065293356399E-001
         182  -5.506138058955821E-001   7.333065293356399E-001
         183  -8.247861058131423E-001  -4.423072312404254E-001
         184  -8.247861058131423E-001   4.423072312404254E-001
         185  -4.508365616940878E-001  -7.352233562102886E-001
         186  -4.508365616940878E-001   7.352233562102886E-001
         187  -8.638517898658167E-001  -1.123645718174511E-001
         188  -8.638517898658167E-001   1.123645718174511E-001
         189  -8.329161092158287E-001  -5.928024316510129E-002
         190  -8.329161092158287E-001   5.928024316510129E-002
         191  -8.022465549640807E-001  -2.154418614628795E-001
         192  -8.022465549640807E-001   2.154418614628795E-001
         193  -8.120511711513816E-001  -1.351986650664900E-001
         194  -8.120511711513816E-001   1.351986650664900E-001
         195  -7.284335940594264E-001  -2.760488753215156E-001
         196  -7.284335940594264E-001   2.760488753215156E-001
         197  -6.788392583850937E-001  -3.437661615238675E-001
         198  -6.788392583850937E-001   3.437661615238675E-001
         199  -6.887398454730852E-001  -1.073554139948775E-001
         200  -6.887398454730852E-001   1.073554139948775E-001
         201  -6.306500800237074E-001  -2.233944507245000E-001
         202  -6.306500800237074E-001   2.233944507245000E-001
         203  -6.281654138833291E-001   0.000000000000000E+000
         204  -4.876474517008164E-001  -5.902769438342020E-001
         205  -4.876474517008164E-001   5.902769438342020E-001
         206  -5.556975273412306E-001  -4.443005595674305E-001
         207  -5.556975273412306E-001   4.443005595674305E-001
         208  -2.943122067701792E-001  -7.185814352669900E-001
         209  -2.943122067701792E-001   7.185814352669900E-001
         210   2.749196100196932E-002  -7.393446787849143E-001
         211   2.749196100196932E-002   7.393446787849143E-001
         212  -2.647738947458982E-001  -6.781105374822285E-001
         213  -2.647738947458982E-001   6.781105374822285E-001
         214   4.764343845377843E-001   0.000000000000000E+000
         215   4.234405422248930E-001  -1.329868162577031E-001
         216   4.234405422248930E-001   1.329868162577031E-001
         217   4.183604909485236E-001  -1.560102840813469E-002
         218   4.183604909485236E-001   1.560102840813469E-002
         219   3.987175700573306E-001  -1.734747233696404E-001
         220   3.987175700573306E-001   1.734747233696404E-001
         221   3.565261860238713E-001  -2.554752863301079E-001
         222   3.565261860238713E-001   2.554752863301079E-001
         223   3.090166167941183E-001  -3.719286958116159E-001
         224   3.090166167941183E-001   3.719286958116159E-001
         225   3.050128146866256E-001  -3.448870894914803E-001
         226   3.050128146866256E-001   3.448870894914803E-001
         227   2.902689976329434E-001  -2.844944845147999E-001
         228   2.902689976329434E-001   2.844944845147999E-001
         229   2.420599063013642E-001  -3.775098175802269E-001
         230   2.420599063013642E-001   3.775098175802269E-001
         231   2.029728695895267E-001  -4.291024180953805E-001
         232   2.029728695895267E-001   4.291024180953805E-001
         233  -8.333859997211666E-002  -6.701182757129426E-001
         234  -8.333859997211666E-002   6.701182757129426E-001
         235   1.301444098837681E-001  -4.876197078726622E-001
         236   1.301444098837681E-001   4.876197078726622E-001
         237   9.220184955132785E-002  -5.134839542462022E-001
         238   9.220184955132785E-002   5.134839542462022E-001
         239   1.094977874962910E-002  -5.406664046689840E-001
         240   1.094977874962910E-002   5.406664046689840E-001
         241   1.909783363445032E-002  -4.617138254867332E-001
         242   1.909783363445032E-002   4.617138254867332E-001
         243  -7.390803857552897E-002  -5.808803554298838E-001
         244  -7.390803857552897E-002   5.808803554298838E-001
         245  -6.667150042451972E-002  -5.510737633931104E-001
         246  -6.667150042451972E-002   5.510737633931104E-001
         247  -3.149483494915302E-001  -6.047700600853400E-001
         248  -3.149483494915302E-001   6.047700600853400E-001
         249  -2.234190031350162E-001  -5.413883775127182E-001
         250  -2.234190031350162E-001   5.413883775127182E-001
         251  -3.669537047842282E-001  -4.848264410016744E-001
         252  -3.669537047842282E-001   4.848264410016744E-001
         253  -4.053125548694502E-001  -4.408727232706697E-001
         254  -4.053125548694502E-001   4.408727232706697E-001
         255  -3.233241996862780E-001  -2.979286884522900E-001
         256  -3.233241996862780E-001   2.979286884522900E-001



           - AUTOVALORES DIFERENTES E REAIS e positivos - 
          REAL
           1   4.764343845377843E-001
           2        3.352577033223661
