 ************************************************************************************************************************
                         Exem


data

  number of boundary elements= 32

  number of functional nodes= 36

  number of internal source points where the funct. is calculated= 64




  coordinates of the source points of the boundary el ements

    point          x                  y
        1       .0000000E+00       .0000000E+00
        2       .1250000E+00       .0000000E+00
        3       .2500000E+00       .0000000E+00
        4       .3750000E+00       .0000000E+00
        5       .5000000E+00       .0000000E+00
        6       .6250000E+00       .0000000E+00
        7       .7500000E+00       .0000000E+00
        8       .8750000E+00       .0000000E+00
        9       .1000000E+01       .0000000E+00
       10       .1000000E+01       .0000000E+00
       11       .1000000E+01       .1250000E+00
       12       .1000000E+01       .2500000E+00
       13       .1000000E+01       .3750000E+00
       14       .1000000E+01       .5000000E+00
       15       .1000000E+01       .6250000E+00
       16       .1000000E+01       .7500000E+00
       17       .1000000E+01       .8750000E+00
       18       .1000000E+01       .1000000E+01
       19       .1000000E+01       .1000000E+01
       20       .8750000E+00       .1000000E+01
       21       .7500000E+00       .1000000E+01
       22       .6250000E+00       .1000000E+01
       23       .5000000E+00       .1000000E+01
       24       .3750000E+00       .1000000E+01
       25       .2500000E+00       .1000000E+01
       26       .1250000E+00       .1000000E+01
       27       .0000000E+00       .1000000E+01
       28       .0000000E+00       .1000000E+01
       29       .0000000E+00       .8750000E+00
       30       .0000000E+00       .7500000E+00
       31       .0000000E+00       .6250000E+00
       32       .0000000E+00       .5000000E+00
       33       .0000000E+00       .3750000E+00
       34       .0000000E+00       .2500000E+00
       35       .0000000E+00       .1250000E+00
       36       .0000000E+00       .0000000E+00
       37       .6250000E-01       .6250000E-01
       38       .1875000E+00       .6250000E-01
       39       .3125000E+00       .6250000E-01
       40       .4375000E+00       .6250000E-01
       41       .5625000E+00       .6250000E-01
       42       .6875000E+00       .6250000E-01
       43       .8125000E+00       .6250000E-01
       44       .9375000E+00       .6250000E-01
       45       .6250000E-01       .1875000E+00
       46       .1875000E+00       .1875000E+00
       47       .3125000E+00       .1875000E+00
       48       .4375000E+00       .1875000E+00
       49       .5625000E+00       .1875000E+00
       50       .6875000E+00       .1875000E+00
       51       .8125000E+00       .1875000E+00
       52       .9375000E+00       .1875000E+00
       53       .6250000E-01       .3125000E+00
       54       .1875000E+00       .3125000E+00
       55       .3125000E+00       .3125000E+00
       56       .4375000E+00       .3125000E+00
       57       .5625000E+00       .3125000E+00
       58       .6875000E+00       .3125000E+00
       59       .8125000E+00       .3125000E+00
       60       .9375000E+00       .3125000E+00
       61       .6250000E-01       .4375000E+00
       62       .1875000E+00       .4375000E+00
       63       .3125000E+00       .4375000E+00
       64       .4375000E+00       .4375000E+00
       65       .5625000E+00       .4375000E+00
       66       .6875000E+00       .4375000E+00
       67       .8125000E+00       .4375000E+00
       68       .9375000E+00       .4375000E+00
       69       .6250000E-01       .5625000E+00
       70       .1875000E+00       .5625000E+00
       71       .3125000E+00       .5625000E+00
       72       .4375000E+00       .5625000E+00
       73       .5625000E+00       .5625000E+00
       74       .6875000E+00       .5625000E+00
       75       .8125000E+00       .5625000E+00
       76       .9375000E+00       .5625000E+00
       77       .6250000E-01       .6875000E+00
       78       .1875000E+00       .6875000E+00
       79       .3125000E+00       .6875000E+00
       80       .4375000E+00       .6875000E+00
       81       .5625000E+00       .6875000E+00
       82       .6875000E+00       .6875000E+00
       83       .8125000E+00       .6875000E+00
       84       .9375000E+00       .6875000E+00
       85       .6250000E-01       .8125000E+00
       86       .1875000E+00       .8125000E+00
       87       .3125000E+00       .8125000E+00
       88       .4375000E+00       .8125000E+00
       89       .5625000E+00       .8125000E+00
       90       .6875000E+00       .8125000E+00
       91       .8125000E+00       .8125000E+00
       92       .9375000E+00       .8125000E+00
       93       .6250000E-01       .9375000E+00
       94       .1875000E+00       .9375000E+00
       95       .3125000E+00       .9375000E+00
       96       .4375000E+00       .9375000E+00
       97       .5625000E+00       .9375000E+00
       98       .6875000E+00       .9375000E+00
       99       .8125000E+00       .9375000E+00
      100       .9375000E+00       .9375000E+00


  boundary conditions

     node      code     prescribed value
       1        0         36          .0000000E+00
       2        0          0          .0000000E+00
       3        0          0          .0000000E+00
       4        0          0          .0000000E+00
       5        0          0          .0000000E+00
       6        0          0          .0000000E+00
       7        0          0          .0000000E+00
       8        0          0          .0000000E+00
       9        0         10          .0000000E+00
      10        0          9          .0000000E+00
      11        0          0          .0000000E+00
      12        0          0          .0000000E+00
      13        0          0          .0000000E+00
      14        0          0          .0000000E+00
      15        0          0          .0000000E+00
      16        0          0          .0000000E+00
      17        0          0          .0000000E+00
      18        0         19          .0000000E+00
      19        0         18          .0000000E+00
      20        0          0          .0000000E+00
      21        0          0          .0000000E+00
      22        0          0          .0000000E+00
      23        0          0          .0000000E+00
      24        0          0          .0000000E+00
      25        0          0          .0000000E+00
      26        0          0          .0000000E+00
      27        0         28          .0000000E+00
      28        0         27          .0000000E+00
      29        0          0          .0000000E+00
      30        0          0          .0000000E+00
      31        0          0          .0000000E+00
      32        0          0          .0000000E+00
      33        0          0          .0000000E+00
      34        0          0          .0000000E+00
      35        0          0          .0000000E+00
      36        0          1          .0000000E+00


  incidence of geometric nodes

      first node      second node

       1          1       2
       2          2       3
       3          3       4
       4          4       5
       5          5       6
       6          6       7
       7          7       8
       8          8       9
       9         10      11
      10         11      12
      11         12      13
      12         13      14
      13         14      15
      14         15      16
      15         16      17
      16         17      18
      17         19      20
      18         20      21
      19         21      22
      20         22      23
      21         23      24
      22         24      25
      23         25      26
      24         26      27
      25         28      29
      26         29      30
      27         30      31
      28         31      32
      29         32      33
      30         33      34
      31         34      35
      32         35      36
 NOVAS COORDENADAS DOS NOS DUPLOS
      .0025      .0000
      .1250      .0000
      .2500      .0000
      .3750      .0000
      .5000      .0000
      .6250      .0000
      .7500      .0000
      .8750      .0000
      .9975      .0000
     1.0000      .0025
     1.0000      .1250
     1.0000      .2500
     1.0000      .3750
     1.0000      .5000
     1.0000      .6250
     1.0000      .7500
     1.0000      .8750
     1.0000      .9975
      .9975     1.0000
      .8750     1.0000
      .7500     1.0000
      .6250     1.0000
      .5000     1.0000
      .3750     1.0000
      .2500     1.0000
      .1250     1.0000
      .0025     1.0000
      .0000      .9975
      .0000      .8750
      .0000      .7500
      .0000      .6250
      .0000      .5000
      .0000      .3750
      .0000      .2500
      .0000      .1250
      .0000      .0025
   
 VALORES DE DFI  ************************************
      1   .0000
      2   .0000
      3   .0000
      4   .0000
      5   .0000
      6   .0000
      7   .0000
      8   .0000
      9   .0000
     10   .0000
     11   .0000
     12   .0000
     13   .0000
     14   .0000
     15   .0000
     16   .0000
     17   .0000
     18   .0000
     19   .0000
     20   .0000
     21   .0000
     22   .0000
     23   .0000
     24   .0000
     25   .0000
     26   .0000
     27   .0000
     28   .0000
     29   .0000
     30   .0000
     31   .0000
     32   .0000
     33   .0000
     34   .0000
     35   .0000
     36   .0000
     37   .0000
     38   .0000
     39   .0000
     40   .0000
     41   .0000
     42   .0000
     43   .0000
     44   .0000
     45   .0000
     46   .0000
     47   .0000
     48   .0000
     49   .0000
     50   .0000
     51   .0000
     52   .0000
     53   .0000
     54   .0000
     55   .0000
     56   .0000
     57   .0000
     58   .0000
     59   .0000
     60   .0000
     61   .0000
     62   .0000
     63   .0000
     64   .0000
     65   .0000
     66   .0000
     67   .0000
     68   .0000
     69   .0000
     70   .0000
     71   .0000
     72   .0000
     73   .0000
     74   .0000
     75   .0000
     76   .0000
     77   .0000
     78   .0000
     79   .0000
     80   .0000
     81   .0000
     82   .0000
     83   .0000
     84   .0000
     85   .0000
     86   .0000
     87   .0000
     88   .0000
     89   .0000
     90   .0000
     91   .0000
     92   .0000
     93   .0000
     94   .0000
     95   .0000
     96   .0000
     97   .0000
     98   .0000
     99   .0000
    100   .0000
   
 VALORES DE WR_POS ORIGINAIS ************************
      1   1.78510
      2   1.78510
      3   3.58237
      4   2.75891
      5   2.56029
      6   2.56029
      7   2.59854
      8   2.14139
      9   2.14139
     10   2.38207
     11   2.38207
     12   1.97700
     13   1.97700
     14   1.44987
     15   1.44987
     16   2.05829
     17   2.05829
     18    .82562
     19    .82562
     20   1.24760
     21   1.24760
     22    .00000
     23    .00000
     24    .00000
     25    .00000
     26    .00000
     27    .00000
     28    .00000
     29    .00000
     30    .00000
     31    .00000
     32    .00000
     33    .00000
     34    .00000
     35    .00000
     36    .00000
     37    .00000
     38    .00000
     39    .00000
     40    .00000
     41    .00000
     42    .00000
     43    .00000
     44    .00000
     45    .00000
     46    .00000
     47    .00000
     48    .00000
     49    .00000
     50    .00000
     51    .00000
     52    .00000
     53    .00000
     54    .00000
     55    .00000
     56    .00000
     57    .00000
     58    .00000
     59    .00000
     60    .00000
     61    .00000
     62    .00000
     63    .00000
     64    .00000
     65    .00000
     66    .00000
     67    .00000
     68    .00000
     69    .00000
     70    .00000
     71    .00000
     72    .00000
     73    .00000
     74    .00000
     75    .00000
     76    .00000
     77    .00000
     78    .00000
     79    .00000
     80    .00000
     81    .00000
     82    .00000
     83    .00000
     84    .00000
     85    .00000
     86    .00000
     87    .00000
     88    .00000
     89    .00000
     90    .00000
     91    .00000
     92    .00000
     93    .00000
     94    .00000
     95    .00000
     96    .00000
     97    .00000
     98    .00000
     99    .00000
    100    .00000
    101    .00000
    102    .00000
    103    .00000
    104    .00000
    105    .00000
    106    .00000
    107    .00000
    108    .00000
    109    .00000
    110    .00000
    111    .00000
    112    .00000
    113    .00000
    114    .00000
    115    .00000
    116    .00000
    117    .00000
    118    .00000
    119    .00000
    120    .00000
    121    .00000
    122    .00000
    123    .00000
    124    .00000
    125    .00000
    126    .00000
    127    .00000
    128    .00000
    129    .00000
    130    .00000
    131    .00000
    132    .00000
    133    .00000
    134    .00000
    135    .00000
    136    .00000
    137    .00000
    138    .00000
    139    .00000
    140    .00000
    141    .00000
    142    .00000
    143    .00000
    144    .00000
    145    .00000
    146    .00000
    147    .00000
    148    .00000
    149    .00000
    150    .00000
    151    .00000
    152    .00000
    153    .00000
    154    .00000
    155    .00000
    156    .00000
    157    .00000
    158    .00000
    159    .00000
    160    .00000
    161    .00000
    162    .00000
    163    .00000
    164    .00000
    165    .00000
    166    .00000
    167    .00000
    168    .00000
    169    .00000
    170    .00000
    171    .00000
    172    .00000
    173    .00000
    174    .00000
    175    .00000
    176    .00000
    177    .00000
    178    .00000
    179    .00000
    180    .00000
    181    .00000
    182    .00000
    183    .00000
    184    .00000
    185    .00000
    186    .00000
    187    .00000
    188    .00000
    189    .00000
    190    .00000
    191    .00000
    192    .00000
    193    .00000
    194    .00000
    195    .00000
    196    .00000
    197    .00000
    198    .00000
    199    .00000
    200    .00000
    201    .00000
    202    .00000
    203    .00000
    204    .00000
    205    .00000
    206    .00000
    207    .00000
    208    .00000
    209    .00000
    210    .00000
    211    .00000
    212    .00000
    213    .00000
    214    .00000
    215    .00000
    216    .00000
    217    .00000
    218    .00000
    219    .00000
    220    .00000
    221    .00000
    222    .00000
    223    .00000
    224    .00000
    225    .00000
    226    .00000
    227    .00000
    228    .00000
    229    .00000
    230    .00000
    231    .00000
    232    .00000
    233    .00000
    234    .00000
    235    .00000
    236    .00000
    237    .00000
    238    .00000
    239    .00000
    240    .00000
    241    .00000
    242    .00000
    243    .00000
    244    .00000
    245    .00000
    246    .00000
    247    .00000
    248    .00000
    249    .00000
    250    .00000
    251    .00000
    252    .00000
    253    .00000
    254    .00000
    255    .00000
    256    .00000
   
 VALORES DE WRA  ************************************
 WRA ORIGINAL POSSUIA         256 NUM., REDUZIDO PARA         126 NUM.
      1    .74846
      2   1.15589
      3    .93013
      4   1.03688
      5    .98205
      6   1.00910
      7    .99548
      8   1.00227
      9    .99887
     10   1.00057
     11    .99972
     12   1.00014
     13    .99993
     14   1.00004
     15    .99998
     16   1.00001
     17   1.00000
     18   1.00000
     19   1.00000
     20   1.00000
     21   1.00000
     22   1.00000
     23   1.00000
     24   1.00000
     25   1.00000
     26   1.00000
     27   1.00000
     28   1.00000
     29   1.00000
     30   1.00000
     31   1.00000
     32   1.00000
     33   1.00000
     34   1.00000
     35   1.00000
     36   1.00000
     37   1.00000
     38   1.00000
     39   1.00000
     40   1.00000
     41   1.00000
     42   1.00000
     43   1.00000
     44   1.00000
     45   1.00000
     46   1.00000
     47   1.00000
     48   1.00000
     49   1.00000
     50   1.00000
     51   1.00000
     52   1.00000
     53   1.00000
     54   1.00000
     55   1.00000
     56   1.00000
     57   1.00000
     58   1.00000
     59   1.00000
     60   1.00000
     61   1.00000
     62   1.00000
     63   1.00000
     64   1.00000
     65   1.00000
     66   1.00000
     67   1.00000
     68   1.00000
     69   1.00000
     70   1.00000
     71   1.00000
     72   1.00000
     73   1.00000
     74   1.00000
     75   1.00000
     76   1.00000
     77   1.00000
     78   1.00000
     79   1.00000
     80   1.00000
     81   1.00000
     82   1.00000
     83   1.00000
     84   1.00000
     85   1.00000
     86   1.00000
     87   1.00000
     88   1.00000
     89   1.00000
     90   1.00000
     91   1.00000
     92   1.00000
     93   1.00000
     94   1.00000
     95   1.00000
     96   1.00000
     97   1.00000
     98   1.00000
     99   1.00000
    100   1.00000
    101   1.00000
    102   1.00000
    103   1.00000
    104   1.00000
    105   1.00000
    106   1.00000
    107   1.00000
    108   1.00000
    109   1.00000
    110   1.00000
    111   1.00000
    112   1.00000
    113   1.00000
    114   1.00000
    115   1.00000
    116   1.00000
    117   1.00000
    118   1.00000
    119   1.00000
    120   1.00000
    121   1.00000
    122   1.00000
    123   1.00000
    124   1.00000
    125   1.00000
    126   1.00000



           - AUTOVALORES - 
          REAL     IMAGINARIO
           1        1.785100271985948       -3.683358476209250
           2        1.785100271985948        3.683358476209250
           3        3.582370985427803   0.000000000000000E+000
           4        2.758907482557816   0.000000000000000E+000
           5        2.560290894709870  -6.664980353712694E-001
           6        2.560290894709870   6.664980353712694E-001
           7        2.598544065327114   0.000000000000000E+000
           8        2.141394062304750       -1.347490602317619
           9        2.141394062304750        1.347490602317619
          10        2.382073898048058  -6.109827249944813E-001
          11        2.382073898048058   6.109827249944813E-001
          12        1.976996217124493       -1.330344142247641
          13        1.976996217124493        1.330344142247641
          14        1.449871659681996       -1.922294035956154
          15        1.449871659681996        1.922294035956154
          16        2.058290664113424  -7.592474366016216E-001
          17        2.058290664113424   7.592474366016216E-001
          18   8.256213472748900E-001       -2.128786133582968
          19   8.256213472748900E-001        2.128786133582968
          20        1.247596900774352       -1.751763124180117
          21        1.247596900774352        1.751763124180117
          22       -1.406791243017572       -1.885942561662573
          23       -1.406791243017572        1.885942561662573
          24   6.817851960022830E-001       -1.940397455833473
          25   6.817851960022830E-001        1.940397455833473
          26   1.432955738151791E-001       -2.073632785759392
          27   1.432955738151791E-001        2.073632785759392
          28   1.433434611465493E-001       -2.012877707852284
          29   1.433434611465493E-001        2.012877707852284
          30   6.655439741207747E-004       -1.894192265304096
          31   6.655439741207747E-004        1.894192265304096
          32   3.872581733179226E-001       -1.817590424984765
          33   3.872581733179226E-001        1.817590424984765
          34   9.258541483212647E-001       -1.559569784244898
          35   9.258541483212647E-001        1.559569784244898
          36  -3.712855461065903E-001       -1.859663862962994
          37  -3.712855461065903E-001        1.859663862962994
          38  -2.260793565764591E-001       -1.794838867854482
          39  -2.260793565764591E-001        1.794838867854482
          40  -2.929113899120318E-001       -1.753588053234132
          41  -2.929113899120318E-001        1.753588053234132
          42  -9.925488442667790E-001       -1.459822859817700
          43  -9.925488442667790E-001        1.459822859817700
          44        1.528747411127727  -3.725344855840750E-001
          45        1.528747411127727   3.725344855840750E-001
          46        1.512518053890023   0.000000000000000E+000
          47        1.206365812078360  -8.646373614707820E-001
          48        1.206365812078360   8.646373614707820E-001
          49        1.213382787568702  -7.709362595031141E-001
          50        1.213382787568702   7.709362595031141E-001
          51        1.394773470914008  -2.652717153895159E-001
          52        1.394773470914008   2.652717153895159E-001
          53   7.440749084051339E-001       -1.305852579537650
          54   7.440749084051339E-001        1.305852579537650
          55   7.108034221470451E-001       -1.303368016978175
          56   7.108034221470451E-001        1.303368016978175
          57  -4.933613704672663E-001       -1.545180976037049
          58  -4.933613704672663E-001        1.545180976037049
          59       -1.243830025195530       -1.141518524525055
          60       -1.243830025195530        1.141518524525055
          61       -1.618148816010868  -5.745216204348839E-001
          62       -1.618148816010868   5.745216204348839E-001
          63       -1.472695364497886  -8.282037903086559E-001
          64       -1.472695364497886   8.282037903086559E-001
          65  -6.134011406013920E-001       -1.449980148747204
          66  -6.134011406013920E-001        1.449980148747204
          67   9.363827384305229E-002       -1.475493646241559
          68   9.363827384305229E-002        1.475493646241559
          69   1.222469664542127E-001       -1.462632989073027
          70   1.222469664542127E-001        1.462632989073027
          71       -1.622912272078686  -1.999112610129217E-001
          72       -1.622912272078686   1.999112610129217E-001
          73  -6.151455611166262E-001       -1.384846049382077
          74  -6.151455611166262E-001        1.384846049382077
          75       -1.604011805188387  -8.638388367904902E-002
          76       -1.604011805188387   8.638388367904902E-002
          77  -8.079283328432869E-001       -1.214148343905450
          78  -8.079283328432869E-001        1.214148343905450
          79  -4.632977190089830E-001       -1.314301703375060
          80  -4.632977190089830E-001        1.314301703375060
          81       -1.079306450794568  -9.902798277697130E-001
          82       -1.079306450794568   9.902798277697130E-001
          83   5.392469190496896E-001       -1.116799246392045
          84   5.392469190496896E-001        1.116799246392045
          85   9.102641644269334E-001  -7.479129431964772E-001
          86   9.102641644269334E-001   7.479129431964772E-001
          87        1.135673714009685  -2.532760770671080E-001
          88        1.135673714009685   2.532760770671080E-001
          89   9.747429192108466E-001  -5.957946440982324E-001
          90   9.747429192108466E-001   5.957946440982324E-001
          91        1.119260002473458   0.000000000000000E+000
          92        1.057532915622179  -2.623516121636992E-001
          93        1.057532915622179   2.623516121636992E-001
          94   9.163916366064977E-001  -5.113799492447978E-001
          95   9.163916366064977E-001   5.113799492447978E-001
          96   3.927495454468909E-001       -1.047648156062890
          97   3.927495454468909E-001        1.047648156062890
          98   9.721078128621364E-001  -2.839593209593878E-001
          99   9.721078128621364E-001   2.839593209593878E-001
         100   8.358288763938571E-001  -5.561767089315646E-001
         101   8.358288763938571E-001   5.561767089315646E-001
         102   9.632590212728364E-001  -8.228009803582261E-002
         103   9.632590212728364E-001   8.228009803582261E-002
         104   8.119675445903292E-001  -5.417843414571864E-001
         105   8.119675445903292E-001   5.417843414571864E-001
         106   8.833554444771498E-001  -2.832398853063098E-001
         107   8.833554444771498E-001   2.832398853063098E-001
         108   6.280654616020912E-001  -8.357916526975309E-001
         109   6.280654616020912E-001   8.357916526975309E-001
         110   5.611848928147996E-001  -8.743216041065400E-001
         111   5.611848928147996E-001   8.743216041065400E-001
         112   5.774968942158263E-001  -8.341412394017801E-001
         113   5.774968942158263E-001   8.341412394017801E-001
         114   8.796642760242435E-001  -1.052038085805213E-001
         115   8.796642760242435E-001   1.052038085805213E-001
         116   7.013851186505569E-001  -6.302662988437622E-001
         117   7.013851186505569E-001   6.302662988437622E-001
         118  -6.397151066030545E-001       -1.190275728282738
         119  -6.397151066030545E-001        1.190275728282738
         120   1.413153353465254E-001       -1.139109945916031
         121   1.413153353465254E-001        1.139109945916031
         122       -1.130774825485461  -8.533020609183453E-001
         123       -1.130774825485461   8.533020609183453E-001
         124   6.062617224170144E-001  -6.622055595200699E-001
         125   6.062617224170144E-001   6.622055595200699E-001
         126   1.481940587870720E-001       -1.083545366817163
         127   1.481940587870720E-001        1.083545366817163
         128   2.762949699232662E-001  -9.912613629960168E-001
         129   2.762949699232662E-001   9.912613629960168E-001
         130   2.116911916012385E-001       -1.012281106586689
         131   2.116911916012385E-001        1.012281106586689
         132       -1.287725693393107  -5.961643461340201E-001
         133       -1.287725693393107   5.961643461340201E-001
         134  -1.522518287573155E-002       -1.091935597010166
         135  -1.522518287573155E-002        1.091935597010166
         136  -9.353757690599118E-002       -1.090399592190126
         137  -9.353757690599118E-002        1.090399592190126
         138       -1.157274026899917  -7.164859838664837E-001
         139       -1.157274026899917   7.164859838664837E-001
         140  -1.811821155123906E-001       -1.059293550955157
         141  -1.811821155123906E-001        1.059293550955157
         142  -3.122376766568353E-001       -1.069312217173100
         143  -3.122376766568353E-001        1.069312217173100
         144  -3.646954864027003E-001       -1.039445729988609
         145  -3.646954864027003E-001        1.039445729988609
         146       -1.278505227863215  -2.848671561775043E-001
         147       -1.278505227863215   2.848671561775043E-001
         148  -6.922692949821725E-001  -9.714212893473576E-001
         149  -6.922692949821725E-001   9.714212893473576E-001
         150       -1.299648856536956  -5.672075715345133E-003
         151       -1.299648856536956   5.672075715345133E-003
         152       -1.251269027817874  -7.310052954584340E-002
         153       -1.251269027817874   7.310052954584340E-002
         154       -1.206304051033845  -2.418605903615647E-001
         155       -1.206304051033845   2.418605903615647E-001
         156       -1.135186759672550  -4.474658958503427E-001
         157       -1.135186759672550   4.474658958503427E-001
         158  -9.712200701584403E-001  -6.909965947409047E-001
         159  -9.712200701584403E-001   6.909965947409047E-001
         160  -7.261158464993305E-001  -9.113190840447926E-001
         161  -7.261158464993305E-001   9.113190840447926E-001
         162  -8.089377811077346E-001  -8.489775972044991E-001
         163  -8.089377811077346E-001   8.489775972044991E-001
         164  -4.695823317498863E-001  -9.554596451223754E-001
         165  -4.695823317498863E-001   9.554596451223754E-001
         166  -5.051431669656475E-001  -9.385722528467044E-001
         167  -5.051431669656475E-001   9.385722528467044E-001
         168  -1.576901447841491E-001  -9.186795882926889E-001
         169  -1.576901447841491E-001   9.186795882926889E-001
         170   1.423845321690848E-001  -8.045221808763848E-001
         171   1.423845321690848E-001   8.045221808763848E-001
         172  -6.956975440653586E-001  -8.675505612512920E-001
         173  -6.956975440653586E-001   8.675505612512920E-001
         174  -1.039999944098698E-001  -8.442464227778109E-001
         175  -1.039999944098698E-001   8.442464227778109E-001
         176       -1.012098125618611  -5.413803145360292E-001
         177       -1.012098125618611   5.413803145360292E-001
         178       -1.112627798288083  -1.945210432097111E-001
         179       -1.112627798288083   1.945210432097111E-001
         180  -2.891499044508860E-001  -7.978107521201490E-001
         181  -2.891499044508860E-001   7.978107521201490E-001
         182  -3.939104217590865E-001  -7.598645564465841E-001
         183  -3.939104217590865E-001   7.598645564465841E-001
         184  -7.024974266256461E-001  -7.567479382083870E-001
         185  -7.024974266256461E-001   7.567479382083870E-001
         186  -7.313016921256074E-001  -7.354476352609761E-001
         187  -7.313016921256074E-001   7.354476352609761E-001
         188  -7.284900555332077E-001  -7.025166049172266E-001
         189  -7.284900555332077E-001   7.025166049172266E-001
         190  -5.349329248688981E-001  -7.238515210140313E-001
         191  -5.349329248688981E-001   7.238515210140313E-001
         192  -9.441986315679273E-001  -4.104069541236899E-001
         193  -9.441986315679273E-001   4.104069541236899E-001
         194  -7.811369468265820E-001  -5.936628477173094E-001
         195  -7.811369468265820E-001   5.936628477173094E-001
         196  -9.469088674743440E-001  -3.622562186937036E-001
         197  -9.469088674743440E-001   3.622562186937036E-001
         198  -9.182171388634699E-001  -3.719355240466569E-001
         199  -9.182171388634699E-001   3.719355240466569E-001
         200  -7.271103310278835E-001  -5.658215624860425E-001
         201  -7.271103310278835E-001   5.658215624860425E-001
         202  -8.732016607357620E-001  -3.457617265536920E-001
         203  -8.732016607357620E-001   3.457617265536920E-001
         204  -9.765773441328642E-001  -3.439464572033684E-002
         205  -9.765773441328642E-001   3.439464572033684E-002
         206  -9.499971365905910E-001  -3.498726454945377E-002
         207  -9.499971365905910E-001   3.498726454945377E-002
         208  -5.419681933247965E-001  -6.177472948470462E-001
         209  -5.419681933247965E-001   6.177472948470462E-001
         210  -6.650813689386993E-001  -4.452757948177808E-001
         211  -6.650813689386993E-001   4.452757948177808E-001
         212  -8.364581089766396E-001   0.000000000000000E+000
         213  -7.348031930722541E-001  -3.272949241910669E-001
         214  -7.348031930722541E-001   3.272949241910669E-001
         215  -7.318244767850899E-001  -8.441411349738795E-002
         216  -7.318244767850899E-001   8.441411349738795E-002
         217  -7.186747064012861E-001   0.000000000000000E+000
         218  -6.251664907957857E-001  -2.525367980473610E-001
         219  -6.251664907957857E-001   2.525367980473610E-001
         220   5.784627776943802E-002  -7.639135264586655E-001
         221   5.784627776943802E-002   7.639135264586655E-001
         222  -4.343086923635224E-001  -3.732774288240135E-001
         223  -4.343086923635224E-001   3.732774288240135E-001
         224  -2.820204720883006E-001  -4.315181338801313E-001
         225  -2.820204720883006E-001   4.315181338801313E-001
         226  -1.573473508299769E-001  -5.053632980803442E-001
         227  -1.573473508299769E-001   5.053632980803442E-001
         228   2.457461937901445E-001  -6.016189006923931E-001
         229   2.457461937901445E-001   6.016189006923931E-001
         230  -8.577000573485462E-002  -4.501354138936867E-001
         231  -8.577000573485462E-002   4.501354138936867E-001
         232   2.448774809839258E-002  -4.220243210846587E-001
         233   2.448774809839258E-002   4.220243210846587E-001
         234   3.641415635455798E-001  -4.745365698863592E-001
         235   3.641415635455798E-001   4.745365698863592E-001
         236   1.476679555700962E-001  -3.838629288653463E-001
         237   1.476679555700962E-001   3.838629288653463E-001
         238   4.314747221377345E-001  -3.613798819687583E-001
         239   4.314747221377345E-001   3.613798819687583E-001
         240   2.445640265855487E-001  -3.488688491290101E-001
         241   2.445640265855487E-001   3.488688491290101E-001
         242   3.272635198667989E-001  -3.338134516236069E-001
         243   3.272635198667989E-001   3.338134516236069E-001
         244   4.654484200462332E-001  -2.394700150793333E-001
         245   4.654484200462332E-001   2.394700150793333E-001
         246   3.472964761627378E-001  -2.677550886241082E-001
         247   3.472964761627378E-001   2.677550886241082E-001
         248   4.628536275512369E-001  -1.068720325921242E-001
         249   4.628536275512369E-001   1.068720325921242E-001
         250   4.575558357431117E-001   0.000000000000000E+000
         251   4.308329653457897E-001  -6.747806148930174E-002
         252   4.308329653457897E-001   6.747806148930174E-002
         253   3.806048505011755E-001  -1.726203026754573E-001
         254   3.806048505011755E-001   1.726203026754573E-001
         255   9.491386519617423E-002  -2.282996081690168E-001
         256   9.491386519617423E-002   2.282996081690168E-001



           - AUTOVALORES DIFERENTES E REAIS e positivos - 
          REAL
           1   4.575558357431117E-001
           2        1.119260002473458
           3        1.512518053890023
           4        2.598544065327114
           5        2.758907482557816
           6        3.582370985427803
