 ************************************************************************************************************************
                         Exem


data

  number of boundary elements= 32

  number of functional nodes= 36

  number of internal source points where the funct. is calculated= 64




  coordinates of the source points of the boundary el ements

    point          x                  y
        1       .0000000E+00       .0000000E+00
        2       .1250000E+00       .0000000E+00
        3       .2500000E+00       .0000000E+00
        4       .3750000E+00       .0000000E+00
        5       .5000000E+00       .0000000E+00
        6       .6250000E+00       .0000000E+00
        7       .7500000E+00       .0000000E+00
        8       .8750000E+00       .0000000E+00
        9       .1000000E+01       .0000000E+00
       10       .1000000E+01       .0000000E+00
       11       .1000000E+01       .1250000E+00
       12       .1000000E+01       .2500000E+00
       13       .1000000E+01       .3750000E+00
       14       .1000000E+01       .5000000E+00
       15       .1000000E+01       .6250000E+00
       16       .1000000E+01       .7500000E+00
       17       .1000000E+01       .8750000E+00
       18       .1000000E+01       .1000000E+01
       19       .1000000E+01       .1000000E+01
       20       .8750000E+00       .1000000E+01
       21       .7500000E+00       .1000000E+01
       22       .6250000E+00       .1000000E+01
       23       .5000000E+00       .1000000E+01
       24       .3750000E+00       .1000000E+01
       25       .2500000E+00       .1000000E+01
       26       .1250000E+00       .1000000E+01
       27       .0000000E+00       .1000000E+01
       28       .0000000E+00       .1000000E+01
       29       .0000000E+00       .8750000E+00
       30       .0000000E+00       .7500000E+00
       31       .0000000E+00       .6250000E+00
       32       .0000000E+00       .5000000E+00
       33       .0000000E+00       .3750000E+00
       34       .0000000E+00       .2500000E+00
       35       .0000000E+00       .1250000E+00
       36       .0000000E+00       .0000000E+00
       37       .6250000E-01       .6250000E-01
       38       .1875000E+00       .6250000E-01
       39       .3125000E+00       .6250000E-01
       40       .4375000E+00       .6250000E-01
       41       .5625000E+00       .6250000E-01
       42       .6875000E+00       .6250000E-01
       43       .8125000E+00       .6250000E-01
       44       .9375000E+00       .6250000E-01
       45       .6250000E-01       .1875000E+00
       46       .1875000E+00       .1875000E+00
       47       .3125000E+00       .1875000E+00
       48       .4375000E+00       .1875000E+00
       49       .5625000E+00       .1875000E+00
       50       .6875000E+00       .1875000E+00
       51       .8125000E+00       .1875000E+00
       52       .9375000E+00       .1875000E+00
       53       .6250000E-01       .3125000E+00
       54       .1875000E+00       .3125000E+00
       55       .3125000E+00       .3125000E+00
       56       .4375000E+00       .3125000E+00
       57       .5625000E+00       .3125000E+00
       58       .6875000E+00       .3125000E+00
       59       .8125000E+00       .3125000E+00
       60       .9375000E+00       .3125000E+00
       61       .6250000E-01       .4375000E+00
       62       .1875000E+00       .4375000E+00
       63       .3125000E+00       .4375000E+00
       64       .4375000E+00       .4375000E+00
       65       .5625000E+00       .4375000E+00
       66       .6875000E+00       .4375000E+00
       67       .8125000E+00       .4375000E+00
       68       .9375000E+00       .4375000E+00
       69       .6250000E-01       .5625000E+00
       70       .1875000E+00       .5625000E+00
       71       .3125000E+00       .5625000E+00
       72       .4375000E+00       .5625000E+00
       73       .5625000E+00       .5625000E+00
       74       .6875000E+00       .5625000E+00
       75       .8125000E+00       .5625000E+00
       76       .9375000E+00       .5625000E+00
       77       .6250000E-01       .6875000E+00
       78       .1875000E+00       .6875000E+00
       79       .3125000E+00       .6875000E+00
       80       .4375000E+00       .6875000E+00
       81       .5625000E+00       .6875000E+00
       82       .6875000E+00       .6875000E+00
       83       .8125000E+00       .6875000E+00
       84       .9375000E+00       .6875000E+00
       85       .6250000E-01       .8125000E+00
       86       .1875000E+00       .8125000E+00
       87       .3125000E+00       .8125000E+00
       88       .4375000E+00       .8125000E+00
       89       .5625000E+00       .8125000E+00
       90       .6875000E+00       .8125000E+00
       91       .8125000E+00       .8125000E+00
       92       .9375000E+00       .8125000E+00
       93       .6250000E-01       .9375000E+00
       94       .1875000E+00       .9375000E+00
       95       .3125000E+00       .9375000E+00
       96       .4375000E+00       .9375000E+00
       97       .5625000E+00       .9375000E+00
       98       .6875000E+00       .9375000E+00
       99       .8125000E+00       .9375000E+00
      100       .9375000E+00       .9375000E+00


  boundary conditions

     node      code     prescribed value
       1        0         36          .0000000E+00
       2        0          0          .0000000E+00
       3        0          0          .0000000E+00
       4        0          0          .0000000E+00
       5        0          0          .0000000E+00
       6        0          0          .0000000E+00
       7        0          0          .0000000E+00
       8        0          0          .0000000E+00
       9        0         10          .0000000E+00
      10        0          9          .0000000E+00
      11        0          0          .0000000E+00
      12        0          0          .0000000E+00
      13        0          0          .0000000E+00
      14        0          0          .0000000E+00
      15        0          0          .0000000E+00
      16        0          0          .0000000E+00
      17        0          0          .0000000E+00
      18        0         19          .0000000E+00
      19        0         18          .0000000E+00
      20        0          0          .0000000E+00
      21        0          0          .0000000E+00
      22        0          0          .0000000E+00
      23        0          0          .0000000E+00
      24        0          0          .0000000E+00
      25        0          0          .0000000E+00
      26        0          0          .0000000E+00
      27        0         28          .0000000E+00
      28        0         27          .0000000E+00
      29        0          0          .0000000E+00
      30        0          0          .0000000E+00
      31        0          0          .0000000E+00
      32        0          0          .0000000E+00
      33        0          0          .0000000E+00
      34        0          0          .0000000E+00
      35        0          0          .0000000E+00
      36        0          1          .0000000E+00


  incidence of geometric nodes

      first node      second node

       1          1       2
       2          2       3
       3          3       4
       4          4       5
       5          5       6
       6          6       7
       7          7       8
       8          8       9
       9         10      11
      10         11      12
      11         12      13
      12         13      14
      13         14      15
      14         15      16
      15         16      17
      16         17      18
      17         19      20
      18         20      21
      19         21      22
      20         22      23
      21         23      24
      22         24      25
      23         25      26
      24         26      27
      25         28      29
      26         29      30
      27         30      31
      28         31      32
      29         32      33
      30         33      34
      31         34      35
      32         35      36
 NOVAS COORDENADAS DOS NOS DUPLOS
      .0025      .0000
      .1250      .0000
      .2500      .0000
      .3750      .0000
      .5000      .0000
      .6250      .0000
      .7500      .0000
      .8750      .0000
      .9975      .0000
     1.0000      .0025
     1.0000      .1250
     1.0000      .2500
     1.0000      .3750
     1.0000      .5000
     1.0000      .6250
     1.0000      .7500
     1.0000      .8750
     1.0000      .9975
      .9975     1.0000
      .8750     1.0000
      .7500     1.0000
      .6250     1.0000
      .5000     1.0000
      .3750     1.0000
      .2500     1.0000
      .1250     1.0000
      .0025     1.0000
      .0000      .9975
      .0000      .8750
      .0000      .7500
      .0000      .6250
      .0000      .5000
      .0000      .3750
      .0000      .2500
      .0000      .1250
      .0000      .0025
   
 VALORES DE DFI  ************************************
      1   .0000
      2   .0000
      3   .0000
      4   .0000
      5   .0000
      6   .0000
      7   .0000
      8   .0000
      9   .0000
     10   .0000
     11   .0000
     12   .0000
     13   .0000
     14   .0000
     15   .0000
     16   .0000
     17   .0000
     18   .0000
     19   .0000
     20   .0000
     21   .0000
     22   .0000
     23   .0000
     24   .0000
     25   .0000
     26   .0000
     27   .0000
     28   .0000
     29   .0000
     30   .0000
     31   .0000
     32   .0000
     33   .0000
     34   .0000
     35   .0000
     36   .0000
     37   .0000
     38   .0000
     39   .0000
     40   .0000
     41   .0000
     42   .0000
     43   .0000
     44   .0000
     45   .0000
     46   .0000
     47   .0000
     48   .0000
     49   .0000
     50   .0000
     51   .0000
     52   .0000
     53   .0000
     54   .0000
     55   .0000
     56   .0000
     57   .0000
     58   .0000
     59   .0000
     60   .0000
     61   .0000
     62   .0000
     63   .0000
     64   .0000
     65   .0000
     66   .0000
     67   .0000
     68   .0000
     69   .0000
     70   .0000
     71   .0000
     72   .0000
     73   .0000
     74   .0000
     75   .0000
     76   .0000
     77   .0000
     78   .0000
     79   .0000
     80   .0000
     81   .0000
     82   .0000
     83   .0000
     84   .0000
     85   .0000
     86   .0000
     87   .0000
     88   .0000
     89   .0000
     90   .0000
     91   .0000
     92   .0000
     93   .0000
     94   .0000
     95   .0000
     96   .0000
     97   .0000
     98   .0000
     99   .0000
    100   .0000
   
 VALORES DE WR_POS ORIGINAIS ************************
      1   1.55267
      2   1.55267
      3    .87297
      4    .87297
      5    .13703
      6    .13703
      7   2.17915
      8   2.17915
      9   1.34730
     10   1.34730
     11   2.26551
     12   2.26551
     13   1.80594
     14   1.80594
     15   2.18553
     16   2.05116
     17   2.05116
     18   1.49755
     19   1.49755
     20    .00000
     21    .00000
     22    .00000
     23    .00000
     24    .00000
     25    .00000
     26    .00000
     27    .00000
     28    .00000
     29    .00000
     30    .00000
     31    .00000
     32    .00000
     33    .00000
     34    .00000
     35    .00000
     36    .00000
     37    .00000
     38    .00000
     39    .00000
     40    .00000
     41    .00000
     42    .00000
     43    .00000
     44    .00000
     45    .00000
     46    .00000
     47    .00000
     48    .00000
     49    .00000
     50    .00000
     51    .00000
     52    .00000
     53    .00000
     54    .00000
     55    .00000
     56    .00000
     57    .00000
     58    .00000
     59    .00000
     60    .00000
     61    .00000
     62    .00000
     63    .00000
     64    .00000
     65    .00000
     66    .00000
     67    .00000
     68    .00000
     69    .00000
     70    .00000
     71    .00000
     72    .00000
     73    .00000
     74    .00000
     75    .00000
     76    .00000
     77    .00000
     78    .00000
     79    .00000
     80    .00000
     81    .00000
     82    .00000
     83    .00000
     84    .00000
     85    .00000
     86    .00000
     87    .00000
     88    .00000
     89    .00000
     90    .00000
     91    .00000
     92    .00000
     93    .00000
     94    .00000
     95    .00000
     96    .00000
     97    .00000
     98    .00000
     99    .00000
    100    .00000
    101    .00000
    102    .00000
    103    .00000
    104    .00000
    105    .00000
    106    .00000
    107    .00000
    108    .00000
    109    .00000
    110    .00000
    111    .00000
    112    .00000
    113    .00000
    114    .00000
    115    .00000
    116    .00000
    117    .00000
    118    .00000
    119    .00000
    120    .00000
    121    .00000
    122    .00000
    123    .00000
    124    .00000
    125    .00000
    126    .00000
    127    .00000
    128    .00000
    129    .00000
    130    .00000
    131    .00000
    132    .00000
    133    .00000
    134    .00000
    135    .00000
    136    .00000
    137    .00000
    138    .00000
    139    .00000
    140    .00000
    141    .00000
    142    .00000
    143    .00000
    144    .00000
    145    .00000
    146    .00000
    147    .00000
    148    .00000
    149    .00000
    150    .00000
    151    .00000
    152    .00000
    153    .00000
    154    .00000
    155    .00000
    156    .00000
    157    .00000
    158    .00000
    159    .00000
    160    .00000
    161    .00000
    162    .00000
    163    .00000
    164    .00000
    165    .00000
    166    .00000
    167    .00000
    168    .00000
    169    .00000
    170    .00000
    171    .00000
    172    .00000
    173    .00000
    174    .00000
    175    .00000
    176    .00000
    177    .00000
    178    .00000
    179    .00000
    180    .00000
    181    .00000
    182    .00000
    183    .00000
    184    .00000
    185    .00000
    186    .00000
    187    .00000
    188    .00000
    189    .00000
    190    .00000
    191    .00000
    192    .00000
    193    .00000
    194    .00000
    195    .00000
    196    .00000
    197    .00000
    198    .00000
    199    .00000
    200    .00000
    201    .00000
    202    .00000
    203    .00000
    204    .00000
    205    .00000
    206    .00000
    207    .00000
    208    .00000
    209    .00000
    210    .00000
    211    .00000
    212    .00000
    213    .00000
    214    .00000
    215    .00000
    216    .00000
    217    .00000
    218    .00000
    219    .00000
    220    .00000
    221    .00000
    222    .00000
    223    .00000
    224    .00000
    225    .00000
    226    .00000
    227    .00000
    228    .00000
    229    .00000
    230    .00000
    231    .00000
    232    .00000
    233    .00000
    234    .00000
    235    .00000
    236    .00000
    237    .00000
    238    .00000
    239    .00000
    240    .00000
    241    .00000
    242    .00000
    243    .00000
    244    .00000
    245    .00000
    246    .00000
    247    .00000
    248    .00000
    249    .00000
    250    .00000
    251    .00000
    252    .00000
    253    .00000
    254    .00000
    255    .00000
    256    .00000
   
 VALORES DE WRA  ************************************
 WRA ORIGINAL POSSUIA         256 NUM., REDUZIDO PARA         126 NUM.
      1    .80253
      2   1.11627
      3    .94649
      4   1.02788
      5    .98634
      6   1.00690
      7    .99657
      8   1.00172
      9    .99914
     10   1.00043
     11    .99979
     12   1.00011
     13    .99995
     14   1.00003
     15    .99999
     16   1.00001
     17   1.00000
     18   1.00000
     19   1.00000
     20   1.00000
     21   1.00000
     22   1.00000
     23   1.00000
     24   1.00000
     25   1.00000
     26   1.00000
     27   1.00000
     28   1.00000
     29   1.00000
     30   1.00000
     31   1.00000
     32   1.00000
     33   1.00000
     34   1.00000
     35   1.00000
     36   1.00000
     37   1.00000
     38   1.00000
     39   1.00000
     40   1.00000
     41   1.00000
     42   1.00000
     43   1.00000
     44   1.00000
     45   1.00000
     46   1.00000
     47   1.00000
     48   1.00000
     49   1.00000
     50   1.00000
     51   1.00000
     52   1.00000
     53   1.00000
     54   1.00000
     55   1.00000
     56   1.00000
     57   1.00000
     58   1.00000
     59   1.00000
     60   1.00000
     61   1.00000
     62   1.00000
     63   1.00000
     64   1.00000
     65   1.00000
     66   1.00000
     67   1.00000
     68   1.00000
     69   1.00000
     70   1.00000
     71   1.00000
     72   1.00000
     73   1.00000
     74   1.00000
     75   1.00000
     76   1.00000
     77   1.00000
     78   1.00000
     79   1.00000
     80   1.00000
     81   1.00000
     82   1.00000
     83   1.00000
     84   1.00000
     85   1.00000
     86   1.00000
     87   1.00000
     88   1.00000
     89   1.00000
     90   1.00000
     91   1.00000
     92   1.00000
     93   1.00000
     94   1.00000
     95   1.00000
     96   1.00000
     97   1.00000
     98   1.00000
     99   1.00000
    100   1.00000
    101   1.00000
    102   1.00000
    103   1.00000
    104   1.00000
    105   1.00000
    106   1.00000
    107   1.00000
    108   1.00000
    109   1.00000
    110   1.00000
    111   1.00000
    112   1.00000
    113   1.00000
    114   1.00000
    115   1.00000
    116   1.00000
    117   1.00000
    118   1.00000
    119   1.00000
    120   1.00000
    121   1.00000
    122   1.00000
    123   1.00000
    124   1.00000
    125   1.00000
    126   1.00000



           - AUTOVALORES - 
          REAL     IMAGINARIO
           1        1.552672500182365       -3.734696955744003
           2        1.552672500182365        3.734696955744003
           3   8.729661090007888E-001       -2.269275863591722
           4   8.729661090007888E-001        2.269275863591722
           5   1.370295225076656E-001       -2.361580614617863
           6   1.370295225076656E-001        2.361580614617863
           7        2.179145760887298  -9.883342272779103E-001
           8        2.179145760887298   9.883342272779103E-001
           9        1.347304040555077       -1.921919656858827
          10        1.347304040555077        1.921919656858827
          11        2.265510918435343  -3.548295914082573E-001
          12        2.265510918435343   3.548295914082573E-001
          13        1.805942262682182       -1.392326913123827
          14        1.805942262682182        1.392326913123827
          15        2.185525616509863   0.000000000000000E+000
          16        2.051155073240937  -4.736078509283277E-001
          17        2.051155073240937   4.736078509283277E-001
          18        1.497548523902452       -1.527520824628775
          19        1.497548523902452        1.527520824628775
          20  -4.084706425720497E-001       -2.143722624036838
          21  -4.084706425720497E-001        2.143722624036838
          22        1.698790518028874  -8.740160530110850E-001
          23        1.698790518028874   8.740160530110850E-001
          24       -1.061250901031451       -1.623814771320101
          25       -1.061250901031451        1.623814771320101
          26  -5.616534334175778E-001       -1.803900923612749
          27  -5.616534334175778E-001        1.803900923612749
          28        1.362125100969090       -1.140842285675503
          29        1.362125100969090        1.140842285675503
          30        1.017769180489577       -1.326321255786086
          31        1.017769180489577        1.326321255786086
          32       -1.324273044185837       -1.138179469318126
          33       -1.324273044185837        1.138179469318126
          34   5.818729795115993E-001       -1.424501339684039
          35   5.818729795115993E-001        1.424501339684039
          36       -1.375177129251824  -5.555045481197670E-001
          37       -1.375177129251824   5.555045481197670E-001
          38   9.856071815317524E-002       -1.301585316769585
          39   9.856071815317524E-002        1.301585316769585
          40       -1.391450111007129   0.000000000000000E+000
          41       -1.348505944493456  -1.555467703819647E-001
          42       -1.348505944493456   1.555467703819647E-001
          43   2.133007994365830E-001       -1.205223781903549
          44   2.133007994365830E-001        1.205223781903549
          45        1.120766931031846  -1.340385791366945E-001
          46        1.120766931031846   1.340385791366945E-001
          47   7.521209252003162E-001  -8.215241696494057E-001
          48   7.521209252003162E-001   8.215241696494057E-001
          49  -1.437321597433691E-001       -1.166782386769217
          50  -1.437321597433691E-001        1.166782386769217
          51        1.026510942180792  -3.291413930221883E-001
          52        1.026510942180792   3.291413930221883E-001
          53       -1.038210216171134  -6.950877002184426E-001
          54       -1.038210216171134   6.950877002184426E-001
          55       -1.135606906661604  -5.058203066220778E-001
          56       -1.135606906661604   5.058203066220778E-001
          57  -4.015359314425858E-001       -1.107901744168325
          58  -4.015359314425858E-001        1.107901744168325
          59  -8.025101369856091E-001  -9.147187460742607E-001
          60  -8.025101369856091E-001   9.147187460742607E-001
          61   7.888028609658701E-001  -7.088200853976180E-001
          62   7.888028609658701E-001   7.088200853976180E-001
          63        1.030622621812400  -8.803419276422414E-002
          64        1.030622621812400   8.803419276422414E-002
          65  -5.377179424586616E-001       -1.037273408546006
          66  -5.377179424586616E-001        1.037273408546006
          67   8.521716693503051E-001  -5.686104940565905E-001
          68   8.521716693503051E-001   5.686104940565905E-001
          69   9.478185449138000E-001  -2.768642601624549E-001
          70   9.478185449138000E-001   2.768642601624549E-001
          71   8.292426644847815E-001  -5.517941160738341E-001
          72   8.292426644847815E-001   5.517941160738341E-001
          73   8.321126963727091E-001  -4.643492273816098E-001
          74   8.321126963727091E-001   4.643492273816098E-001
          75   5.610610211208111E-001  -8.104011298160708E-001
          76   5.610610211208111E-001   8.104011298160708E-001
          77   8.907758947686734E-001  -2.209827123277628E-001
          78   8.907758947686734E-001   2.209827123277628E-001
          79   5.746179947125576E-001  -7.646669858979661E-001
          80   5.746179947125576E-001   7.646669858979661E-001
          81   5.199204923839980E-001  -8.100319961018366E-001
          82   5.199204923839980E-001   8.100319961018366E-001
          83   8.934474543825944E-001   0.000000000000000E+000
          84   8.388143372943505E-001  -1.870709888910170E-001
          85   8.388143372943505E-001   1.870709888910170E-001
          86   7.468750603570660E-001  -4.565143813821417E-001
          87   7.468750603570660E-001   4.565143813821417E-001
          88       -1.195517132619789   0.000000000000000E+000
          89  -1.814953743350478E-001       -1.057365354061169
          90  -1.814953743350478E-001        1.057365354061169
          91   2.609170412980747E-001  -9.360900853812996E-001
          92   2.609170412980747E-001   9.360900853812996E-001
          93   6.558313589983567E-001  -5.388597959994942E-001
          94   6.558313589983567E-001   5.388597959994942E-001
          95   1.979298793510201E-001  -9.464762127363492E-001
          96   1.979298793510201E-001   9.464762127363492E-001
          97   3.137431114275186E-001  -8.369007576880927E-001
          98   3.137431114275186E-001   8.369007576880927E-001
          99  -6.603178739316690E-001  -8.935178134991341E-001
         100  -6.603178739316690E-001   8.935178134991341E-001
         101   1.239047564836329E-001  -9.059501164377809E-001
         102   1.239047564836329E-001   9.059501164377809E-001
         103   3.506093454857336E-001  -7.261242280366329E-001
         104   3.506093454857336E-001   7.261242280366329E-001
         105  -1.276685847351430E-002  -9.156269151611003E-001
         106  -1.276685847351430E-002   9.156269151611003E-001
         107   1.072568386711643E-001  -8.645723509016025E-001
         108   1.072568386711643E-001   8.645723509016025E-001
         109  -7.809632805309524E-002  -9.103956621211736E-001
         110  -7.809632805309524E-002   9.103956621211736E-001
         111  -1.568771692414814E-001  -9.171930308890125E-001
         112  -1.568771692414814E-001   9.171930308890125E-001
         113  -8.565894104696427E-001  -6.665793868669703E-001
         114  -8.565894104696427E-001   6.665793868669703E-001
         115       -1.051208932610690  -3.871477460889932E-002
         116       -1.051208932610690   3.871477460889932E-002
         117  -9.899882906705479E-001  -3.920057370960701E-001
         118  -9.899882906705479E-001   3.920057370960701E-001
         119       -1.022715838931154  -3.601962421506608E-002
         120       -1.022715838931154   3.601962421506608E-002
         121  -2.516176940772841E-001  -8.617085459209595E-001
         122  -2.516176940772841E-001   8.617085459209595E-001
         123  -3.005442492588173E-001  -8.566035177620465E-001
         124  -3.005442492588173E-001   8.566035177620465E-001
         125  -4.143090689492193E-001  -8.429950814241880E-001
         126  -4.143090689492193E-001   8.429950814241880E-001
         127  -4.446340357612639E-001  -8.261443407080007E-001
         128  -4.446340357612639E-001   8.261443407080007E-001
         129  -8.114776865477518E-001  -6.167217620574668E-001
         130  -8.114776865477518E-001   6.167217620574668E-001
         131  -9.355636603105466E-001  -3.789619530599267E-001
         132  -9.355636603105466E-001   3.789619530599267E-001
         133  -9.212376846098984E-001  -3.524352676461245E-001
         134  -9.212376846098984E-001   3.524352676461245E-001
         135  -8.907997107430441E-001  -3.871964900157700E-001
         136  -8.907997107430441E-001   3.871964900157700E-001
         137  -7.112581613795543E-001  -6.858990935520316E-001
         138  -7.112581613795543E-001   6.858990935520316E-001
         139  -6.588980896921826E-001  -7.097816333064340E-001
         140  -6.588980896921826E-001   7.097816333064340E-001
         141  -6.798471927985906E-001  -6.837014267382938E-001
         142  -6.798471927985906E-001   6.837014267382938E-001
         143   6.919335661454645E-001  -1.315987204053399E-001
         144   6.919335661454645E-001   1.315987204053399E-001
         145   5.871281359322143E-001  -3.730383961287867E-001
         146   5.871281359322143E-001   3.730383961287867E-001
         147   6.611491330155004E-001   0.000000000000000E+000
         148   5.476221884889103E-001  -3.924967032360789E-001
         149   5.476221884889103E-001   3.924967032360789E-001
         150   6.174635163022548E-001  -1.504672725770052E-001
         151   6.174635163022548E-001   1.504672725770052E-001
         152  -5.625712244380304E-001  -7.015390318221205E-001
         153  -5.625712244380304E-001   7.015390318221205E-001
         154  -8.721163707742565E-001  -1.524723600325353E-001
         155  -8.721163707742565E-001   1.524723600325353E-001
         156  -7.682336701435522E-001  -4.109350422176910E-001
         157  -7.682336701435522E-001   4.109350422176910E-001
         158  -5.347947808780917E-001  -6.711996332448416E-001
         159  -5.347947808780917E-001   6.711996332448416E-001
         160  -5.882570816313861E-001  -6.173739135007128E-001
         161  -5.882570816313861E-001   6.173739135007128E-001
         162  -4.865213249730262E-001  -6.827071144513333E-001
         163  -4.865213249730262E-001   6.827071144513333E-001
         164  -6.835992824243324E-001  -4.863622476885581E-001
         165  -6.835992824243324E-001   4.863622476885581E-001
         166  -7.624461307056497E-001  -3.005396583465466E-001
         167  -7.624461307056497E-001   3.005396583465466E-001
         168  -7.969420229365638E-001  -1.597846479800720E-001
         169  -7.969420229365638E-001   1.597846479800720E-001
         170  -7.964702717819689E-001  -4.653067992621228E-002
         171  -7.964702717819689E-001   4.653067992621228E-002
         172  -7.451691219122965E-001  -1.660331174278947E-001
         173  -7.451691219122965E-001   1.660331174278947E-001
         174  -7.694239471653814E-001  -3.358007713571135E-003
         175  -7.694239471653814E-001   3.358007713571135E-003
         176  -6.246636900989955E-001  -3.867388087795929E-001
         177  -6.246636900989955E-001   3.867388087795929E-001
         178  -6.394984650320112E-001  -2.960616427978516E-001
         179  -6.394984650320112E-001   2.960616427978516E-001
         180  -5.634783163380557E-001  -4.252103935941371E-001
         181  -5.634783163380557E-001   4.252103935941371E-001
         182  -6.216338526986565E-001  -3.347802444352475E-002
         183  -6.216338526986565E-001   3.347802444352475E-002
         184  -6.069664739311389E-001  -7.476647708408729E-002
         185  -6.069664739311389E-001   7.476647708408729E-002
         186  -3.503384474090933E-001  -6.518516544800477E-001
         187  -3.503384474090933E-001   6.518516544800477E-001
         188  -5.030426486686614E-001  -4.615491616108135E-001
         189  -5.030426486686614E-001   4.615491616108135E-001
         190  -5.488076707712668E-001  -1.948534456160099E-001
         191  -5.488076707712668E-001   1.948534456160099E-001
         192  -5.158748531282829E-001  -2.901139767157741E-001
         193  -5.158748531282829E-001   2.901139767157741E-001
         194  -3.798611427362459E-001  -5.708523375386171E-001
         195  -3.798611427362459E-001   5.708523375386171E-001
         196  -2.385631662978128E-001  -6.767656367878672E-001
         197  -2.385631662978128E-001   6.767656367878672E-001
         198  -4.364043816643838E-001  -4.005078473445026E-001
         199  -4.364043816643838E-001   4.005078473445026E-001
         200   3.225046716126050E-001  -5.913621983344678E-001
         201   3.225046716126050E-001   5.913621983344678E-001
         202   3.293972402286804E-001  -5.780926503319243E-001
         203   3.293972402286804E-001   5.780926503319243E-001
         204   5.674715454247614E-002  -6.789555821050000E-001
         205   5.674715454247614E-002   6.789555821050000E-001
         206   4.283838774195237E-002  -6.750206548530993E-001
         207   4.283838774195237E-002   6.750206548530993E-001
         208  -2.678968963390597E-001  -6.031027158232749E-001
         209  -2.678968963390597E-001   6.031027158232749E-001
         210  -3.185088829431020E-001  -4.684570951520387E-001
         211  -3.185088829431020E-001   4.684570951520387E-001
         212  -2.474685526376397E-001  -5.849752552004971E-001
         213  -2.474685526376397E-001   5.849752552004971E-001
         214  -1.875193096488387E-001  -5.873002777538373E-001
         215  -1.875193096488387E-001   5.873002777538373E-001
         216  -2.541242164319862E-001  -3.406786032379146E-001
         217  -2.541242164319862E-001   3.406786032379146E-001
         218  -9.266801923666565E-002  -5.547805140898513E-001
         219  -9.266801923666565E-002   5.547805140898513E-001
         220  -6.908336733510198E-002  -5.484512812732223E-001
         221  -6.908336733510198E-002   5.484512812732223E-001
         222  -1.032437777251224E-001  -5.171187636374671E-001
         223  -1.032437777251224E-001   5.171187636374671E-001
         224   1.854934298508859E-004  -5.279294477124777E-001
         225   1.854934298508859E-004   5.279294477124777E-001
         226   2.814605054608972E-001  -4.741106367256352E-001
         227   2.814605054608972E-001   4.741106367256352E-001
         228   1.121316139877287E-001  -5.262880475346360E-001
         229   1.121316139877287E-001   5.262880475346360E-001
         230   3.520028876146364E-002  -4.942944446830854E-001
         231   3.520028876146364E-002   4.942944446830854E-001
         232   3.316653623210880E-002  -4.799535332479976E-001
         233   3.316653623210880E-002   4.799535332479976E-001
         234   1.611795491827929E-001  -4.587256939618739E-001
         235   1.611795491827929E-001   4.587256939618739E-001
         236   1.583658177748461E-001  -4.083312017364866E-001
         237   1.583658177748461E-001   4.083312017364866E-001
         238   2.697406457278385E-001  -3.787455034418371E-001
         239   2.697406457278385E-001   3.787455034418371E-001
         240   2.500924755013075E-001  -3.315819513290352E-001
         241   2.500924755013075E-001   3.315819513290352E-001
         242   4.276508080888001E-001  -1.577487501938305E-001
         243   4.276508080888001E-001   1.577487501938305E-001
         244   3.481651055130354E-001  -2.342844182710915E-001
         245   3.481651055130354E-001   2.342844182710915E-001
         246   3.345249004343467E-001  -2.105026662359827E-001
         247   3.345249004343467E-001   2.105026662359827E-001
         248   3.938890423724519E-001  -1.010293596070330E-001
         249   3.938890423724519E-001   1.010293596070330E-001
         250   3.657919459379054E-001  -9.522340364887735E-002
         251   3.657919459379054E-001   9.522340364887735E-002
         252   3.848308802412936E-001   0.000000000000000E+000
         253   2.791447351670218E-001   0.000000000000000E+000
         254   3.624623175388019E-001   0.000000000000000E+000
         255   1.065495338116125E-001  -2.198532679997906E-001
         256   1.065495338116125E-001   2.198532679997906E-001



           - AUTOVALORES DIFERENTES E REAIS e positivos - 
          REAL
           1   2.791447351670218E-001
           2   3.624623175388019E-001
           3   3.848308802412936E-001
           4   6.611491330155004E-001
           5   8.934474543825944E-001
           6        2.185525616509863
