 ************************************************************************************************************************
                         Exem


DATA

  NUMERO DE ELEMENTOS DE CONTORNO= 32

  NUMERO DE NÓS FUNCIONAIS= 36

  NUMERO DE PONTOS INTERNOS ONDE A FUNC. É CALCULADA= 64




  COORDENADAS DOS PONTOS FONTE DOS ELEMENTOS DE CONTORNO

    PONTO          X                  Y
        1       .0000000E+00       .0000000E+00
        2       .1250000E+00       .0000000E+00
        3       .2500000E+00       .0000000E+00
        4       .3750000E+00       .0000000E+00
        5       .5000000E+00       .0000000E+00
        6       .6250000E+00       .0000000E+00
        7       .7500000E+00       .0000000E+00
        8       .8750000E+00       .0000000E+00
        9       .1000000E+01       .0000000E+00
       10       .1000000E+01       .0000000E+00
       11       .1000000E+01       .1250000E+00
       12       .1000000E+01       .2500000E+00
       13       .1000000E+01       .3750000E+00
       14       .1000000E+01       .5000000E+00
       15       .1000000E+01       .6250000E+00
       16       .1000000E+01       .7500000E+00
       17       .1000000E+01       .8750000E+00
       18       .1000000E+01       .1000000E+01
       19       .1000000E+01       .1000000E+01
       20       .8750000E+00       .1000000E+01
       21       .7500000E+00       .1000000E+01
       22       .6250000E+00       .1000000E+01
       23       .5000000E+00       .1000000E+01
       24       .3750000E+00       .1000000E+01
       25       .2500000E+00       .1000000E+01
       26       .1250000E+00       .1000000E+01
       27       .0000000E+00       .1000000E+01
       28       .0000000E+00       .1000000E+01
       29       .0000000E+00       .8750000E+00
       30       .0000000E+00       .7500000E+00
       31       .0000000E+00       .6250000E+00
       32       .0000000E+00       .5000000E+00
       33       .0000000E+00       .3750000E+00
       34       .0000000E+00       .2500000E+00
       35       .0000000E+00       .1250000E+00
       36       .0000000E+00       .0000000E+00
       37       .6250000E-01       .6250000E-01
       38       .1875000E+00       .6250000E-01
       39       .3125000E+00       .6250000E-01
       40       .4375000E+00       .6250000E-01
       41       .5625000E+00       .6250000E-01
       42       .6875000E+00       .6250000E-01
       43       .8125000E+00       .6250000E-01
       44       .9375000E+00       .6250000E-01
       45       .6250000E-01       .1875000E+00
       46       .1875000E+00       .1875000E+00
       47       .3125000E+00       .1875000E+00
       48       .4375000E+00       .1875000E+00
       49       .5625000E+00       .1875000E+00
       50       .6875000E+00       .1875000E+00
       51       .8125000E+00       .1875000E+00
       52       .9375000E+00       .1875000E+00
       53       .6250000E-01       .3125000E+00
       54       .1875000E+00       .3125000E+00
       55       .3125000E+00       .3125000E+00
       56       .4375000E+00       .3125000E+00
       57       .5625000E+00       .3125000E+00
       58       .6875000E+00       .3125000E+00
       59       .8125000E+00       .3125000E+00
       60       .9375000E+00       .3125000E+00
       61       .6250000E-01       .4375000E+00
       62       .1875000E+00       .4375000E+00
       63       .3125000E+00       .4375000E+00
       64       .4375000E+00       .4375000E+00
       65       .5625000E+00       .4375000E+00
       66       .6875000E+00       .4375000E+00
       67       .8125000E+00       .4375000E+00
       68       .9375000E+00       .4375000E+00
       69       .6250000E-01       .5625000E+00
       70       .1875000E+00       .5625000E+00
       71       .3125000E+00       .5625000E+00
       72       .4375000E+00       .5625000E+00
       73       .5625000E+00       .5625000E+00
       74       .6875000E+00       .5625000E+00
       75       .8125000E+00       .5625000E+00
       76       .9375000E+00       .5625000E+00
       77       .6250000E-01       .6875000E+00
       78       .1875000E+00       .6875000E+00
       79       .3125000E+00       .6875000E+00
       80       .4375000E+00       .6875000E+00
       81       .5625000E+00       .6875000E+00
       82       .6875000E+00       .6875000E+00
       83       .8125000E+00       .6875000E+00
       84       .9375000E+00       .6875000E+00
       85       .6250000E-01       .8125000E+00
       86       .1875000E+00       .8125000E+00
       87       .3125000E+00       .8125000E+00
       88       .4375000E+00       .8125000E+00
       89       .5625000E+00       .8125000E+00
       90       .6875000E+00       .8125000E+00
       91       .8125000E+00       .8125000E+00
       92       .9375000E+00       .8125000E+00
       93       .6250000E-01       .9375000E+00
       94       .1875000E+00       .9375000E+00
       95       .3125000E+00       .9375000E+00
       96       .4375000E+00       .9375000E+00
       97       .5625000E+00       .9375000E+00
       98       .6875000E+00       .9375000E+00
       99       .8125000E+00       .9375000E+00
      100       .9375000E+00       .9375000E+00


  CONDICOES DE CONTORNO

       INDICE   NÓ        NÓ          VALOR PRESCRITO
       1        0         36          .0000000E+00
       2        0          0          .0000000E+00
       3        0          0          .0000000E+00
       4        0          0          .0000000E+00
       5        0          0          .0000000E+00
       6        0          0          .0000000E+00
       7        0          0          .0000000E+00
       8        0          0          .0000000E+00
       9        0         10          .0000000E+00
      10        0          9          .0000000E+00
      11        0          0          .0000000E+00
      12        0          0          .0000000E+00
      13        0          0          .0000000E+00
      14        0          0          .0000000E+00
      15        0          0          .0000000E+00
      16        0          0          .0000000E+00
      17        0          0          .0000000E+00
      18        0         19          .0000000E+00
      19        0         18          .0000000E+00
      20        0          0          .0000000E+00
      21        0          0          .0000000E+00
      22        0          0          .0000000E+00
      23        0          0          .0000000E+00
      24        0          0          .0000000E+00
      25        0          0          .0000000E+00
      26        0          0          .0000000E+00
      27        0         28          .0000000E+00
      28        0         27          .0000000E+00
      29        0          0          .0000000E+00
      30        0          0          .0000000E+00
      31        0          0          .0000000E+00
      32        0          0          .0000000E+00
      33        0          0          .0000000E+00
      34        0          0          .0000000E+00
      35        0          0          .0000000E+00
      36        0          1          .0000000E+00


  INCIDENCIA DOS NOS GEOMETRICOS

       INDICE     PRIM. NÓ      SEG. NÓ
       1          1       2
       2          2       3
       3          3       4
       4          4       5
       5          5       6
       6          6       7
       7          7       8
       8          8       9
       9         10      11
      10         11      12
      11         12      13
      12         13      14
      13         14      15
      14         15      16
      15         16      17
      16         17      18
      17         19      20
      18         20      21
      19         21      22
      20         22      23
      21         23      24
      22         24      25
      23         25      26
      24         26      27
      25         28      29
      26         29      30
      27         30      31
      28         31      32
      29         32      33
      30         33      34
      31         34      35
      32         35      36
 NOVAS COORDENADAS DOS NOS DUPLOS
      .0025      .0000
      .1250      .0000
      .2500      .0000
      .3750      .0000
      .5000      .0000
      .6250      .0000
      .7500      .0000
      .8750      .0000
      .9975      .0000
     1.0000      .0025
     1.0000      .1250
     1.0000      .2500
     1.0000      .3750
     1.0000      .5000
     1.0000      .6250
     1.0000      .7500
     1.0000      .8750
     1.0000      .9975
      .9975     1.0000
      .8750     1.0000
      .7500     1.0000
      .6250     1.0000
      .5000     1.0000
      .3750     1.0000
      .2500     1.0000
      .1250     1.0000
      .0025     1.0000
      .0000      .9975
      .0000      .8750
      .0000      .7500
      .0000      .6250
      .0000      .5000
      .0000      .3750
      .0000      .2500
      .0000      .1250
      .0000      .0025
   
 VALORES DE DFI  ************************************
      1   .0000
      2   .0000
      3   .0000
      4   .0000
      5   .0000
      6   .0000
      7   .0000
      8   .0000
      9   .0000
     10   .0000
     11   .0000
     12   .0000
     13   .0000
     14   .0000
     15   .0000
     16   .0000
     17   .0000
     18   .0000
     19   .0000
     20   .0000
     21   .0000
     22   .0000
     23   .0000
     24   .0000
     25   .0000
     26   .0000
     27   .0000
     28   .0000
     29   .0000
     30   .0000
     31   .0000
     32   .0000
     33   .0000
     34   .0000
     35   .0000
     36   .0000
     37   .0000
     38   .0000
     39   .0000
     40   .0000
     41   .0000
     42   .0000
     43   .0000
     44   .0000
     45   .0000
     46   .0000
     47   .0000
     48   .0000
     49   .0000
     50   .0000
     51   .0000
     52   .0000
     53   .0000
     54   .0000
     55   .0000
     56   .0000
     57   .0000
     58   .0000
     59   .0000
     60   .0000
     61   .0000
     62   .0000
     63   .0000
     64   .0000
     65   .0000
     66   .0000
     67   .0000
     68   .0000
     69   .0000
     70   .0000
     71   .0000
     72   .0000
     73   .0000
     74   .0000
     75   .0000
     76   .0000
     77   .0000
     78   .0000
     79   .0000
     80   .0000
     81   .0000
     82   .0000
     83   .0000
     84   .0000
     85   .0000
     86   .0000
     87   .0000
     88   .0000
     89   .0000
     90   .0000
     91   .0000
     92   .0000
     93   .0000
     94   .0000
     95   .0000
     96   .0000
     97   .0000
     98   .0000
     99   .0000
    100   .0000
 VALORES DE AUTOV DE ENTRADA ************************
   
 VALORES DE WR_POS ORIGINAIS ************************
      1   1.75715
      2   1.75715
      3   2.38696
      4   2.38696
      5   2.10884
      6   2.10884
      7   1.85325
      8   1.85325
      9   2.14958
     10   2.14958
     11   1.20364
     12   1.20364
     13   1.43888
     14   1.43888
     15   2.09892
     16    .08943
     17    .08943
     18    .00000
     19    .00000
     20    .00000
     21    .00000
     22    .00000
     23    .00000
     24    .00000
     25    .00000
     26    .00000
     27    .00000
     28    .00000
     29    .00000
     30    .00000
     31    .00000
     32    .00000
     33    .00000
     34    .00000
     35    .00000
     36    .00000
     37    .00000
     38    .00000
     39    .00000
     40    .00000
     41    .00000
     42    .00000
     43    .00000
     44    .00000
     45    .00000
     46    .00000
     47    .00000
     48    .00000
     49    .00000
     50    .00000
     51    .00000
     52    .00000
     53    .00000
     54    .00000
     55    .00000
     56    .00000
     57    .00000
     58    .00000
     59    .00000
     60    .00000
     61    .00000
     62    .00000
     63    .00000
     64    .00000
     65    .00000
     66    .00000
     67    .00000
     68    .00000
     69    .00000
     70    .00000
     71    .00000
     72    .00000
     73    .00000
     74    .00000
     75    .00000
     76    .00000
     77    .00000
     78    .00000
     79    .00000
     80    .00000
     81    .00000
     82    .00000
     83    .00000
     84    .00000
     85    .00000
     86    .00000
     87    .00000
     88    .00000
     89    .00000
     90    .00000
     91    .00000
     92    .00000
     93    .00000
     94    .00000
     95    .00000
     96    .00000
     97    .00000
     98    .00000
     99    .00000
    100    .00000
    101    .00000
    102    .00000
    103    .00000
    104    .00000
    105    .00000
    106    .00000
    107    .00000
    108    .00000
    109    .00000
    110    .00000
    111    .00000
    112    .00000
    113    .00000
    114    .00000
    115    .00000
    116    .00000
    117    .00000
    118    .00000
    119    .00000
    120    .00000
    121    .00000
    122    .00000
    123    .00000
    124    .00000
    125    .00000
    126    .00000
    127    .00000
    128    .00000
    129    .00000
    130    .00000
    131    .00000
    132    .00000
    133    .00000
    134    .00000
    135    .00000
    136    .00000
    137    .00000
    138    .00000
    139    .00000
    140    .00000
    141    .00000
    142    .00000
    143    .00000
    144    .00000
    145    .00000
    146    .00000
    147    .00000
    148    .00000
    149    .00000
    150    .00000
    151    .00000
    152    .00000
    153    .00000
    154    .00000
    155    .00000
    156    .00000
    157    .00000
    158    .00000
    159    .00000
    160    .00000
    161    .00000
    162    .00000
    163    .00000
    164    .00000
    165    .00000
    166    .00000
    167    .00000
    168    .00000
    169    .00000
    170    .00000
    171    .00000
    172    .00000
    173    .00000
    174    .00000
    175    .00000
    176    .00000
    177    .00000
    178    .00000
    179    .00000
    180    .00000
    181    .00000
    182    .00000
    183    .00000
    184    .00000
    185    .00000
    186    .00000
    187    .00000
    188    .00000
    189    .00000
    190    .00000
    191    .00000
    192    .00000
    193    .00000
    194    .00000
    195    .00000
    196    .00000
    197    .00000
    198    .00000
    199    .00000
    200    .00000
    201    .00000
    202    .00000
    203    .00000
    204    .00000
    205    .00000
    206    .00000
    207    .00000
    208    .00000
    209    .00000
    210    .00000
    211    .00000
    212    .00000
    213    .00000
    214    .00000
    215    .00000
    216    .00000
    217    .00000
    218    .00000
    219    .00000
    220    .00000
    221    .00000
    222    .00000
    223    .00000
    224    .00000
    225    .00000
    226    .00000
    227    .00000
    228    .00000
    229    .00000
    230    .00000
    231    .00000
    232    .00000
    233    .00000
    234    .00000
    235    .00000
    236    .00000
    237    .00000
    238    .00000
    239    .00000
    240    .00000
    241    .00000
    242    .00000
    243    .00000
    244    .00000
    245    .00000
    246    .00000
    247    .00000
    248    .00000
    249    .00000
    250    .00000
    251    .00000
    252    .00000
    253    .00000
    254    .00000
    255    .00000
    256    .00000
   
 VALORES DE WRA  ************************************
 WRA ORIGINAL POSSUIA         256 NUM., REDUZIDO PARA         130 NUM.
      1    .75439
      2   1.15134
      3    .93196
      4   1.03586
      5    .98254
      6   1.00885
      7    .99561
      8   1.00220
      9    .99890
     10   1.00055
     11    .99972
     12   1.00014
     13    .99993
     14   1.00003
     15    .99998
     16   1.00001
     17   1.00000
     18   1.00000
     19   1.00000
     20   1.00000
     21   1.00000
     22   1.00000
     23   1.00000
     24   1.00000
     25   1.00000
     26   1.00000
     27   1.00000
     28   1.00000
     29   1.00000
     30   1.00000
     31   1.00000
     32   1.00000
     33   1.00000
     34   1.00000
     35   1.00000
     36   1.00000
     37   1.00000
     38   1.00000
     39   1.00000
     40   1.00000
     41   1.00000
     42   1.00000
     43   1.00000
     44   1.00000
     45   1.00000
     46   1.00000
     47   1.00000
     48   1.00000
     49   1.00000
     50   1.00000
     51   1.00000
     52   1.00000
     53   1.00000
     54   1.00000
     55   1.00000
     56   1.00000
     57   1.00000
     58   1.00000
     59   1.00000
     60   1.00000
     61   1.00000
     62   1.00000
     63   1.00000
     64   1.00000
     65   1.00000
     66   1.00000
     67   1.00000
     68   1.00000
     69   1.00000
     70   1.00000
     71   1.00000
     72   1.00000
     73   1.00000
     74   1.00000
     75   1.00000
     76   1.00000
     77   1.00000
     78   1.00000
     79   1.00000
     80   1.00000
     81   1.00000
     82   1.00000
     83   1.00000
     84   1.00000
     85   1.00000
     86   1.00000
     87   1.00000
     88   1.00000
     89   1.00000
     90   1.00000
     91   1.00000
     92   1.00000
     93   1.00000
     94   1.00000
     95   1.00000
     96   1.00000
     97   1.00000
     98   1.00000
     99   1.00000
    100   1.00000
    101   1.00000
    102   1.00000
    103   1.00000
    104   1.00000
    105   1.00000
    106   1.00000
    107   1.00000
    108   1.00000
    109   1.00000
    110   1.00000
    111   1.00000
    112   1.00000
    113   1.00000
    114   1.00000
    115   1.00000
    116   1.00000
    117   1.00000
    118   1.00000
    119   1.00000
    120   1.00000
    121   1.00000
    122   1.00000
    123   1.00000
    124   1.00000
    125   1.00000
    126   1.00000
    127   1.00000
    128   1.00000
    129   1.00000
    130   1.00000



           - AUTOVALORES - 
          REAL     IMAGINARIO
           1        1.757148556203056       -1.722192438032787
           2        1.757148556203056        1.722192438032787
           3        2.386963739221607  -8.901196433992367E-002
           4        2.386963739221607   8.901196433992367E-002
           5        2.108844865042909  -9.175198362578314E-001
           6        2.108844865042909   9.175198362578314E-001
           7        1.853253382670709       -1.327982227222999
           8        1.853253382670709        1.327982227222999
           9        2.149582014424842  -6.751032078342082E-001
          10        2.149582014424842   6.751032078342082E-001
          11        1.203639429787453       -1.877162180705372
          12        1.203639429787453        1.877162180705372
          13        1.438875966901937       -1.626979984024527
          14        1.438875966901937        1.626979984024527
          15        2.098924914851295   0.000000000000000E+000
          16   8.943261949112369E-002       -2.162144548502786
          17   8.943261949112369E-002        2.162144548502786
          18       -1.672654579813316       -1.541275863829775
          19       -1.672654579813316        1.541275863829775
          20   9.007930065528208E-001       -1.904355286985966
          21   9.007930065528208E-001        1.904355286985966
          22        1.321587876518814       -1.590647326388658
          23        1.321587876518814        1.590647326388658
          24   5.109502195815286E-001       -1.914407211443451
          25   5.109502195815286E-001        1.914407211443451
          26   3.387694529374932E-001       -1.886650637966213
          27   3.387694529374932E-001        1.886650637966213
          28   3.744281407904759E-002       -1.848811024394370
          29   3.744281407904759E-002        1.848811024394370
          30  -2.163764222031810E-001       -1.788460864493983
          31  -2.163764222031810E-001        1.788460864493983
          32        1.490718108277927  -6.123428064076176E-001
          33        1.490718108277927   6.123428064076176E-001
          34  -2.155479855719903E-001       -1.694099760769696
          35  -2.155479855719903E-001        1.694099760769696
          36  -6.513342647717375E-001       -1.578311584339463
          37  -6.513342647717375E-001        1.578311584339463
          38       -1.130115479334032       -1.229266360003894
          39       -1.130115479334032        1.229266360003894
          40  -9.925401479625325E-001       -1.311363535090613
          41  -9.925401479625325E-001        1.311363535090613
          42  -1.827585543776915E-001       -1.469545293192941
          43  -1.827585543776915E-001        1.469545293192941
          44       -1.591937375034737   0.000000000000000E+000
          45  -6.773967211120966E-001       -1.300750603671300
          46  -6.773967211120966E-001        1.300750603671300
          47        1.265742014418074  -2.076220788919417E-001
          48        1.265742014418074   2.076220788919417E-001
          49   5.022405181127720E-002       -1.350681584622903
          50   5.022405181127720E-002        1.350681584622903
          51       -1.408881626081441  -4.990665140062341E-001
          52       -1.408881626081441   4.990665140062341E-001
          53   5.581885294968079E-001       -1.161164086173232
          54   5.581885294968079E-001        1.161164086173232
          55   3.030287656126859E-001       -1.244079937729505
          56   3.030287656126859E-001        1.244079937729505
          57   8.272268425933756E-001  -9.335534260393119E-001
          58   8.272268425933756E-001   9.335534260393119E-001
          59   7.369498598001840E-001  -9.903118092005204E-001
          60   7.369498598001840E-001   9.903118092005204E-001
          61        1.074053227025286  -5.492873864995052E-001
          62        1.074053227025286   5.492873864995052E-001
          63  -4.996307812692685E-001       -1.279600838141195
          64  -4.996307812692685E-001        1.279600838141195
          65       -1.097776632498182  -8.777126909896302E-001
          66       -1.097776632498182   8.777126909896302E-001
          67       -1.417487540648464  -2.209469406512882E-001
          68       -1.417487540648464   2.209469406512882E-001
          69   2.959302068039266E-002       -1.214421269972336
          70   2.959302068039266E-002        1.214421269972336
          71  -4.880969803994779E-001       -1.191718931987676
          72  -4.880969803994779E-001        1.191718931987676
          73        1.076680078987722  -1.965691952569933E-001
          74        1.076680078987722   1.965691952569933E-001
          75        1.033758078963071  -3.645504715984230E-001
          76        1.033758078963071   3.645504715984230E-001
          77  -8.318407862244235E-001       -1.006908649548573
          78  -8.318407862244235E-001        1.006908649548573
          79   3.009338965374262E-001       -1.062882571135086
          80   3.009338965374262E-001        1.062882571135086
          81   9.226723539884950E-001  -4.366906937717397E-001
          82   9.226723539884950E-001   4.366906937717397E-001
          83   9.331557097923580E-001  -2.009423255623956E-001
          84   9.331557097923580E-001   2.009423255623956E-001
          85   9.375750678565495E-001  -6.551534498554055E-003
          86   9.375750678565495E-001   6.551534498554055E-003
          87   8.730241070645790E-001  -4.135857297046333E-001
          88   8.730241070645790E-001   4.135857297046333E-001
          89   8.259681977628087E-001  -3.802819105651594E-001
          90   8.259681977628087E-001   3.802819105651594E-001
          91   7.901773707897868E-001  -4.975735919636191E-001
          92   7.901773707897868E-001   4.975735919636191E-001
          93   7.667256544175354E-001  -5.218916859445185E-001
          94   7.667256544175354E-001   5.218916859445185E-001
          95   8.399246282920361E-001  -1.293448898863732E-001
          96   8.399246282920361E-001   1.293448898863732E-001
          97   8.257665170845309E-001  -1.858094210823173E-001
          98   8.257665170845309E-001   1.858094210823173E-001
          99   6.340701428957807E-001  -7.349948036825117E-001
         100   6.340701428957807E-001   7.349948036825117E-001
         101   7.578028996722996E-001  -3.148064413877574E-001
         102   7.578028996722996E-001   3.148064413877574E-001
         103   3.308810782261712E-001  -9.337676185940064E-001
         104   3.308810782261712E-001   9.337676185940064E-001
         105   5.929682226345281E-001  -7.046224789355442E-001
         106   5.929682226345281E-001   7.046224789355442E-001
         107   5.693630614473790E-001  -7.076835688174342E-001
         108   5.693630614473790E-001   7.076835688174342E-001
         109   5.857847329151241E-001  -6.548151418012088E-001
         110   5.857847329151241E-001   6.548151418012088E-001
         111   4.033072737650653E-001  -8.641745190295194E-001
         112   4.033072737650653E-001   8.641745190295194E-001
         113   4.174237357831159E-001  -8.363531283194504E-001
         114   4.174237357831159E-001   8.363531283194504E-001
         115   4.357087788078607E-001  -7.940724655098252E-001
         116   4.357087788078607E-001   7.940724655098252E-001
         117   5.914014519859423E-001  -5.750705972856666E-001
         118   5.914014519859423E-001   5.750705972856666E-001
         119       -1.172438179293324  -5.937260810008441E-001
         120       -1.172438179293324   5.937260810008441E-001
         121  -4.001259375108108E-001       -1.074199446570922
         122  -4.001259375108108E-001        1.074199446570922
         123       -1.200414316692963  -4.549117788553023E-001
         124       -1.200414316692963   4.549117788553023E-001
         125  -6.061203624590078E-001  -9.884598655355775E-001
         126  -6.061203624590078E-001   9.884598655355775E-001
         127   2.096524222390539E-002  -9.661044478886962E-001
         128   2.096524222390539E-002   9.661044478886962E-001
         129   1.264770731710284E-001  -9.062611392482495E-001
         130   1.264770731710284E-001   9.062611392482495E-001
         131   1.042454172328792E-001  -9.087169236977190E-001
         132   1.042454172328792E-001   9.087169236977190E-001
         133  -5.899200449567754E-002  -9.360406405310007E-001
         134  -5.899200449567754E-002   9.360406405310007E-001
         135   3.029248294112782E-002  -8.958020801288021E-001
         136   3.029248294112782E-002   8.958020801288021E-001
         137  -2.013035858524377E-001  -9.525300325841073E-001
         138  -2.013035858524377E-001   9.525300325841073E-001
         139   1.000341244119920E-001  -7.972433006061673E-001
         140   1.000341244119920E-001   7.972433006061673E-001
         141   1.556783947751711E-001  -7.476430209295152E-001
         142   1.556783947751711E-001   7.476430209295152E-001
         143   5.849593041702339E-002  -7.839440275514203E-001
         144   5.849593041702339E-002   7.839440275514203E-001
         145   1.636319691089297E-001  -6.355533344732539E-001
         146   1.636319691089297E-001   6.355533344732539E-001
         147   3.079688134652655E-001  -4.609591410843395E-001
         148   3.079688134652655E-001   4.609591410843395E-001
         149   4.308064802256434E-001  -1.851043864732064E-001
         150   4.308064802256434E-001   1.851043864732064E-001
         151   3.922552846440706E-001  -2.651670263449157E-001
         152   3.922552846440706E-001   2.651670263449157E-001
         153   4.502150831706430E-001  -5.957219324627177E-002
         154   4.502150831706430E-001   5.957219324627177E-002
         155   4.268258741999025E-001  -3.429965120329392E-002
         156   4.268258741999025E-001   3.429965120329392E-002
         157   3.568442911992191E-001  -3.312816306737926E-001
         158   3.568442911992191E-001   3.312816306737926E-001
         159   3.163368152442346E-001  -3.813135228768836E-001
         160   3.163368152442346E-001   3.813135228768836E-001
         161   3.639633699240192E-001  -1.357015441424764E-001
         162   3.639633699240192E-001   1.357015441424764E-001
         163   3.083130541587681E-001  -2.457908159838805E-001
         164   3.083130541587681E-001   2.457908159838805E-001
         165  -6.149822174003952E-001  -8.956668957694840E-001
         166  -6.149822174003952E-001   8.956668957694840E-001
         167  -6.547801401534612E-001  -8.720350759559251E-001
         168  -6.547801401534612E-001   8.720350759559251E-001
         169  -3.792479719751924E-001  -9.104970849626983E-001
         170  -3.792479719751924E-001   9.104970849626983E-001
         171  -3.882787360805576E-001  -8.691910816914013E-001
         172  -3.882787360805576E-001   8.691910816914013E-001
         173  -3.632869404589970E-001  -8.621637130651465E-001
         174  -3.632869404589970E-001   8.621637130651465E-001
         175       -1.162651345486993  -3.122279161570337E-001
         176       -1.162651345486993   3.122279161570337E-001
         177       -1.198235562981908  -1.994946307603892E-001
         178       -1.198235562981908   1.994946307603892E-001
         179       -1.194550177889423  -8.501843611286501E-002
         180       -1.194550177889423   8.501843611286501E-002
         181  -4.063893177294117E-001  -8.275789573547115E-001
         182  -4.063893177294117E-001   8.275789573547115E-001
         183  -3.149877911216746E-001  -7.862026676456460E-001
         184  -3.149877911216746E-001   7.862026676456460E-001
         185  -1.832293913970201E-001  -7.104406758767077E-001
         186  -1.832293913970201E-001   7.104406758767077E-001
         187       -1.138346055663436  -1.480691116478738E-001
         188       -1.138346055663436   1.480691116478738E-001
         189  -6.630491904594127E-001  -7.924172072305530E-001
         190  -6.630491904594127E-001   7.924172072305530E-001
         191  -6.081984282145616E-001  -7.817597117286783E-001
         192  -6.081984282145616E-001   7.817597117286783E-001
         193  -7.070030007299715E-001  -7.402143577808247E-001
         194  -7.070030007299715E-001   7.402143577808247E-001
         195  -7.523873761713814E-001  -6.956166975353179E-001
         196  -7.523873761713814E-001   6.956166975353179E-001
         197  -5.324598453304921E-001  -7.421598651256768E-001
         198  -5.324598453304921E-001   7.421598651256768E-001
         199  -8.256821083475247E-001  -6.284734615753014E-001
         200  -8.256821083475247E-001   6.284734615753014E-001
         201  -9.416357510211497E-001  -5.049700751838775E-001
         202  -9.416357510211497E-001   5.049700751838775E-001
         203   1.933854655248432E-001  -3.158301757246465E-001
         204   1.933854655248432E-001   3.158301757246465E-001
         205   1.290095350709331E-001  -3.551758282492684E-001
         206   1.290095350709331E-001   3.551758282492684E-001
         207  -4.705646422474020E-001  -6.800263963680522E-001
         208  -4.705646422474020E-001   6.800263963680522E-001
         209   2.391003510859024E-002  -3.766330377268261E-001
         210   2.391003510859024E-002   3.766330377268261E-001
         211  -2.790913224463840E-002  -3.984219914734063E-001
         212  -2.790913224463840E-002   3.984219914734063E-001
         213  -4.022970498653928E-001  -6.197628213467479E-001
         214  -4.022970498653928E-001   6.197628213467479E-001
         215  -7.922580617635904E-001  -5.622285609361843E-001
         216  -7.922580617635904E-001   5.622285609361843E-001
         217  -1.652590280730106E-001  -3.927685625972495E-001
         218  -1.652590280730106E-001   3.927685625972495E-001
         219  -3.365332686263559E-001  -4.582788608657173E-001
         220  -3.365332686263559E-001   4.582788608657173E-001
         221  -9.285009510223491E-001  -3.391550943921603E-001
         222  -9.285009510223491E-001   3.391550943921603E-001
         223  -9.391503298725723E-001  -3.008287009276501E-001
         224  -9.391503298725723E-001   3.008287009276501E-001
         225  -7.464509489379121E-001  -4.772144579437697E-001
         226  -7.464509489379121E-001   4.772144579437697E-001
         227  -7.729992785859705E-001  -4.635967840019422E-001
         228  -7.729992785859705E-001   4.635967840019422E-001
         229  -9.653582226956837E-001  -1.270515147004196E-001
         230  -9.653582226956837E-001   1.270515147004196E-001
         231  -7.875988072555769E-001  -4.097932293090032E-001
         232  -7.875988072555769E-001   4.097932293090032E-001
         233  -6.979878118597459E-001  -4.242194057306569E-001
         234  -6.979878118597459E-001   4.242194057306569E-001
         235  -5.903885803941866E-001  -4.011971034503886E-001
         236  -5.903885803941866E-001   4.011971034503886E-001
         237  -8.713446000639502E-001  -1.667944721467140E-001
         238  -8.713446000639502E-001   1.667944721467140E-001
         239  -8.186302297586644E-001  -2.759941448452756E-001
         240  -8.186302297586644E-001   2.759941448452756E-001
         241  -8.081388241012020E-001  -2.556890592458276E-001
         242  -8.081388241012020E-001   2.556890592458276E-001
         243  -8.698606206646933E-001  -3.439584128413162E-003
         244  -8.698606206646933E-001   3.439584128413162E-003
         245  -8.397682299172020E-001  -1.890994356098268E-002
         246  -8.397682299172020E-001   1.890994356098268E-002
         247  -3.930687871801194E-001  -3.222083727222060E-001
         248  -3.930687871801194E-001   3.222083727222060E-001
         249  -6.432153523628982E-001  -2.149505093650155E-001
         250  -6.432153523628982E-001   2.149505093650155E-001
         251  -2.457323661874893E-001   0.000000000000000E+000
         252  -5.754739073739312E-001  -1.097164608263027E-001
         253  -5.754739073739312E-001   1.097164608263027E-001
         254  -5.879418497515867E-001  -2.469336647497734E-002
         255  -5.879418497515867E-001   2.469336647497734E-002
         256   2.982780082873734E-001   0.000000000000000E+000



           - AUTOVALORES DIFERENTES E REAIS e positivos - 
          REAL
           1   2.982780082873734E-001
           2        2.098924914851295
**** singularity in row   55
