 ************************************************************************************************************************
                         Exem


DATA

  NUMERO DE ELEMENTOS DE CONTORNO= 32

  NUMERO DE NÓS FUNCIONAIS= 36

  NUMERO DE PONTOS INTERNOS ONDE A FUNC. É CALCULADA= 64




  COORDENADAS DOS PONTOS FONTE DOS ELEMENTOS DE CONTORNO

    PONTO          X                  Y
        1       .0000000E+00       .0000000E+00
        2       .1250000E+00       .0000000E+00
        3       .2500000E+00       .0000000E+00
        4       .3750000E+00       .0000000E+00
        5       .5000000E+00       .0000000E+00
        6       .6250000E+00       .0000000E+00
        7       .7500000E+00       .0000000E+00
        8       .8750000E+00       .0000000E+00
        9       .1000000E+01       .0000000E+00
       10       .1000000E+01       .0000000E+00
       11       .1000000E+01       .1250000E+00
       12       .1000000E+01       .2500000E+00
       13       .1000000E+01       .3750000E+00
       14       .1000000E+01       .5000000E+00
       15       .1000000E+01       .6250000E+00
       16       .1000000E+01       .7500000E+00
       17       .1000000E+01       .8750000E+00
       18       .1000000E+01       .1000000E+01
       19       .1000000E+01       .1000000E+01
       20       .8750000E+00       .1000000E+01
       21       .7500000E+00       .1000000E+01
       22       .6250000E+00       .1000000E+01
       23       .5000000E+00       .1000000E+01
       24       .3750000E+00       .1000000E+01
       25       .2500000E+00       .1000000E+01
       26       .1250000E+00       .1000000E+01
       27       .0000000E+00       .1000000E+01
       28       .0000000E+00       .1000000E+01
       29       .0000000E+00       .8750000E+00
       30       .0000000E+00       .7500000E+00
       31       .0000000E+00       .6250000E+00
       32       .0000000E+00       .5000000E+00
       33       .0000000E+00       .3750000E+00
       34       .0000000E+00       .2500000E+00
       35       .0000000E+00       .1250000E+00
       36       .0000000E+00       .0000000E+00
       37       .6250000E-01       .6250000E-01
       38       .1875000E+00       .6250000E-01
       39       .3125000E+00       .6250000E-01
       40       .4375000E+00       .6250000E-01
       41       .5625000E+00       .6250000E-01
       42       .6875000E+00       .6250000E-01
       43       .8125000E+00       .6250000E-01
       44       .9375000E+00       .6250000E-01
       45       .6250000E-01       .1875000E+00
       46       .1875000E+00       .1875000E+00
       47       .3125000E+00       .1875000E+00
       48       .4375000E+00       .1875000E+00
       49       .5625000E+00       .1875000E+00
       50       .6875000E+00       .1875000E+00
       51       .8125000E+00       .1875000E+00
       52       .9375000E+00       .1875000E+00
       53       .6250000E-01       .3125000E+00
       54       .1875000E+00       .3125000E+00
       55       .3125000E+00       .3125000E+00
       56       .4375000E+00       .3125000E+00
       57       .5625000E+00       .3125000E+00
       58       .6875000E+00       .3125000E+00
       59       .8125000E+00       .3125000E+00
       60       .9375000E+00       .3125000E+00
       61       .6250000E-01       .4375000E+00
       62       .1875000E+00       .4375000E+00
       63       .3125000E+00       .4375000E+00
       64       .4375000E+00       .4375000E+00
       65       .5625000E+00       .4375000E+00
       66       .6875000E+00       .4375000E+00
       67       .8125000E+00       .4375000E+00
       68       .9375000E+00       .4375000E+00
       69       .6250000E-01       .5625000E+00
       70       .1875000E+00       .5625000E+00
       71       .3125000E+00       .5625000E+00
       72       .4375000E+00       .5625000E+00
       73       .5625000E+00       .5625000E+00
       74       .6875000E+00       .5625000E+00
       75       .8125000E+00       .5625000E+00
       76       .9375000E+00       .5625000E+00
       77       .6250000E-01       .6875000E+00
       78       .1875000E+00       .6875000E+00
       79       .3125000E+00       .6875000E+00
       80       .4375000E+00       .6875000E+00
       81       .5625000E+00       .6875000E+00
       82       .6875000E+00       .6875000E+00
       83       .8125000E+00       .6875000E+00
       84       .9375000E+00       .6875000E+00
       85       .6250000E-01       .8125000E+00
       86       .1875000E+00       .8125000E+00
       87       .3125000E+00       .8125000E+00
       88       .4375000E+00       .8125000E+00
       89       .5625000E+00       .8125000E+00
       90       .6875000E+00       .8125000E+00
       91       .8125000E+00       .8125000E+00
       92       .9375000E+00       .8125000E+00
       93       .6250000E-01       .9375000E+00
       94       .1875000E+00       .9375000E+00
       95       .3125000E+00       .9375000E+00
       96       .4375000E+00       .9375000E+00
       97       .5625000E+00       .9375000E+00
       98       .6875000E+00       .9375000E+00
       99       .8125000E+00       .9375000E+00
      100       .9375000E+00       .9375000E+00


  CONDICOES DE CONTORNO

       INDICE   NÓ        NÓ          VALOR PRESCRITO
       1        1         36          .0000000E+00
       2        1          0          .0000000E+00
       3        1          0          .0000000E+00
       4        1          0          .0000000E+00
       5        1          0          .0000000E+00
       6        1          0          .0000000E+00
       7        1          0          .0000000E+00
       8        1          0          .0000000E+00
       9        1         10          .0000000E+00
      10        1          9          .0000000E+00
      11        1          0          .0000000E+00
      12        1          0          .0000000E+00
      13        1          0          .0000000E+00
      14        1          0          .0000000E+00
      15        1          0          .0000000E+00
      16        1          0          .0000000E+00
      17        1          0          .0000000E+00
      18        1         19          .0000000E+00
      19        1         18          .0000000E+00
      20        1          0          .0000000E+00
      21        1          0          .0000000E+00
      22        1          0          .0000000E+00
      23        1          0          .0000000E+00
      24        1          0          .0000000E+00
      25        1          0          .0000000E+00
      26        1          0          .0000000E+00
      27        1         28          .0000000E+00
      28        0         27          .0000000E+00
      29        0          0          .0000000E+00
      30        0          0          .0000000E+00
      31        0          0          .0000000E+00
      32        0          0          .0000000E+00
      33        0          0          .0000000E+00
      34        0          0          .0000000E+00
      35        0          0          .0000000E+00
      36        0          1          .0000000E+00


  INCIDENCIA DOS NOS GEOMETRICOS

       INDICE     PRIM. NÓ      SEG. NÓ
       1          1       2
       2          2       3
       3          3       4
       4          4       5
       5          5       6
       6          6       7
       7          7       8
       8          8       9
       9         10      11
      10         11      12
      11         12      13
      12         13      14
      13         14      15
      14         15      16
      15         16      17
      16         17      18
      17         19      20
      18         20      21
      19         21      22
      20         22      23
      21         23      24
      22         24      25
      23         25      26
      24         26      27
      25         28      29
      26         29      30
      27         30      31
      28         31      32
      29         32      33
      30         33      34
      31         34      35
      32         35      36
 NOVAS COORDENADAS DOS NOS DUPLOS
      .0025      .0000
      .1250      .0000
      .2500      .0000
      .3750      .0000
      .5000      .0000
      .6250      .0000
      .7500      .0000
      .8750      .0000
      .9975      .0000
     1.0000      .0025
     1.0000      .1250
     1.0000      .2500
     1.0000      .3750
     1.0000      .5000
     1.0000      .6250
     1.0000      .7500
     1.0000      .8750
     1.0000      .9975
      .9975     1.0000
      .8750     1.0000
      .7500     1.0000
      .6250     1.0000
      .5000     1.0000
      .3750     1.0000
      .2500     1.0000
      .1250     1.0000
      .0025     1.0000
      .0000      .9975
      .0000      .8750
      .0000      .7500
      .0000      .6250
      .0000      .5000
      .0000      .3750
      .0000      .2500
      .0000      .1250
      .0000      .0025
   
 VALORES DE DFI  ************************************
      1   .0000
      2   .0000
      3   .0000
      4   .0000
      5   .0000
      6   .0000
      7   .0000
      8   .0000
      9   .0000
     10   .0000
     11   .0000
     12   .0000
     13   .0000
     14   .0000
     15   .0000
     16   .0000
     17   .0000
     18   .0000
     19   .0000
     20   .0000
     21   .0000
     22   .0000
     23   .0000
     24   .0000
     25   .0000
     26   .0000
     27   .0000
     28   .0000
     29   .0000
     30   .0000
     31   .0000
     32   .0000
     33   .0000
     34   .0000
     35   .0000
     36   .0000
     37   .0000
     38   .0000
     39   .0000
     40   .0000
     41   .0000
     42   .0000
     43   .0000
     44   .0000
     45   .0000
     46   .0000
     47   .0000
     48   .0000
     49   .0000
     50   .0000
     51   .0000
     52   .0000
     53   .0000
     54   .0000
     55   .0000
     56   .0000
     57   .0000
     58   .0000
     59   .0000
     60   .0000
     61   .0000
     62   .0000
     63   .0000
     64   .0000
     65   .0000
     66   .0000
     67   .0000
     68   .0000
     69   .0000
     70   .0000
     71   .0000
     72   .0000
     73   .0000
     74   .0000
     75   .0000
     76   .0000
     77   .0000
     78   .0000
     79   .0000
     80   .0000
     81   .0000
     82   .0000
     83   .0000
     84   .0000
     85   .0000
     86   .0000
     87   .0000
     88   .0000
     89   .0000
     90   .0000
     91   .0000
     92   .0000
     93   .0000
     94   .0000
     95   .0000
     96   .0000
     97   .0000
     98   .0000
     99   .0000
    100   .0000
 VALORES DE AUTOV DE ENTRADA ************************
   
 VALORES DE WR_POS ORIGINAIS ************************
      1   5.96745
      2   5.96745
      3   5.69603
      4   5.69603
      5   5.14687
      6   5.14687
      7   3.33358
      8   3.33358
      9   4.09148
     10   4.09148
     11   4.39492
     12   4.39492
     13   2.31345
     14   2.31345
     15   1.16222
     16   1.16222
     17    .01731
     18    .01731
     19    .00000
     20    .00000
     21    .00000
     22    .00000
     23    .00000
     24    .00000
     25    .00000
     26    .00000
     27    .00000
     28    .00000
     29    .00000
     30    .00000
     31    .00000
     32    .00000
     33    .00000
     34    .00000
     35    .00000
     36    .00000
     37    .00000
     38    .00000
     39    .00000
     40    .00000
     41    .00000
     42    .00000
     43    .00000
     44    .00000
     45    .00000
     46    .00000
     47    .00000
     48    .00000
     49    .00000
     50    .00000
     51    .00000
     52    .00000
     53    .00000
     54    .00000
     55    .00000
     56    .00000
     57    .00000
     58    .00000
     59    .00000
     60    .00000
     61    .00000
     62    .00000
     63    .00000
     64    .00000
     65    .00000
     66    .00000
     67    .00000
     68    .00000
     69    .00000
     70    .00000
     71    .00000
     72    .00000
     73    .00000
     74    .00000
     75    .00000
     76    .00000
     77    .00000
     78    .00000
     79    .00000
     80    .00000
     81    .00000
     82    .00000
     83    .00000
     84    .00000
     85    .00000
     86    .00000
     87    .00000
     88    .00000
     89    .00000
     90    .00000
     91    .00000
     92    .00000
     93    .00000
     94    .00000
     95    .00000
     96    .00000
     97    .00000
     98    .00000
     99    .00000
    100    .00000
    101    .00000
    102    .00000
    103    .00000
    104    .00000
    105    .00000
    106    .00000
    107    .00000
    108    .00000
    109    .00000
    110    .00000
    111    .00000
    112    .00000
    113    .00000
    114    .00000
    115    .00000
    116    .00000
    117    .00000
    118    .00000
    119    .00000
    120    .00000
    121    .00000
    122    .00000
    123    .00000
    124    .00000
    125    .00000
    126    .00000
    127    .00000
    128    .00000
    129    .00000
    130    .00000
    131    .00000
    132    .00000
    133    .00000
    134    .00000
    135    .00000
    136    .00000
    137    .00000
    138    .00000
    139    .00000
    140    .00000
    141    .00000
    142    .00000
    143    .00000
    144    .00000
    145    .00000
    146    .00000
    147    .00000
    148    .00000
    149    .00000
    150    .00000
    151    .00000
    152    .00000
    153    .00000
    154    .00000
    155    .00000
    156    .00000
    157    .00000
    158    .00000
    159    .00000
    160    .00000
    161    .00000
    162    .00000
    163    .00000
    164    .00000
    165    .00000
    166    .00000
    167    .00000
    168    .00000
    169    .00000
    170    .00000
    171    .00000
    172    .00000
    173    .00000
    174    .00000
    175    .00000
    176    .00000
    177    .00000
    178    .00000
    179    .00000
    180    .00000
    181    .00000
    182    .00000
    183    .00000
    184    .00000
    185    .00000
    186    .00000
    187    .00000
    188    .00000
    189    .00000
    190    .00000
    191    .00000
    192    .00000
    193    .00000
    194    .00000
    195    .00000
    196    .00000
    197    .00000
    198    .00000
    199    .00000
    200    .00000
    201    .00000
    202    .00000
    203    .00000
    204    .00000
    205    .00000
    206    .00000
    207    .00000
    208    .00000
    209    .00000
    210    .00000
    211    .00000
    212    .00000
    213    .00000
    214    .00000
    215    .00000
    216    .00000
    217    .00000
    218    .00000
    219    .00000
    220    .00000
    221    .00000
    222    .00000
    223    .00000
    224    .00000
    225    .00000
    226    .00000
    227    .00000
    228    .00000
    229    .00000
    230    .00000
    231    .00000
    232    .00000
    233    .00000
    234    .00000
    235    .00000
    236    .00000
    237    .00000
    238    .00000
    239    .00000
    240    .00000
    241    .00000
    242    .00000
    243    .00000
    244    .00000
    245    .00000
    246    .00000
    247    .00000
    248    .00000
    249    .00000
    250    .00000
    251    .00000
    252    .00000
    253    .00000
    254    .00000
    255    .00000
    256    .00000
    257    .00000
    258    .00000
    259    .00000
    260    .00000
    261    .00000
    262    .00000
    263    .00000
    264    .00000
    265    .00000
    266    .00000
    267    .00000
    268    .00000
    269    .00000
    270    .00000
    271    .00000
    272    .00000
    273    .00000
    274    .00000
    275    .00000
    276    .00000
    277    .00000
    278    .00000
    279    .00000
    280    .00000
    281    .00000
    282    .00000
    283    .00000
    284    .00000
    285    .00000
    286    .00000
    287    .00000
    288    .00000
    289    .00000
    290    .00000
    291    .00000
    292    .00000
    293    .00000
    294    .00000
    295    .00000
    296    .00000
    297    .00000
    298    .00000
    299    .00000
    300    .00000
    301    .00000
    302    .00000
    303    .00000
    304    .00000
    305    .00000
    306    .00000
    307    .00000
    308    .00000
    309    .00000
    310    .00000
    311    .00000
    312    .00000
    313    .00000
    314    .00000
    315    .00000
    316    .00000
    317    .00000
    318    .00000
    319    .00000
    320    .00000
    321    .00000
    322    .00000
    323    .00000
    324    .00000
    325    .00000
    326    .00000
    327    .00000
    328    .00000
    329    .00000
    330    .00000
    331    .00000
    332    .00000
    333    .00000
    334    .00000
    335    .00000
    336    .00000
    337    .00000
    338    .00000
    339    .00000
    340    .00000
    341    .00000
    342    .00000
    343    .00000
    344    .00000
    345    .00000
    346    .00000
    347    .00000
    348    .00000
    349    .00000
    350    .00000
    351    .00000
    352    .00000
    353    .00000
    354    .00000
    355    .00000
    356    .00000
    357    .00000
    358    .00000
    359    .00000
    360    .00000
    361    .00000
    362    .00000
    363    .00000
    364    .00000
   
 VALORES DE WRA  ************************************
 WRA ORIGINAL POSSUIA         364 NUM., REDUZIDO PARA         174 NUM.
      1    .40936
      2   1.56296
      3    .79988
      4   1.11812
      5    .94571
      6   1.02830
      7    .98614
      8   1.00700
      9    .99652
     10   1.00175
     11    .99913
     12   1.00044
     13    .99978
     14   1.00011
     15    .99995
     16   1.00003
     17    .99999
     18   1.00001
     19   1.00000
     20   1.00000
     21   1.00000
     22   1.00000
     23   1.00000
     24   1.00000
     25   1.00000
     26   1.00000
     27   1.00000
     28   1.00000
     29   1.00000
     30   1.00000
     31   1.00000
     32   1.00000
     33   1.00000
     34   1.00000
     35   1.00000
     36   1.00000
     37   1.00000
     38   1.00000
     39   1.00000
     40   1.00000
     41   1.00000
     42   1.00000
     43   1.00000
     44   1.00000
     45   1.00000
     46   1.00000
     47   1.00000
     48   1.00000
     49   1.00000
     50   1.00000
     51   1.00000
     52   1.00000
     53   1.00000
     54   1.00000
     55   1.00000
     56   1.00000
     57   1.00000
     58   1.00000
     59   1.00000
     60   1.00000
     61   1.00000
     62   1.00000
     63   1.00000
     64   1.00000
     65   1.00000
     66   1.00000
     67   1.00000
     68   1.00000
     69   1.00000
     70   1.00000
     71   1.00000
     72   1.00000
     73   1.00000
     74   1.00000
     75   1.00000
     76   1.00000
     77   1.00000
     78   1.00000
     79   1.00000
     80   1.00000
     81   1.00000
     82   1.00000
     83   1.00000
     84   1.00000
     85   1.00000
     86   1.00000
     87   1.00000
     88   1.00000
     89   1.00000
     90   1.00000
     91   1.00000
     92   1.00000
     93   1.00000
     94   1.00000
     95   1.00000
     96   1.00000
     97   1.00000
     98   1.00000
     99   1.00000
    100   1.00000
    101   1.00000
    102   1.00000
    103   1.00000
    104   1.00000
    105   1.00000
    106   1.00000
    107   1.00000
    108   1.00000
    109   1.00000
    110   1.00000
    111   1.00000
    112   1.00000
    113   1.00000
    114   1.00000
    115   1.00000
    116   1.00000
    117   1.00000
    118   1.00000
    119   1.00000
    120   1.00000
    121   1.00000
    122   1.00000
    123   1.00000
    124   1.00000
    125   1.00000
    126   1.00000
    127   1.00000
    128   1.00000
    129   1.00000
    130   1.00000
    131   1.00000
    132   1.00000
    133   1.00000
    134   1.00000
    135   1.00000
    136   1.00000
    137   1.00000
    138   1.00000
    139   1.00000
    140   1.00000
    141   1.00000
    142   1.00000
    143   1.00000
    144   1.00000
    145   1.00000
    146   1.00000
    147   1.00000
    148   1.00000
    149   1.00000
    150   1.00000
    151   1.00000
    152   1.00000
    153   1.00000
    154   1.00000
    155   1.00000
    156   1.00000
    157   1.00000
    158   1.00000
    159   1.00000
    160   1.00000
    161   1.00000
    162   1.00000
    163   1.00000
    164   1.00000
    165   1.00000
    166   1.00000
    167   1.00000
    168   1.00000
    169   1.00000
    170   1.00000
    171   1.00000
    172   1.00000
    173   1.00000
    174   1.00000



           - AUTOVALORES - 
          REAL     IMAGINARIO
           1        5.967445638147552  -6.129750203511047E-001
           2        5.967445638147552   6.129750203511047E-001
           3        5.696029205573204       -1.763173152891246
           4        5.696029205573204        1.763173152891246
           5        5.146870781373292       -2.749336143061414
           6        5.146870781373292        2.749336143061414
           7        3.333582179237201       -4.633807543328580
           8        3.333582179237201        4.633807543328580
           9        4.091478183560154       -3.872813848948032
          10        4.091478183560154        3.872813848948032
          11        4.394919883394723       -3.320277208793235
          12        4.394919883394723        3.320277208793235
          13        2.313450895437741       -5.136055121874018
          14        2.313450895437741        5.136055121874018
          15        1.162220262577983       -5.354544637691455
          16        1.162220262577983        5.354544637691455
          17   1.730863610641942E-002       -5.263516688929672
          18   1.730863610641942E-002        5.263516688929672
          19       -1.011127319518468       -4.902373206045359
          20       -1.011127319518468        4.902373206045359
          21       -1.820500123144297       -4.285433361713468
          22       -1.820500123144297        4.285433361713468
          23       -2.188605168485694       -3.784764823212921
          24       -2.188605168485694        3.784764823212921
          25       -2.902181090127644       -3.343661354371780
          26       -2.902181090127644        3.343661354371780
          27       -3.457815895167679       -2.508554111987648
          28       -3.457815895167679        2.508554111987648
          29       -3.763907814268961       -1.561076750466621
          30       -3.763907814268961        1.561076750466621
          31       -3.824290204028244  -5.952337653159933E-001
          32       -3.824290204028244   5.952337653159933E-001
          33        2.776938733061754  -4.581346415962898E-001
          34        2.776938733061754   4.581346415962898E-001
          35        2.731291046374000  -2.002756524806476E-001
          36        2.731291046374000   2.002756524806476E-001
          37        2.581854476993738       -1.085449488439079
          38        2.581854476993738        1.085449488439079
          39        2.528782718827814  -9.796822386645069E-001
          40        2.528782718827814   9.796822386645069E-001
          41   6.861928465618925E-001       -2.967767696090567
          42   6.861928465618925E-001        2.967767696090567
          43        2.262385167449947       -1.586790647764097
          44        2.262385167449947        1.586790647764097
          45        2.237926358282070       -1.520957090143475
          46        2.237926358282070        1.520957090143475
          47        1.249796509366906       -2.648482626607952
          48        1.249796509366906        2.648482626607952
          49        1.948668517864427       -1.811257451577493
          50        1.948668517864427        1.811257451577493
          51        1.869646406966283       -1.977795864673640
          52        1.869646406966283        1.977795864673640
          53        1.669794809897473       -2.245632443895821
          54        1.669794809897473        2.245632443895821
          55        1.568620063163840       -2.241592047350050
          56        1.568620063163840        2.241592047350050
          57        1.113516350487779       -2.622598934659270
          58        1.113516350487779        2.622598934659270
          59   1.343861448124428E-002       -3.134493138817939
          60   1.343861448124428E-002        3.134493138817939
          61   5.150952574520999E-001       -2.786029552720967
          62   5.150952574520999E-001        2.786029552720967
          63  -7.109869691911501E-001       -3.101814956244954
          64  -7.109869691911501E-001        3.101814956244954
          65  -4.009752032729536E-001       -2.936502928109149
          66  -4.009752032729536E-001        2.936502928109149
          67       -3.549319557110414   0.000000000000000E+000
          68       -1.425340976727845       -2.866633583510759
          69       -1.425340976727845        2.866633583510759
          70       -1.004518582747251       -2.854234230545642
          71       -1.004518582747251        2.854234230545642
          72       -3.353717843997970  -4.443363216903324E-001
          73       -3.353717843997970   4.443363216903324E-001
          74       -2.048485002570266       -2.476636987271766
          75       -2.048485002570266        2.476636987271766
          76       -1.512139374907760       -2.590459213284338
          77       -1.512139374907760        2.590459213284338
          78       -3.095790424546870       -1.065974795563254
          79       -3.095790424546870        1.065974795563254
          80       -2.472990937617088       -1.986333824887648
          81       -2.472990937617088        1.986333824887648
          82       -2.913055931617327       -1.162914495707510
          83       -2.913055931617327        1.162914495707510
          84       -2.740719848424062       -1.563553886523114
          85       -2.740719848424062        1.563553886523114
          86       -2.628555992419867       -1.650689932262284
          87       -2.628555992419867        1.650689932262284
          88       -2.222795366684553       -2.092808243210815
          89       -2.222795366684553        2.092808243210815
          90       -3.071505542063509   0.000000000000000E+000
          91       -1.779759704997989       -2.313695415724734
          92       -1.779759704997989        2.313695415724734
          93       -2.484703660128932  -6.548658162466889E-002
          94       -2.484703660128932   6.548658162466889E-002
          95       -2.273334042560454  -4.806902116405875E-001
          96       -2.273334042560454   4.806902116405875E-001
          97       -2.090524064331022  -8.186073217806290E-001
          98       -2.090524064331022   8.186073217806290E-001
          99   6.590546249598489E-001       -2.001682698862201
         100   6.590546249598489E-001        2.001682698862201
         101        1.039560829667042       -1.814086355091564
         102        1.039560829667042        1.814086355091564
         103        1.345544368430505       -1.549346281458639
         104        1.345544368430505        1.549346281458639
         105       -1.887145767406603       -1.096092570768614
         106       -1.887145767406603        1.096092570768614
         107   1.719080543031483E-001       -2.074263604792873
         108   1.719080543031483E-001        2.074263604792873
         109  -3.123995242614499E-001       -2.076286212988236
         110  -3.123995242614499E-001        2.076286212988236
         111        1.578379199306191       -1.246492468077175
         112        1.578379199306191        1.246492468077175
         113        1.759655560943610  -9.133965896173132E-001
         114        1.759655560943610   9.133965896173132E-001
         115        1.891735074296932  -5.113635371919905E-001
         116        1.891735074296932   5.113635371919905E-001
         117  -7.163619737582099E-001       -1.945247260774912
         118  -7.163619737582099E-001        1.945247260774912
         119       -1.632003230520370       -1.340885468048892
         120       -1.632003230520370        1.340885468048892
         121        1.924407073877467   0.000000000000000E+000
         122       -1.053263685140737       -1.738656890988491
         123       -1.053263685140737        1.738656890988491
         124       -1.340233380499745       -1.540967058126521
         125       -1.340233380499745        1.540967058126521
         126   1.429514775794186E-001       -1.843228255619864
         127   1.429514775794186E-001        1.843228255619864
         128   2.877480131621665E-001       -1.763817830842086
         129   2.877480131621665E-001        1.763817830842086
         130   6.055915517959746E-001       -1.617223474024631
         131   6.055915517959746E-001        1.617223474024631
         132   8.926998893263533E-001       -1.460993568977613
         133   8.926998893263533E-001        1.460993568977613
         134        1.135779300971551       -1.262814617169306
         135        1.135779300971551        1.262814617169306
         136        1.323051831951462       -1.016289031943687
         137        1.323051831951462        1.016289031943687
         138  -1.735861601299963E-001       -1.709099622554276
         139  -1.735861601299963E-001        1.709099622554276
         140        1.506334141551347  -4.187557726665611E-001
         141        1.506334141551347   4.187557726665611E-001
         142        1.565103738420902   0.000000000000000E+000
         143  -4.920247004456491E-001       -1.593125951996197
         144  -4.920247004456491E-001        1.593125951996197
         145        1.502546285663041  -1.103575079407038E-001
         146        1.502546285663041   1.103575079407038E-001
         147  -7.949079755264780E-001       -1.425768247897598
         148  -7.949079755264780E-001        1.425768247897598
         149        1.420507717840500  -1.725259087225908E-001
         150        1.420507717840500   1.725259087225908E-001
         151       -1.043968727232531       -1.204033354154941
         152       -1.043968727232531        1.204033354154941
         153       -1.262057497046105  -9.471897771924674E-001
         154       -1.262057497046105   9.471897771924674E-001
         155       -1.427265811175627  -6.603538390491306E-001
         156       -1.427265811175627   6.603538390491306E-001
         157       -1.525081172069837  -3.421709564856912E-001
         158       -1.525081172069837   3.421709564856912E-001
         159       -1.554425613469010   0.000000000000000E+000
         160        1.303496244623877  -4.359085347820501E-001
         161        1.303496244623877   4.359085347820501E-001
         162  -8.610356238275572E-001       -1.223522339292541
         163  -8.610356238275572E-001        1.223522339292541
         164        1.130180087421132  -6.703529284442613E-001
         165        1.130180087421132   6.703529284442613E-001
         166  -9.693866346993874E-001       -1.067977859725011
         167  -9.693866346993874E-001        1.067977859725011
         168  -6.731096182249545E-001       -1.227368814986754
         169  -6.731096182249545E-001        1.227368814986754
         170   9.026247870427143E-001  -8.563795590599059E-001
         171   9.026247870427143E-001   8.563795590599059E-001
         172       -1.069893412314636  -8.445014537046908E-001
         173       -1.069893412314636   8.445014537046908E-001
         174  -4.502597518191642E-001       -1.217950737315603
         175  -4.502597518191642E-001        1.217950737315603
         176   6.203305422341188E-001  -9.811752158077370E-001
         177   6.203305422341188E-001   9.811752158077370E-001
         178  -2.455765222463691E-001       -1.179514921024797
         179  -2.455765222463691E-001        1.179514921024797
         180       -1.113531403468925  -5.925884509237418E-001
         181       -1.113531403468925   5.925884509237418E-001
         182   3.212430192667066E-001       -1.075438248695987
         183   3.212430192667066E-001        1.075438248695987
         184        1.021609292038595   0.000000000000000E+000
         185        1.002892680498295  -2.004903464766707E-001
         186        1.002892680498295   2.004903464766707E-001
         187   4.753049476419979E-002       -1.079727267928248
         188   4.753049476419979E-002        1.079727267928248
         189  -6.734273706355837E-002       -1.077248142463311
         190  -6.734273706355837E-002        1.077248142463311
         191       -1.101750638269363  -3.316936494017322E-001
         192       -1.101750638269363   3.316936494017322E-001
         193   8.828197532520734E-001  -3.887730034816510E-001
         194   8.828197532520734E-001   3.887730034816510E-001
         195   1.598380252618770E-002  -9.893192002687469E-001
         196   1.598380252618770E-002   9.893192002687469E-001
         197   7.365359176585714E-001  -5.266787976106451E-001
         198   7.365359176585714E-001   5.266787976106451E-001
         199  -2.490672722764543E-001  -9.361289215380552E-001
         200  -2.490672722764543E-001   9.361289215380552E-001
         201   1.939608510816138E-001  -8.796514276612628E-001
         202   1.939608510816138E-001   8.796514276612628E-001
         203       -1.030126619497192  -8.162491414759998E-002
         204       -1.030126619497192   8.162491414759998E-002
         205   5.915558670020231E-001  -6.022386607955440E-001
         206   5.915558670020231E-001   6.022386607955440E-001
         207   4.665098574852438E-001  -7.000494377458276E-001
         208   4.665098574852438E-001   7.000494377458276E-001
         209   3.342059442093251E-001  -7.632437917862305E-001
         210   3.342059442093251E-001   7.632437917862305E-001
         211  -4.355153965710246E-001  -8.045206661058806E-001
         212  -4.355153965710246E-001   8.045206661058806E-001
         213   4.497657035990516E-001  -6.445677417897673E-001
         214   4.497657035990516E-001   6.445677417897673E-001
         215   2.685609082791770E-001  -7.280849723926108E-001
         216   2.685609082791770E-001   7.280849723926108E-001
         217   5.396647434750606E-001  -5.033908418923112E-001
         218   5.396647434750606E-001   5.033908418923112E-001
         219   5.361394867766243E-001  -3.924875228633322E-001
         220   5.361394867766243E-001   3.924875228633322E-001
         221   6.748093263254713E-001  -6.438199931077841E-002
         222   6.748093263254713E-001   6.438199931077841E-002
         223   6.478802145068388E-001  -1.865179798301211E-001
         224   6.478802145068388E-001   1.865179798301211E-001
         225   6.005198264995333E-001  -2.964873268892637E-001
         226   6.005198264995333E-001   2.964873268892637E-001
         227   6.109353480442681E-001  -2.339919803894100E-001
         228   6.109353480442681E-001   2.339919803894100E-001
         229   6.201629865197258E-001  -1.177606618794420E-001
         230   6.201629865197258E-001   1.177606618794420E-001
         231   6.246300825777592E-001   0.000000000000000E+000
         232   6.031838707298860E-001  -5.983781355754145E-002
         233   6.031838707298860E-001   5.983781355754145E-002
         234   4.579729734190040E-001  -4.751282737032641E-001
         235   4.579729734190040E-001   4.751282737032641E-001
         236   5.635150537741667E-001  -1.747130480843644E-001
         237   5.635150537741667E-001   1.747130480843644E-001
         238   3.693456247493695E-001  -5.430101735309213E-001
         239   3.693456247493695E-001   5.430101735309213E-001
         240   5.004887320739759E-001  -2.729073533190196E-001
         241   5.004887320739759E-001   2.729073533190196E-001
         242   2.722737743445726E-001  -5.953213272870392E-001
         243   2.722737743445726E-001   5.953213272870392E-001
         244  -5.689594064252285E-001  -6.392371510642442E-001
         245  -5.689594064252285E-001   6.392371510642442E-001
         246   4.253498780375615E-001  -3.562139462727154E-001
         247   4.253498780375615E-001   3.562139462727154E-001
         248   1.098546461206547E-001  -6.604989033139994E-001
         249   1.098546461206547E-001   6.604989033139994E-001
         250   3.390804748010239E-001  -4.257662865128130E-001
         251   3.390804748010239E-001   4.257662865128130E-001
         252   6.235725046330137E-002  -6.485797145449850E-001
         253   6.235725046330137E-002   6.485797145449850E-001
         254   2.300547380540651E-001  -4.799041664392215E-001
         255   2.300547380540651E-001   4.799041664392215E-001
         256  -4.422526856895412E-002  -6.513048674636348E-001
         257  -4.422526856895412E-002   6.513048674636348E-001
         258  -3.722905017659553E-002  -6.385658328709061E-001
         259  -3.722905017659553E-002   6.385658328709061E-001
         260  -6.511408794847673E-001  -4.558905169661561E-001
         261  -6.511408794847673E-001   4.558905169661561E-001
         262  -1.480781822015677E-001  -6.337882326282988E-001
         263  -1.480781822015677E-001   6.337882326282988E-001
         264   1.252861765992272E-001  -4.876151549020504E-001
         265   1.252861765992272E-001   4.876151549020504E-001
         266  -1.189959829519331E-001  -5.950289291016248E-001
         267  -1.189959829519331E-001   5.950289291016248E-001
         268  -2.456530941340736E-001  -6.028916335203468E-001
         269  -2.456530941340736E-001   6.028916335203468E-001
         270   3.586446014105399E-002  -4.837889155178818E-001
         271   3.586446014105399E-002   4.837889155178818E-001
         272  -3.364229213738177E-001  -5.594800742643856E-001
         273  -3.364229213738177E-001   5.594800742643856E-001
         274  -1.848564330807450E-001  -5.532120508786002E-001
         275  -1.848564330807450E-001   5.532120508786002E-001
         276   2.309359029819216E-001  -3.534174770688853E-002
         277   2.309359029819216E-001   3.534174770688853E-002
         278   2.244034053710652E-001  -7.034050732001035E-002
         279   2.244034053710652E-001   7.034050732001035E-002
         280   2.135694742864893E-001  -1.047194080892365E-001
         281   2.135694742864893E-001   1.047194080892365E-001
         282   1.984162332287191E-001  -1.383049781158721E-001
         283   1.984162332287191E-001   1.383049781158721E-001
         284   1.787486792946868E-001  -1.709916111108356E-001
         285   1.787486792946868E-001   1.709916111108356E-001
         286   1.541349171418039E-001  -2.026312480654232E-001
         287   1.541349171418039E-001   2.026312480654232E-001
         288   1.239857571076078E-001  -2.329354626536674E-001
         289   1.239857571076078E-001   2.329354626536674E-001
         290  -4.627568192255877E-002  -4.707822574439923E-001
         291  -4.627568192255877E-002   4.707822574439923E-001
         292   8.781401573151815E-002  -2.614486534743694E-001
         293   8.781401573151815E-002   2.614486534743694E-001
         294   4.552920581393047E-002  -2.874609373797251E-001
         295   4.552920581393047E-002   2.874609373797251E-001
         296  -4.210601036679474E-001  -5.047844986883558E-001
         297  -4.210601036679474E-001   5.047844986883558E-001
         298  -2.438833609855639E-001  -5.135280877487318E-001
         299  -2.438833609855639E-001   5.135280877487318E-001
         300  -2.825154069426638E-003  -3.099833592964543E-001
         301  -2.825154069426638E-003   3.099833592964543E-001
         302  -1.230690128431076E-001  -4.490125838134323E-001
         303  -1.230690128431076E-001   4.490125838134323E-001
         304  -5.770054724711693E-002  -3.281462776218932E-001
         305  -5.770054724711693E-002   3.281462776218932E-001
         306  -8.006709072425273E-001   0.000000000000000E+000
         307  -2.994589775721552E-001  -4.737106071472402E-001
         308  -2.994589775721552E-001   4.737106071472402E-001
         309  -4.997810804014430E-001  -4.362862639557872E-001
         310  -4.997810804014430E-001   4.362862639557872E-001
         311  -1.203864317853419E-001  -3.412459326218383E-001
         312  -1.203864317853419E-001   3.412459326218383E-001
         313  -1.947653298186229E-001  -4.184859727558020E-001
         314  -1.947653298186229E-001   4.184859727558020E-001
         315  -3.528334709596954E-001  -4.319896492395730E-001
         316  -3.528334709596954E-001   4.319896492395730E-001
         317  -1.933664712563575E-001  -3.479964284954750E-001
         318  -1.933664712563575E-001   3.479964284954750E-001
         319  -2.608663934176496E-001  -3.795236230931988E-001
         320  -2.608663934176496E-001   3.795236230931988E-001
         321  -2.805014389985231E-001  -3.449516543729494E-001
         322  -2.805014389985231E-001   3.449516543729494E-001
         323  -4.037413382939641E-001  -3.866068069783031E-001
         324  -4.037413382939641E-001   3.866068069783031E-001
         325  -6.639857294502012E-001  -2.782804029640225E-001
         326  -6.639857294502012E-001   2.782804029640225E-001
         327  -5.526794648929985E-001  -3.436573449998865E-001
         328  -5.526794648929985E-001   3.436573449998865E-001
         329  -4.523184706023393E-001  -3.357297705155721E-001
         330  -4.523184706023393E-001   3.357297705155721E-001
         331  -3.742134185394862E-001  -2.791727804740705E-001
         332  -3.742134185394862E-001   2.791727804740705E-001
         333  -6.985166328661419E-001  -1.333426757798858E-001
         334  -6.985166328661419E-001   1.333426757798858E-001
         335  -5.947989697454222E-001  -2.550474970702122E-001
         336  -5.947989697454222E-001   2.550474970702122E-001
         337  -5.071119477554842E-001  -2.801346937284607E-001
         338  -5.071119477554842E-001   2.801346937284607E-001
         339  -4.983073780667467E-001  -2.732398897713166E-001
         340  -4.983073780667467E-001   2.732398897713166E-001
         341  -4.211971854839228E-001  -2.194333710276546E-001
         342  -4.211971854839228E-001   2.194333710276546E-001
         343  -5.933729656916769E-001  -1.930472890245948E-001
         344  -5.933729656916769E-001   1.930472890245948E-001
         345  -6.153679418479700E-001  -1.537360880090679E-001
         346  -6.153679418479700E-001   1.537360880090679E-001
         347  -5.776229365539440E-001  -1.603740737507337E-001
         348  -5.776229365539440E-001   1.603740737507337E-001
         349  -4.622143221780691E-001  -1.539664470465013E-001
         350  -4.622143221780691E-001   1.539664470465013E-001
         351  -6.128506956395549E-001  -1.023454729656784E-001
         352  -6.128506956395549E-001   1.023454729656784E-001
         353  -6.136971666721405E-001  -8.063136731200617E-002
         354  -6.136971666721405E-001   8.063136731200617E-002
         355  -6.224074547095246E-001  -3.520633436727961E-002
         356  -6.224074547095246E-001   3.520633436727961E-002
         357  -6.209937884990335E-001   0.000000000000000E+000
         358  -5.759561486718630E-001  -8.899218811484932E-002
         359  -5.759561486718630E-001   8.899218811484932E-002
         360  -4.977752296366609E-001  -8.243788001300052E-002
         361  -4.977752296366609E-001   8.243788001300052E-002
         362  -5.504892564385279E-001   0.000000000000000E+000
         363  -5.213917357251645E-001   0.000000000000000E+000
         364  -1.157489575260527E-001   0.000000000000000E+000



           - AUTOVALORES DIFERENTES E REAIS e positivos - 
          REAL
           1   6.246300825777592E-001
           2        1.021609292038595
           3        1.565103738420902
           4        1.924407073877467
**** singularity in row   82
