 ************************************************************************************************************************
                         Exem


DATA

  NUMERO DE ELEMENTOS DE CONTORNO= 32

  NUMERO DE NÓS FUNCIONAIS= 36

  NUMERO DE PONTOS INTERNOS ONDE A FUNC. É CALCULADA= 64




  COORDENADAS DOS PONTOS FONTE DOS ELEMENTOS DE CONTORNO

    PONTO          X                  Y
        1       .0000000E+00       .0000000E+00
        2       .1250000E+00       .0000000E+00
        3       .2500000E+00       .0000000E+00
        4       .3750000E+00       .0000000E+00
        5       .5000000E+00       .0000000E+00
        6       .6250000E+00       .0000000E+00
        7       .7500000E+00       .0000000E+00
        8       .8750000E+00       .0000000E+00
        9       .1000000E+01       .0000000E+00
       10       .1000000E+01       .0000000E+00
       11       .1000000E+01       .1250000E+00
       12       .1000000E+01       .2500000E+00
       13       .1000000E+01       .3750000E+00
       14       .1000000E+01       .5000000E+00
       15       .1000000E+01       .6250000E+00
       16       .1000000E+01       .7500000E+00
       17       .1000000E+01       .8750000E+00
       18       .1000000E+01       .1000000E+01
       19       .1000000E+01       .1000000E+01
       20       .8750000E+00       .1000000E+01
       21       .7500000E+00       .1000000E+01
       22       .6250000E+00       .1000000E+01
       23       .5000000E+00       .1000000E+01
       24       .3750000E+00       .1000000E+01
       25       .2500000E+00       .1000000E+01
       26       .1250000E+00       .1000000E+01
       27       .0000000E+00       .1000000E+01
       28       .0000000E+00       .1000000E+01
       29       .0000000E+00       .8750000E+00
       30       .0000000E+00       .7500000E+00
       31       .0000000E+00       .6250000E+00
       32       .0000000E+00       .5000000E+00
       33       .0000000E+00       .3750000E+00
       34       .0000000E+00       .2500000E+00
       35       .0000000E+00       .1250000E+00
       36       .0000000E+00       .0000000E+00
       37       .6250000E-01       .6250000E-01
       38       .1875000E+00       .6250000E-01
       39       .3125000E+00       .6250000E-01
       40       .4375000E+00       .6250000E-01
       41       .5625000E+00       .6250000E-01
       42       .6875000E+00       .6250000E-01
       43       .8125000E+00       .6250000E-01
       44       .9375000E+00       .6250000E-01
       45       .6250000E-01       .1875000E+00
       46       .1875000E+00       .1875000E+00
       47       .3125000E+00       .1875000E+00
       48       .4375000E+00       .1875000E+00
       49       .5625000E+00       .1875000E+00
       50       .6875000E+00       .1875000E+00
       51       .8125000E+00       .1875000E+00
       52       .9375000E+00       .1875000E+00
       53       .6250000E-01       .3125000E+00
       54       .1875000E+00       .3125000E+00
       55       .3125000E+00       .3125000E+00
       56       .4375000E+00       .3125000E+00
       57       .5625000E+00       .3125000E+00
       58       .6875000E+00       .3125000E+00
       59       .8125000E+00       .3125000E+00
       60       .9375000E+00       .3125000E+00
       61       .6250000E-01       .4375000E+00
       62       .1875000E+00       .4375000E+00
       63       .3125000E+00       .4375000E+00
       64       .4375000E+00       .4375000E+00
       65       .5625000E+00       .4375000E+00
       66       .6875000E+00       .4375000E+00
       67       .8125000E+00       .4375000E+00
       68       .9375000E+00       .4375000E+00
       69       .6250000E-01       .5625000E+00
       70       .1875000E+00       .5625000E+00
       71       .3125000E+00       .5625000E+00
       72       .4375000E+00       .5625000E+00
       73       .5625000E+00       .5625000E+00
       74       .6875000E+00       .5625000E+00
       75       .8125000E+00       .5625000E+00
       76       .9375000E+00       .5625000E+00
       77       .6250000E-01       .6875000E+00
       78       .1875000E+00       .6875000E+00
       79       .3125000E+00       .6875000E+00
       80       .4375000E+00       .6875000E+00
       81       .5625000E+00       .6875000E+00
       82       .6875000E+00       .6875000E+00
       83       .8125000E+00       .6875000E+00
       84       .9375000E+00       .6875000E+00
       85       .6250000E-01       .8125000E+00
       86       .1875000E+00       .8125000E+00
       87       .3125000E+00       .8125000E+00
       88       .4375000E+00       .8125000E+00
       89       .5625000E+00       .8125000E+00
       90       .6875000E+00       .8125000E+00
       91       .8125000E+00       .8125000E+00
       92       .9375000E+00       .8125000E+00
       93       .6250000E-01       .9375000E+00
       94       .1875000E+00       .9375000E+00
       95       .3125000E+00       .9375000E+00
       96       .4375000E+00       .9375000E+00
       97       .5625000E+00       .9375000E+00
       98       .6875000E+00       .9375000E+00
       99       .8125000E+00       .9375000E+00
      100       .9375000E+00       .9375000E+00


  CONDICOES DE CONTORNO

       INDICE   NÓ        NÓ          VALOR PRESCRITO
       1        0         36          .0000000E+00
       2        0          0          .0000000E+00
       3        0          0          .0000000E+00
       4        0          0          .0000000E+00
       5        0          0          .0000000E+00
       6        0          0          .0000000E+00
       7        0          0          .0000000E+00
       8        0          0          .0000000E+00
       9        0         10          .0000000E+00
      10        0          9          .0000000E+00
      11        0          0          .0000000E+00
      12        0          0          .0000000E+00
      13        0          0          .0000000E+00
      14        0          0          .0000000E+00
      15        0          0          .0000000E+00
      16        0          0          .0000000E+00
      17        0          0          .0000000E+00
      18        0         19          .0000000E+00
      19        0         18          .0000000E+00
      20        0          0          .0000000E+00
      21        0          0          .0000000E+00
      22        0          0          .0000000E+00
      23        0          0          .0000000E+00
      24        0          0          .0000000E+00
      25        0          0          .0000000E+00
      26        0          0          .0000000E+00
      27        0         28          .0000000E+00
      28        0         27          .0000000E+00
      29        0          0          .0000000E+00
      30        0          0          .0000000E+00
      31        0          0          .0000000E+00
      32        0          0          .0000000E+00
      33        0          0          .0000000E+00
      34        0          0          .0000000E+00
      35        0          0          .0000000E+00
      36        0          1          .0000000E+00


  INCIDENCIA DOS NOS GEOMETRICOS

       INDICE     PRIM. NÓ      SEG. NÓ
       1          1       2
       2          2       3
       3          3       4
       4          4       5
       5          5       6
       6          6       7
       7          7       8
       8          8       9
       9         10      11
      10         11      12
      11         12      13
      12         13      14
      13         14      15
      14         15      16
      15         16      17
      16         17      18
      17         19      20
      18         20      21
      19         21      22
      20         22      23
      21         23      24
      22         24      25
      23         25      26
      24         26      27
      25         28      29
      26         29      30
      27         30      31
      28         31      32
      29         32      33
      30         33      34
      31         34      35
      32         35      36
 NOVAS COORDENADAS DOS NOS DUPLOS
      .0025      .0000
      .1250      .0000
      .2500      .0000
      .3750      .0000
      .5000      .0000
      .6250      .0000
      .7500      .0000
      .8750      .0000
      .9975      .0000
     1.0000      .0025
     1.0000      .1250
     1.0000      .2500
     1.0000      .3750
     1.0000      .5000
     1.0000      .6250
     1.0000      .7500
     1.0000      .8750
     1.0000      .9975
      .9975     1.0000
      .8750     1.0000
      .7500     1.0000
      .6250     1.0000
      .5000     1.0000
      .3750     1.0000
      .2500     1.0000
      .1250     1.0000
      .0025     1.0000
      .0000      .9975
      .0000      .8750
      .0000      .7500
      .0000      .6250
      .0000      .5000
      .0000      .3750
      .0000      .2500
      .0000      .1250
      .0000      .0025
   
 VALORES DE DFI  ************************************
      1   .0000
      2   .0000
      3   .0000
      4   .0000
      5   .0000
      6   .0000
      7   .0000
      8   .0000
      9   .0000
     10   .0000
     11   .0000
     12   .0000
     13   .0000
     14   .0000
     15   .0000
     16   .0000
     17   .0000
     18   .0000
     19   .0000
     20   .0000
     21   .0000
     22   .0000
     23   .0000
     24   .0000
     25   .0000
     26   .0000
     27   .0000
     28   .0000
     29   .0000
     30   .0000
     31   .0000
     32   .0000
     33   .0000
     34   .0000
     35   .0000
     36   .0000
     37   .0000
     38   .0000
     39   .0000
     40   .0000
     41   .0000
     42   .0000
     43   .0000
     44   .0000
     45   .0000
     46   .0000
     47   .0000
     48   .0000
     49   .0000
     50   .0000
     51   .0000
     52   .0000
     53   .0000
     54   .0000
     55   .0000
     56   .0000
     57   .0000
     58   .0000
     59   .0000
     60   .0000
     61   .0000
     62   .0000
     63   .0000
     64   .0000
     65   .0000
     66   .0000
     67   .0000
     68   .0000
     69   .0000
     70   .0000
     71   .0000
     72   .0000
     73   .0000
     74   .0000
     75   .0000
     76   .0000
     77   .0000
     78   .0000
     79   .0000
     80   .0000
     81   .0000
     82   .0000
     83   .0000
     84   .0000
     85   .0000
     86   .0000
     87   .0000
     88   .0000
     89   .0000
     90   .0000
     91   .0000
     92   .0000
     93   .0000
     94   .0000
     95   .0000
     96   .0000
     97   .0000
     98   .0000
     99   .0000
    100   .0000
 VALORES DE AUTOV DE ENTRADA ************************
   
 VALORES DE WR_POS ORIGINAIS ************************
      1   4.65362
      2   3.66794
      3   3.66794
      4   2.90539
      5   2.90539
      6   3.41673
      7   3.41673
      8   2.93280
      9   2.93280
     10   1.53679
     11   1.53679
     12    .61215
     13    .61215
     14    .00000
     15    .00000
     16    .00000
     17    .00000
     18    .00000
     19    .00000
     20    .00000
     21    .00000
     22    .00000
     23    .00000
     24    .00000
     25    .00000
     26    .00000
     27    .00000
     28    .00000
     29    .00000
     30    .00000
     31    .00000
     32    .00000
     33    .00000
     34    .00000
     35    .00000
     36    .00000
     37    .00000
     38    .00000
     39    .00000
     40    .00000
     41    .00000
     42    .00000
     43    .00000
     44    .00000
     45    .00000
     46    .00000
     47    .00000
     48    .00000
     49    .00000
     50    .00000
     51    .00000
     52    .00000
     53    .00000
     54    .00000
     55    .00000
     56    .00000
     57    .00000
     58    .00000
     59    .00000
     60    .00000
     61    .00000
     62    .00000
     63    .00000
     64    .00000
     65    .00000
     66    .00000
     67    .00000
     68    .00000
     69    .00000
     70    .00000
     71    .00000
     72    .00000
     73    .00000
     74    .00000
     75    .00000
     76    .00000
     77    .00000
     78    .00000
     79    .00000
     80    .00000
     81    .00000
     82    .00000
     83    .00000
     84    .00000
     85    .00000
     86    .00000
     87    .00000
     88    .00000
     89    .00000
     90    .00000
     91    .00000
     92    .00000
     93    .00000
     94    .00000
     95    .00000
     96    .00000
     97    .00000
     98    .00000
     99    .00000
    100    .00000
    101    .00000
    102    .00000
    103    .00000
    104    .00000
    105    .00000
    106    .00000
    107    .00000
    108    .00000
    109    .00000
    110    .00000
    111    .00000
    112    .00000
    113    .00000
    114    .00000
    115    .00000
    116    .00000
    117    .00000
    118    .00000
    119    .00000
    120    .00000
    121    .00000
    122    .00000
    123    .00000
    124    .00000
    125    .00000
    126    .00000
    127    .00000
    128    .00000
    129    .00000
    130    .00000
    131    .00000
    132    .00000
    133    .00000
    134    .00000
    135    .00000
    136    .00000
    137    .00000
    138    .00000
    139    .00000
    140    .00000
    141    .00000
    142    .00000
    143    .00000
    144    .00000
    145    .00000
    146    .00000
    147    .00000
    148    .00000
    149    .00000
    150    .00000
    151    .00000
    152    .00000
    153    .00000
    154    .00000
    155    .00000
    156    .00000
    157    .00000
    158    .00000
    159    .00000
    160    .00000
    161    .00000
    162    .00000
    163    .00000
    164    .00000
    165    .00000
    166    .00000
    167    .00000
    168    .00000
    169    .00000
    170    .00000
    171    .00000
    172    .00000
    173    .00000
    174    .00000
    175    .00000
    176    .00000
    177    .00000
    178    .00000
    179    .00000
    180    .00000
    181    .00000
    182    .00000
    183    .00000
    184    .00000
    185    .00000
    186    .00000
    187    .00000
    188    .00000
    189    .00000
    190    .00000
    191    .00000
    192    .00000
    193    .00000
    194    .00000
    195    .00000
    196    .00000
    197    .00000
    198    .00000
    199    .00000
    200    .00000
    201    .00000
    202    .00000
    203    .00000
    204    .00000
    205    .00000
    206    .00000
    207    .00000
    208    .00000
    209    .00000
    210    .00000
    211    .00000
    212    .00000
    213    .00000
    214    .00000
    215    .00000
    216    .00000
    217    .00000
    218    .00000
    219    .00000
    220    .00000
    221    .00000
    222    .00000
    223    .00000
    224    .00000
    225    .00000
    226    .00000
    227    .00000
    228    .00000
    229    .00000
    230    .00000
    231    .00000
    232    .00000
    233    .00000
    234    .00000
    235    .00000
    236    .00000
    237    .00000
    238    .00000
    239    .00000
    240    .00000
    241    .00000
    242    .00000
    243    .00000
    244    .00000
    245    .00000
    246    .00000
    247    .00000
    248    .00000
    249    .00000
    250    .00000
    251    .00000
    252    .00000
    253    .00000
    254    .00000
    255    .00000
    256    .00000
   
 VALORES DE WRA  ************************************
 WRA ORIGINAL POSSUIA         256 NUM., REDUZIDO PARA         126 NUM.
      1    .46356
      2   1.46875
      3    .82514
      4   1.10087
      5    .95308
      6   1.02432
      7    .98806
      8   1.00602
      9    .99700
     10   1.00150
     11    .99925
     12   1.00038
     13    .99981
     14   1.00009
     15    .99995
     16   1.00002
     17    .99999
     18   1.00001
     19   1.00000
     20   1.00000
     21   1.00000
     22   1.00000
     23   1.00000
     24   1.00000
     25   1.00000
     26   1.00000
     27   1.00000
     28   1.00000
     29   1.00000
     30   1.00000
     31   1.00000
     32   1.00000
     33   1.00000
     34   1.00000
     35   1.00000
     36   1.00000
     37   1.00000
     38   1.00000
     39   1.00000
     40   1.00000
     41   1.00000
     42   1.00000
     43   1.00000
     44   1.00000
     45   1.00000
     46   1.00000
     47   1.00000
     48   1.00000
     49   1.00000
     50   1.00000
     51   1.00000
     52   1.00000
     53   1.00000
     54   1.00000
     55   1.00000
     56   1.00000
     57   1.00000
     58   1.00000
     59   1.00000
     60   1.00000
     61   1.00000
     62   1.00000
     63   1.00000
     64   1.00000
     65   1.00000
     66   1.00000
     67   1.00000
     68   1.00000
     69   1.00000
     70   1.00000
     71   1.00000
     72   1.00000
     73   1.00000
     74   1.00000
     75   1.00000
     76   1.00000
     77   1.00000
     78   1.00000
     79   1.00000
     80   1.00000
     81   1.00000
     82   1.00000
     83   1.00000
     84   1.00000
     85   1.00000
     86   1.00000
     87   1.00000
     88   1.00000
     89   1.00000
     90   1.00000
     91   1.00000
     92   1.00000
     93   1.00000
     94   1.00000
     95   1.00000
     96   1.00000
     97   1.00000
     98   1.00000
     99   1.00000
    100   1.00000
    101   1.00000
    102   1.00000
    103   1.00000
    104   1.00000
    105   1.00000
    106   1.00000
    107   1.00000
    108   1.00000
    109   1.00000
    110   1.00000
    111   1.00000
    112   1.00000
    113   1.00000
    114   1.00000
    115   1.00000
    116   1.00000
    117   1.00000
    118   1.00000
    119   1.00000
    120   1.00000
    121   1.00000
    122   1.00000
    123   1.00000
    124   1.00000
    125   1.00000
    126   1.00000



           - AUTOVALORES - 
          REAL     IMAGINARIO
           1        4.653621851962674   0.000000000000000E+000
           2        3.667943864407339       -1.021249507124313
           3        3.667943864407339        1.021249507124313
           4        2.905387156604104       -2.072762663107619
           5        2.905387156604104        2.072762663107619
           6        3.416732913430490  -2.552622798166054E-001
           7        3.416732913430490   2.552622798166054E-001
           8        2.932800418121447       -1.616630271064244
           9        2.932800418121447        1.616630271064244
          10        1.536789819252515       -2.707912184368879
          11        1.536789819252515        2.707912184368879
          12   6.121533960776469E-001       -2.927676881919159
          13   6.121533960776469E-001        2.927676881919159
          14  -4.556638980329967E-001       -2.609557446378749
          15  -4.556638980329967E-001        2.609557446378749
          16       -1.124697822872806       -2.291912726266983
          17       -1.124697822872806        2.291912726266983
          18       -1.795650511350340       -1.554695452481776
          19       -1.795650511350340        1.554695452481776
          20       -2.343417975706389   0.000000000000000E+000
          21       -1.365657080955458       -1.655251476558919
          22       -1.365657080955458        1.655251476558919
          23       -1.771892958739984       -1.086635543398257
          24       -1.771892958739984        1.086635543398257
          25        1.720167638967558  -2.704681862943880E-001
          26        1.720167638967558   2.704681862943880E-001
          27   4.206881435435627E-001       -1.766297134239691
          28   4.206881435435627E-001        1.766297134239691
          29       -1.812665669189974  -3.208333503023403E-001
          30       -1.812665669189974   3.208333503023403E-001
          31       -1.799193352210936  -1.824314075626488E-001
          32       -1.799193352210936   1.824314075626488E-001
          33       -1.548514555119847  -8.060962948516469E-001
          34       -1.548514555119847   8.060962948516469E-001
          35       -1.554110431942859  -7.265781382680133E-001
          36       -1.554110431942859   7.265781382680133E-001
          37       -1.620155652500775  -5.155141190053822E-001
          38       -1.620155652500775   5.155141190053822E-001
          39       -1.673227982970158  -6.525989662561392E-002
          40       -1.673227982970158   6.525989662561392E-002
          41       -1.010306732822823       -1.342312072088245
          42       -1.010306732822823        1.342312072088245
          43        1.374162160694135  -6.898595158728650E-001
          44        1.374162160694135   6.898595158728650E-001
          45  -2.500358131026927E-001       -1.592823243066453
          46  -2.500358131026927E-001        1.592823243066453
          47   1.401934923026679E-001       -1.586983410532633
          48   1.401934923026679E-001        1.586983410532633
          49       -1.423968366290732  -7.443968464207202E-001
          50       -1.423968366290732   7.443968464207202E-001
          51       -1.301036594306220  -9.477282335073771E-001
          52       -1.301036594306220   9.477282335073771E-001
          53  -7.822699314501361E-001       -1.410769562108836
          54  -7.822699314501361E-001        1.410769562108836
          55        1.119789811257671       -1.025779032154914
          56        1.119789811257671        1.025779032154914
          57  -4.998704249758296E-001       -1.507635035209859
          58  -4.998704249758296E-001        1.507635035209859
          59   2.820194274660458E-001       -1.521821042744415
          60   2.820194274660458E-001        1.521821042744415
          61   2.811058119896971E-001       -1.505097087603809
          62   2.811058119896971E-001        1.505097087603809
          63  -7.889736733791530E-002       -1.522795067847871
          64  -7.889736733791530E-002        1.522795067847871
          65   6.213087268763020E-001       -1.354663941501375
          66   6.213087268763020E-001        1.354663941501375
          67       -1.158908614620346       -1.043670440609530
          68       -1.158908614620346        1.043670440609530
          69  -5.139087519642378E-001       -1.442120634617172
          70  -5.139087519642378E-001        1.442120634617172
          71        1.361877283754227  -4.909213003881484E-001
          72        1.361877283754227   4.909213003881484E-001
          73   8.209371244739776E-001       -1.204165477500759
          74   8.209371244739776E-001        1.204165477500759
          75   8.367353141830939E-001       -1.180089767632818
          76   8.367353141830939E-001        1.180089767632818
          77        1.358700743176507  -3.797294072642637E-001
          78        1.358700743176507   3.797294072642637E-001
          79   9.573251453193425E-001       -1.015827562911009
          80   9.573251453193425E-001        1.015827562911009
          81   9.251871047945726E-001       -1.036663286437152
          82   9.251871047945726E-001        1.036663286437152
          83        1.156997914506992  -7.480285692659648E-001
          84        1.156997914506992   7.480285692659648E-001
          85        1.110801716874150  -7.949863078599904E-001
          86        1.110801716874150   7.949863078599904E-001
          87   2.519165440362096E-001       -1.384553261134365
          88   2.519165440362096E-001        1.384553261134365
          89   4.858251296192317E-001       -1.287705910812453
          90   4.858251296192317E-001        1.287705910812453
          91  -7.057589354462488E-001       -1.301045968302695
          92  -7.057589354462488E-001        1.301045968302695
          93       -1.069518689273626       -1.026826131808885
          94       -1.069518689273626        1.026826131808885
          95  -8.807348001210614E-001       -1.146768443465335
          96  -8.807348001210614E-001        1.146768443465335
          97  -3.190112505620943E-001       -1.363243129483809
          98  -3.190112505620943E-001        1.363243129483809
          99  -5.726066162894028E-001       -1.276585614777622
         100  -5.726066162894028E-001        1.276585614777622
         101        1.151403565868755  -5.072216389788187E-001
         102        1.151403565868755   5.072216389788187E-001
         103        1.240636090240677  -2.550744206169240E-001
         104        1.240636090240677   2.550744206169240E-001
         105       -1.033689308562741  -9.261548516986564E-001
         106       -1.033689308562741   9.261548516986564E-001
         107        1.223764859313020  -6.734867135649399E-002
         108        1.223764859313020   6.734867135649399E-002
         109  -1.577008060156349E-001       -1.291863985003782
         110  -1.577008060156349E-001        1.291863985003782
         111  -5.286711865866212E-001       -1.215323926444603
         112  -5.286711865866212E-001        1.215323926444603
         113       -1.325767640266478  -2.672470976012178E-001
         114       -1.325767640266478   2.672470976012178E-001
         115       -1.253207919701212  -4.748552308715955E-001
         116       -1.253207919701212   4.748552308715955E-001
         117        1.148147109595720  -2.366143626381453E-001
         118        1.148147109595720   2.366143626381453E-001
         119        1.118453995939521  -2.603949649925414E-001
         120        1.118453995939521   2.603949649925414E-001
         121   3.281916655531949E-001       -1.152919935592850
         122   3.281916655531949E-001        1.152919935592850
         123   8.191398943024671E-001  -7.781004472339493E-001
         124   8.191398943024671E-001   7.781004472339493E-001
         125   9.986661624834380E-001  -4.164459271170277E-001
         126   9.986661624834380E-001   4.164459271170277E-001
         127   2.497097096154088E-003       -1.123267878168575
         128   2.497097096154088E-003        1.123267878168575
         129   7.000662602934885E-001  -7.122799515935152E-001
         130   7.000662602934885E-001   7.122799515935152E-001
         131       -1.096200306880386  -2.985958880149631E-001
         132       -1.096200306880386   2.985958880149631E-001
         133   3.447824369844608E-001  -8.763868566561238E-001
         134   3.447824369844608E-001   8.763868566561238E-001
         135   4.884671012154516E-001  -7.743204068753961E-001
         136   4.884671012154516E-001   7.743204068753961E-001
         137   5.537430963884893E-002  -9.712480980873776E-001
         138   5.537430963884893E-002   9.712480980873776E-001
         139  -9.435819056908807E-001  -4.925286949819759E-001
         140  -9.435819056908807E-001   4.925286949819759E-001
         141   3.686692052591091E-001  -7.777001660722288E-001
         142   3.686692052591091E-001   7.777001660722288E-001
         143   4.590070318796875E-001  -6.396087844813311E-001
         144   4.590070318796875E-001   6.396087844813311E-001
         145   4.918291402032666E-001  -5.872075813025708E-001
         146   4.918291402032666E-001   5.872075813025708E-001
         147   1.644208259398365E-001  -7.957558985952378E-001
         148   1.644208259398365E-001   7.957558985952378E-001
         149   6.995753543634158E-001  -2.084787158952383E-001
         150   6.995753543634158E-001   2.084787158952383E-001
         151   5.968007744427575E-001  -3.107769842024145E-001
         152   5.968007744427575E-001   3.107769842024145E-001
         153   6.268286951813602E-001  -2.023821899706379E-001
         154   6.268286951813602E-001   2.023821899706379E-001
         155   5.325068621496302E-001  -4.192482790570179E-001
         156   5.325068621496302E-001   4.192482790570179E-001
         157   6.159482840942032E-001  -8.177019145489319E-002
         158   6.159482840942032E-001   8.177019145489319E-002
         159   6.233851711804737E-001  -2.510303107265931E-002
         160   6.233851711804737E-001   2.510303107265931E-002
         161   6.071301620218936E-001   0.000000000000000E+000
         162   4.785439842143240E-001  -4.055131414113485E-001
         163   4.785439842143240E-001   4.055131414113485E-001
         164  -5.410188464581669E-001  -7.501226849015873E-001
         165  -5.410188464581669E-001   7.501226849015873E-001
         166  -1.544018831610551E-001  -8.297942615305773E-001
         167  -1.544018831610551E-001   8.297942615305773E-001
         168   2.585904691186968E-001  -6.131850412722060E-001
         169   2.585904691186968E-001   6.131850412722060E-001
         170   4.452973625947866E-001  -3.066884901049685E-001
         171   4.452973625947866E-001   3.066884901049685E-001
         172  -7.022667255779740E-001  -5.710080022348293E-001
         173  -7.022667255779740E-001   5.710080022348293E-001
         174   1.334776590027084E-002  -7.046905005036883E-001
         175   1.334776590027084E-002   7.046905005036883E-001
         176  -1.970055485040638E-001  -7.449281999200900E-001
         177  -1.970055485040638E-001   7.449281999200900E-001
         178   2.818479278655479E-001  -4.310316880603649E-001
         179   2.818479278655479E-001   4.310316880603649E-001
         180   1.950703717958215E-001  -4.423078663273091E-001
         181   1.950703717958215E-001   4.423078663273091E-001
         182  -1.493975968003403E-001  -6.244731589745718E-001
         183  -1.493975968003403E-001   6.244731589745718E-001
         184  -2.028757245783184E-001  -6.245733463377698E-001
         185  -2.028757245783184E-001   6.245733463377698E-001
         186   2.665615040397762E-001  -7.543774068342943E-002
         187   2.665615040397762E-001   7.543774068342943E-002
         188   2.663330049837784E-001  -2.872444201688656E-002
         189   2.663330049837784E-001   2.872444201688656E-002
         190   2.312667703614024E-001  -1.526105523721206E-001
         191   2.312667703614024E-001   1.526105523721206E-001
         192   1.858353975221400E-001  -2.335616540050218E-001
         193   1.858353975221400E-001   2.335616540050218E-001
         194   1.500896192836920E-001  -2.618714116358830E-001
         195   1.500896192836920E-001   2.618714116358830E-001
         196   3.656194457690670E-002  -4.589432842391993E-001
         197   3.656194457690670E-002   4.589432842391993E-001
         198   1.813253727047404E-002  -4.604023639506550E-001
         199   1.813253727047404E-002   4.604023639506550E-001
         200   9.323441696073881E-002  -3.218920860923167E-001
         201   9.323441696073881E-002   3.218920860923167E-001
         202  -1.700928372809178E-001  -5.819904592643634E-001
         203  -1.700928372809178E-001   5.819904592643634E-001
         204   3.422379802498082E-002  -3.431621319280228E-001
         205   3.422379802498082E-002   3.431621319280228E-001
         206  -3.452690047115496E-001  -5.741950230626890E-001
         207  -3.452690047115496E-001   5.741950230626890E-001
         208  -8.327365478085702E-002  -4.505681332768367E-001
         209  -8.327365478085702E-002   4.505681332768367E-001
         210  -7.462751368710355E-002  -3.819514444438072E-001
         211  -7.462751368710355E-002   3.819514444438072E-001
         212  -7.820925147544252E-001  -2.319996768104164E-001
         213  -7.820925147544252E-001   2.319996768104164E-001
         214  -3.113373353184830E-001  -5.242818207280670E-001
         215  -3.113373353184830E-001   5.242818207280670E-001
         216  -1.456868684042326E-001  -3.972270495359689E-001
         217  -1.456868684042326E-001   3.972270495359689E-001
         218  -5.207037687693541E-001  -4.675829169375745E-001
         219  -5.207037687693541E-001   4.675829169375745E-001
         220  -3.282733679967698E-001  -4.677862439381941E-001
         221  -3.282733679967698E-001   4.677862439381941E-001
         222  -2.529778219608757E-001  -4.154614891211351E-001
         223  -2.529778219608757E-001   4.154614891211351E-001
         224  -3.149022232890688E-001  -4.283532241297839E-001
         225  -3.149022232890688E-001   4.283532241297839E-001
         226  -4.049579897697312E-001  -4.296431091585614E-001
         227  -4.049579897697312E-001   4.296431091585614E-001
         228  -4.926768250553446E-001  -4.286734062878863E-001
         229  -4.926768250553446E-001   4.286734062878863E-001
         230  -5.367504412408594E-001  -3.933634580017154E-001
         231  -5.367504412408594E-001   3.933634580017154E-001
         232  -4.624444975229789E-001  -3.567884063288638E-001
         233  -4.624444975229789E-001   3.567884063288638E-001
         234  -3.717020172589638E-001  -2.967186717664147E-001
         235  -3.717020172589638E-001   2.967186717664147E-001
         236  -7.139175455505358E-001   0.000000000000000E+000
         237  -6.539907975483422E-001  -2.137409204415612E-001
         238  -6.539907975483422E-001   2.137409204415612E-001
         239  -5.345600891446133E-001  -2.903852516508338E-001
         240  -5.345600891446133E-001   2.903852516508338E-001
         241  -4.439549552436413E-001  -2.331931476736157E-001
         242  -4.439549552436413E-001   2.331931476736157E-001
         243  -6.055551180112898E-001  -2.192041543143103E-001
         244  -6.055551180112898E-001   2.192041543143103E-001
         245  -5.649710845874973E-001  -2.044042462368121E-001
         246  -5.649710845874973E-001   2.044042462368121E-001
         247  -5.288554839081642E-001  -2.085112501941571E-001
         248  -5.288554839081642E-001   2.085112501941571E-001
         249  -5.803610636500804E-001  -1.675212880803539E-001
         250  -5.803610636500804E-001   1.675212880803539E-001
         251  -6.374729990667585E-001  -4.090584276124638E-003
         252  -6.374729990667585E-001   4.090584276124638E-003
         253  -5.807337593003905E-001   0.000000000000000E+000
         254  -5.127189469903443E-001  -1.039043836953115E-001
         255  -5.127189469903443E-001   1.039043836953115E-001
         256  -5.114269112063651E-001   0.000000000000000E+000



           - AUTOVALORES DIFERENTES E REAIS e positivos - 
          REAL
           1   6.071301620218936E-001
           2        4.653621851962674
**** singularity in row   55
