Exemplo de barra bidimensional          
 32
 36
 08
  1    .000       .000
  2    .125       .000
  3    .250       .000
  4    .375       .000
  5    .500       .000
  6    .625       .000
  7    .750       .000
  8    .875       .000
  9   1.000       .000
 10   1.000       .000
 11   1.000       .125
 12   1.000       .250
 13   1.000       .375
 14   1.000       .500
 15   1.000       .625
 16   1.000       .750
 17   1.000       .875
 18   1.000      1.000
 19   1.000      1.000
 20    .875      1.000
 21    .750      1.000
 22    .625      1.000
 23    .500      1.000
 24    .375      1.000
 25    .250      1.000
 26    .125      1.000
 27    .000      1.000
 28    .000      1.000
 29    .000       .875
 30    .000       .750
 31    .000       .625
 32    .000       .500
 33    .000       .375
 34    .000       .250
 35    .000       .125
 36    .000       .000
 37    0.25      0.25
 38    0.25      0.75
 39    0.75      0.25
 40    0.75      0.75
 41    0.15      0.15
 42    0.15      0.85
 43    0.85      0.15
 44    0.85      0.85
   1   36     .000
   1    0     .000
   1    0     .000
   1    0     .000
   1    0     .000
   1    0     .000
   1    0     .000
   1    0     .000
   1   10     .000
   1    9     .000
   1    0     .000
   1    0     .000
   1    0     .000
   1    0     .000
   1    0     .000
   1    0     .000
   1    0     .000
   1   19     .000
   1   18     .000
   1    0     .000
   1    0     .000
   1    0     .000
   1    0     .000
   1    0     .000
   1    0     .000
   1    0     .000
   1   28     .000
   0   27     .000
   0    0     .000
   0    0     .000
   0    0     .000
   0    0     .000
   0    0     .000
   0    0     .000
   0    0     .000
   0    1     .000
  1    2
  2    3
  3    4
  4    5
  5    6
  6    7
  7    8
  8    9
 10   11
 11   12
 12   13
 13   14
 14   15
 15   16
 16   17
 17   18
 19   20
 20   21
 21   22
 22   23
 23   24
 24   25
 25   26
 26   27
 28   29
 29   30
 30   31
 31   32
 32   33
 33   34
 34   35
 35   36
