 ************************************************************************************************************************
                         Exem


data

  number of boundary elements= 32

  number of functional nodes= 36

  number of internal source points where the funct. is calculated=  8




  coordinates of the source points of the boundary el ements

    point          x                  y
        1       .0000000E+00       .0000000E+00
        2       .1250000E+00       .0000000E+00
        3       .2500000E+00       .0000000E+00
        4       .3750000E+00       .0000000E+00
        5       .5000000E+00       .0000000E+00
        6       .6250000E+00       .0000000E+00
        7       .7500000E+00       .0000000E+00
        8       .8750000E+00       .0000000E+00
        9       .1000000E+01       .0000000E+00
       10       .1000000E+01       .0000000E+00
       11       .1000000E+01       .1250000E+00
       12       .1000000E+01       .2500000E+00
       13       .1000000E+01       .3750000E+00
       14       .1000000E+01       .5000000E+00
       15       .1000000E+01       .6250000E+00
       16       .1000000E+01       .7500000E+00
       17       .1000000E+01       .8750000E+00
       18       .1000000E+01       .1000000E+01
       19       .1000000E+01       .1000000E+01
       20       .8750000E+00       .1000000E+01
       21       .7500000E+00       .1000000E+01
       22       .6250000E+00       .1000000E+01
       23       .5000000E+00       .1000000E+01
       24       .3750000E+00       .1000000E+01
       25       .2500000E+00       .1000000E+01
       26       .1250000E+00       .1000000E+01
       27       .0000000E+00       .1000000E+01
       28       .0000000E+00       .1000000E+01
       29       .0000000E+00       .8750000E+00
       30       .0000000E+00       .7500000E+00
       31       .0000000E+00       .6250000E+00
       32       .0000000E+00       .5000000E+00
       33       .0000000E+00       .3750000E+00
       34       .0000000E+00       .2500000E+00
       35       .0000000E+00       .1250000E+00
       36       .0000000E+00       .0000000E+00
       37       .2500000E+00       .2500000E+00
       38       .2500000E+00       .7500000E+00
       39       .7500000E+00       .2500000E+00
       40       .7500000E+00       .7500000E+00
       41       .1500000E+00       .1500000E+00
       42       .1500000E+00       .8500000E+00
       43       .8500000E+00       .1500000E+00
       44       .8500000E+00       .8500000E+00


  boundary conditions

     node      code     prescribed value
       1        1         36          .0000000E+00
       2        1          0          .0000000E+00
       3        1          0          .0000000E+00
       4        1          0          .0000000E+00
       5        1          0          .0000000E+00
       6        1          0          .0000000E+00
       7        1          0          .0000000E+00
       8        1          0          .0000000E+00
       9        1         10          .0000000E+00
      10        1          9          .0000000E+00
      11        1          0          .0000000E+00
      12        1          0          .0000000E+00
      13        1          0          .0000000E+00
      14        1          0          .0000000E+00
      15        1          0          .0000000E+00
      16        1          0          .0000000E+00
      17        1          0          .0000000E+00
      18        1         19          .0000000E+00
      19        1         18          .0000000E+00
      20        1          0          .0000000E+00
      21        1          0          .0000000E+00
      22        1          0          .0000000E+00
      23        1          0          .0000000E+00
      24        1          0          .0000000E+00
      25        1          0          .0000000E+00
      26        1          0          .0000000E+00
      27        1         28          .0000000E+00
      28        0         27          .0000000E+00
      29        0          0          .0000000E+00
      30        0          0          .0000000E+00
      31        0          0          .0000000E+00
      32        0          0          .0000000E+00
      33        0          0          .0000000E+00
      34        0          0          .0000000E+00
      35        0          0          .0000000E+00
      36        0          1          .0000000E+00


  incidence of geometric nodes

      first node      second node

       1          1       2
       2          2       3
       3          3       4
       4          4       5
       5          5       6
       6          6       7
       7          7       8
       8          8       9
       9         10      11
      10         11      12
      11         12      13
      12         13      14
      13         14      15
      14         15      16
      15         16      17
      16         17      18
      17         19      20
      18         20      21
      19         21      22
      20         22      23
      21         23      24
      22         24      25
      23         25      26
      24         26      27
      25         28      29
      26         29      30
      27         30      31
      28         31      32
      29         32      33
      30         33      34
      31         34      35
      32         35      36
 NOVAS COORDENADAS DOS NOS DUPLOS
      .0025      .0000
      .1250      .0000
      .2500      .0000
      .3750      .0000
      .5000      .0000
      .6250      .0000
      .7500      .0000
      .8750      .0000
      .9975      .0000
     1.0000      .0025
     1.0000      .1250
     1.0000      .2500
     1.0000      .3750
     1.0000      .5000
     1.0000      .6250
     1.0000      .7500
     1.0000      .8750
     1.0000      .9975
      .9975     1.0000
      .8750     1.0000
      .7500     1.0000
      .6250     1.0000
      .5000     1.0000
      .3750     1.0000
      .2500     1.0000
      .1250     1.0000
      .0025     1.0000
      .0000      .9975
      .0000      .8750
      .0000      .7500
      .0000      .6250
      .0000      .5000
      .0000      .3750
      .0000      .2500
      .0000      .1250
      .0000      .0025
   
 VALORES DE DFI  ************************************
      1   .0000
      2   .0000
      3   .0000
      4   .0000
      5   .0000
      6   .0000
      7   .0000
      8   .0000
      9   .0000
     10   .0000
     11   .0000
     12   .0000
     13   .0000
     14   .0000
     15   .0000
     16   .0000
     17   .0000
     18   .0000
     19   .0000
     20   .0000
     21   .0000
     22   .0000
     23   .0000
     24   .0000
     25   .0000
     26   .0000
     27   .0000
     28   .0000
     29   .0000
     30   .0000
     31   .0000
     32   .0000
     33   .0000
     34   .0000
     35   .0000
     36   .0000
     37   .0000
     38   .0000
     39   .0000
     40   .0000
     41   .0000
     42   .0000
     43   .0000
     44   .0000
   
 VALORES DE WR_POS ORIGINAIS ************************
      1   4.15398
      2   3.39984
      3   3.39984
      4   3.36967
      5   3.36967
      6   2.84982
      7   2.84982
      8    .39915
      9    .39915
     10    .00000
     11    .00000
     12    .00000
     13    .00000
     14    .00000
     15    .00000
     16    .00000
     17    .00000
     18    .00000
     19    .00000
     20    .00000
     21    .00000
     22    .00000
     23    .00000
     24    .00000
     25    .00000
     26    .00000
     27    .00000
     28    .00000
     29    .00000
     30    .00000
     31    .00000
     32    .00000
     33    .00000
     34    .00000
     35    .00000
     36    .00000
     37    .00000
     38    .00000
     39    .00000
     40    .00000
     41    .00000
     42    .00000
     43    .00000
     44    .00000
     45    .00000
     46    .00000
     47    .00000
     48    .00000
     49    .00000
     50    .00000
     51    .00000
     52    .00000
     53    .00000
     54    .00000
     55    .00000
     56    .00000
     57    .00000
     58    .00000
     59    .00000
     60    .00000
     61    .00000
     62    .00000
     63    .00000
     64    .00000
     65    .00000
     66    .00000
     67    .00000
     68    .00000
     69    .00000
     70    .00000
     71    .00000
     72    .00000
     73    .00000
     74    .00000
     75    .00000
     76    .00000
     77    .00000
     78    .00000
     79    .00000
     80    .00000
     81    .00000
     82    .00000
     83    .00000
     84    .00000
     85    .00000
     86    .00000
     87    .00000
     88    .00000
     89    .00000
     90    .00000
     91    .00000
     92    .00000
     93    .00000
     94    .00000
     95    .00000
     96    .00000
     97    .00000
     98    .00000
     99    .00000
    100    .00000
    101    .00000
    102    .00000
    103    .00000
    104    .00000
    105    .00000
    106    .00000
    107    .00000
    108    .00000
    109    .00000
    110    .00000
    111    .00000
    112    .00000
    113    .00000
    114    .00000
    115    .00000
    116    .00000
    117    .00000
    118    .00000
    119    .00000
    120    .00000
    121    .00000
    122    .00000
    123    .00000
    124    .00000
    125    .00000
    126    .00000
    127    .00000
    128    .00000
    129    .00000
    130    .00000
    131    .00000
    132    .00000
    133    .00000
    134    .00000
    135    .00000
    136    .00000
    137    .00000
    138    .00000
    139    .00000
    140    .00000
   
 VALORES DE WRA  ************************************
 WRA ORIGINAL POSSUIA         140 NUM., REDUZIDO PARA          62 NUM.
      1    .49065
      2   1.42763
      3    .83694
      4   1.09309
      5    .95647
      6   1.02250
      7    .98894
      8   1.00558
      9    .99722
     10   1.00139
     11    .99930
     12   1.00035
     13    .99983
     14   1.00009
     15    .99996
     16   1.00002
     17    .99999
     18   1.00001
     19   1.00000
     20   1.00000
     21   1.00000
     22   1.00000
     23   1.00000
     24   1.00000
     25   1.00000
     26   1.00000
     27   1.00000
     28   1.00000
     29   1.00000
     30   1.00000
     31   1.00000
     32   1.00000
     33   1.00000
     34   1.00000
     35   1.00000
     36   1.00000
     37   1.00000
     38   1.00000
     39   1.00000
     40   1.00000
     41   1.00000
     42   1.00000
     43   1.00000
     44   1.00000
     45   1.00000
     46   1.00000
     47   1.00000
     48   1.00000
     49   1.00000
     50   1.00000
     51   1.00000
     52   1.00000
     53   1.00000
     54   1.00000
     55   1.00000
     56   1.00000
     57   1.00000
     58   1.00000
     59   1.00000
     60   1.00000
     61   1.00000
     62   1.00000



           - AUTOVALORES - 
          REAL     IMAGINARIO
           1        4.153982540898562   0.000000000000000E+000
           2        3.399836678512584       -1.592377798208553
           3        3.399836678512584        1.592377798208553
           4        3.369674881852533       -1.503079991024581
           5        3.369674881852533        1.503079991024581
           6        2.849816874373122       -2.331840865029845
           7        2.849816874373122        2.331840865029845
           8   3.991508674245288E-001       -3.551303900338757
           9   3.991508674245288E-001        3.551303900338757
          10       -2.789334789437483       -2.757804697441755
          11       -2.789334789437483        2.757804697441755
          12        2.288849835442055       -2.225367945943523
          13        2.288849835442055        2.225367945943523
          14        1.886600186107859       -2.565226608180160
          15        1.886600186107859        2.565226608180160
          16        1.137488658142104       -2.732999107576349
          17        1.137488658142104        2.732999107576349
          18       -3.149690172080577   0.000000000000000E+000
          19  -4.049457175550038E-001       -2.638991908595722
          20  -4.049457175550038E-001        2.638991908595722
          21       -2.747146590219764  -4.973175234377553E-001
          22       -2.747146590219764   4.973175234377553E-001
          23  -8.405228035133837E-001       -2.438896162729519
          24  -8.405228035133837E-001        2.438896162729519
          25       -1.672199839732660       -2.070771482184790
          26       -1.672199839732660        2.070771482184790
          27        1.894008641930602       -1.152735927056850
          28        1.894008641930602        1.152735927056850
          29  -2.577549902604993E-001       -2.298709344440813
          30  -2.577549902604993E-001        2.298709344440813
          31        1.913724830762921  -1.508443592529849E-001
          32        1.913724830762921   1.508443592529849E-001
          33       -1.841208108172368       -1.494753019280491
          34       -1.841208108172368        1.494753019280491
          35        1.115288989713217       -1.636160098597821
          36        1.115288989713217        1.636160098597821
          37  -7.632175257053920E-001       -1.965747662209332
          38  -7.632175257053920E-001        1.965747662209332
          39   2.627788453473270E-001       -1.868272330827152
          40   2.627788453473270E-001        1.868272330827152
          41   9.923775227826875E-001       -1.336947236317809
          42   9.923775227826875E-001        1.336947236317809
          43  -5.158179422963116E-001       -1.754045394886344
          44  -5.158179422963116E-001        1.754045394886344
          45        1.210365346433994  -5.406301274962763E-001
          46        1.210365346433994   5.406301274962763E-001
          47       -1.286901609317543       -1.171452035266386
          48       -1.286901609317543        1.171452035266386
          49        1.219185029724644  -8.459857408445677E-002
          50        1.219185029724644   8.459857408445677E-002
          51   6.235629075754515E-001       -1.063283658741830
          52   6.235629075754515E-001        1.063283658741830
          53   8.240251311485592E-001  -8.050954259427687E-001
          54   8.240251311485592E-001   8.050954259427687E-001
          55   8.931438923899693E-001  -5.924533887595856E-001
          56   8.931438923899693E-001   5.924533887595856E-001
          57   3.755398122100340E-001       -1.130950580426316
          58   3.755398122100340E-001        1.130950580426316
          59   8.674480244727834E-001  -3.749441107047354E-001
          60   8.674480244727834E-001   3.749441107047354E-001
          61   9.093866141256807E-001  -4.184675456366645E-002
          62   9.093866141256807E-001   4.184675456366645E-002
          63  -3.244634816778240E-001       -1.228886599866780
          64  -3.244634816778240E-001        1.228886599866780
          65  -4.417868605122065E-001       -1.211832275980979
          66  -4.417868605122065E-001        1.211832275980979
          67   2.808714864656662E-001  -9.995143230528746E-001
          68   2.808714864656662E-001   9.995143230528746E-001
          69   4.139958223803997E-001  -8.727803769969297E-001
          70   4.139958223803997E-001   8.727803769969297E-001
          71   6.476900819095796E-001  -5.238402780364683E-001
          72   6.476900819095796E-001   5.238402780364683E-001
          73  -2.117814319867453E-001       -1.140592453272913
          74  -2.117814319867453E-001        1.140592453272913
          75   3.050537882124781E-001  -8.673426454168881E-001
          76   3.050537882124781E-001   8.673426454168881E-001
          77   2.243689541601319E-001  -8.205579761864618E-001
          78   2.243689541601319E-001   8.205579761864618E-001
          79   6.209763797852311E-001  -2.968851648138297E-001
          80   6.209763797852311E-001   2.968851648138297E-001
          81   6.126189237636740E-001  -6.072220131645389E-002
          82   6.126189237636740E-001   6.072220131645389E-002
          83   5.205751706216006E-001   0.000000000000000E+000
          84   4.700755836506636E-001  -2.385624032181677E-001
          85   4.700755836506636E-001   2.385624032181677E-001
          86  -1.116943197629365E-001       -1.027126552572249
          87  -1.116943197629365E-001        1.027126552572249
          88  -9.106459370185766E-002  -9.731006565999157E-001
          89  -9.106459370185766E-002   9.731006565999157E-001
          90   2.806240179526031E-001  -3.748310834670254E-001
          91   2.806240179526031E-001   3.748310834670254E-001
          92       -1.393537164240794  -5.797698296792608E-001
          93       -1.393537164240794   5.797698296792608E-001
          94       -1.497550802020916  -1.152607963070411E-001
          95       -1.497550802020916   1.152607963070411E-001
          96   1.314107936629231E-001  -4.389359436509205E-001
          97   1.314107936629231E-001   4.389359436509205E-001
          98  -4.924165223804494E-001  -9.937537171313844E-001
          99  -4.924165223804494E-001   9.937537171313844E-001
         100  -7.861080554943665E-001       -1.013732252828689
         101  -7.861080554943665E-001        1.013732252828689
         102  -8.862821542690277E-001  -9.497410706807417E-001
         103  -8.862821542690277E-001   9.497410706807417E-001
         104  -2.504438440408209E-001  -7.820628766606891E-001
         105  -2.504438440408209E-001   7.820628766606891E-001
         106       -1.227657715110888  -6.568213810337269E-001
         107       -1.227657715110888   6.568213810337269E-001
         108  -5.954876635092660E-002  -4.824453426997776E-001
         109  -5.954876635092660E-002   4.824453426997776E-001
         110       -1.312436219002058  -2.506512009724349E-001
         111       -1.312436219002058   2.506512009724349E-001
         112       -1.176329230324651  -4.996052352303397E-001
         113       -1.176329230324651   4.996052352303397E-001
         114  -7.789194828492201E-001  -8.315983228503593E-001
         115  -7.789194828492201E-001   8.315983228503593E-001
         116       -1.203582310877905  -1.720082603840270E-001
         117       -1.203582310877905   1.720082603840270E-001
         118  -7.758997689535736E-001  -7.554720222550803E-001
         119  -7.758997689535736E-001   7.554720222550803E-001
         120  -9.551036378992588E-001  -5.835471980712123E-001
         121  -9.551036378992588E-001   5.835471980712123E-001
         122  -8.311202541158832E-001  -6.840466390031657E-001
         123  -8.311202541158832E-001   6.840466390031657E-001
         124  -7.622676691849168E-001  -6.703654989940429E-001
         125  -7.622676691849168E-001   6.703654989940429E-001
         126  -2.689469196715789E-001  -4.549962667540245E-001
         127  -2.689469196715789E-001   4.549962667540245E-001
         128  -5.808031308327052E-001  -5.629544684927662E-001
         129  -5.808031308327052E-001   5.629544684927662E-001
         130  -9.562070887143156E-001  -4.023308606387395E-001
         131  -9.562070887143156E-001   4.023308606387395E-001
         132  -9.940302936417554E-001  -2.916678245881855E-001
         133  -9.940302936417554E-001   2.916678245881855E-001
         134  -8.644998166627884E-001  -3.665448381609967E-001
         135  -8.644998166627884E-001   3.665448381609967E-001
         136  -5.193904944742989E-001  -3.723098983013649E-001
         137  -5.193904944742989E-001   3.723098983013649E-001
         138  -8.317371106032376E-001  -4.806529766408089E-002
         139  -8.317371106032376E-001   4.806529766408089E-002
         140  -1.483363191313669E-001   0.000000000000000E+000



           - AUTOVALORES DIFERENTES E REAIS e positivos - 
          REAL
           1   5.205751706216006E-001
           2        4.153982540898562
