 ************************************************************************************************************************
                         Exem


DATA

  NUMERO DE ELEMENTOS DE CONTORNO= 80

  NUMERO DE NÓS FUNCIONAIS= 84

  NUMERO DE PONTOS INTERNOS ONDE A FUNC. É CALCULADA=144




  COORDENADAS DOS PONTOS FONTE DOS ELEMENTOS DE CONTORNO

    PONTO          X                  Y
        1       .0000000E+00       .0000000E+00
        2       .5000000E-01       .0000000E+00
        3       .1000000E+00       .0000000E+00
        4       .1500000E+00       .0000000E+00
        5       .2000000E+00       .0000000E+00
        6       .2500000E+00       .0000000E+00
        7       .3000000E+00       .0000000E+00
        8       .3500000E+00       .0000000E+00
        9       .4000000E+00       .0000000E+00
       10       .4500000E+00       .0000000E+00
       11       .5000000E+00       .0000000E+00
       12       .5500000E+00       .0000000E+00
       13       .6000000E+00       .0000000E+00
       14       .6500000E+00       .0000000E+00
       15       .7000000E+00       .0000000E+00
       16       .7500000E+00       .0000000E+00
       17       .8000000E+00       .0000000E+00
       18       .8500000E+00       .0000000E+00
       19       .9000000E+00       .0000000E+00
       20       .9500000E+00       .0000000E+00
       21       .1000000E+01       .0000000E+00
       22       .1000000E+01       .0000000E+00
       23       .1000000E+01       .5000000E-01
       24       .1000000E+01       .1000000E+00
       25       .1000000E+01       .1500000E+00
       26       .1000000E+01       .2000000E+00
       27       .1000000E+01       .2500000E+00
       28       .1000000E+01       .3000000E+00
       29       .1000000E+01       .3500000E+00
       30       .1000000E+01       .4000000E+00
       31       .1000000E+01       .4500000E+00
       32       .1000000E+01       .5000000E+00
       33       .1000000E+01       .5500000E+00
       34       .1000000E+01       .6000000E+00
       35       .1000000E+01       .6500000E+00
       36       .1000000E+01       .7000000E+00
       37       .1000000E+01       .7500000E+00
       38       .1000000E+01       .8000000E+00
       39       .1000000E+01       .8500000E+00
       40       .1000000E+01       .9000000E+00
       41       .1000000E+01       .9500000E+00
       42       .1000000E+01       .1000000E+01
       43       .1000000E+01       .1000000E+01
       44       .9500000E+00       .1000000E+01
       45       .9000000E+00       .1000000E+01
       46       .8500000E+00       .1000000E+01
       47       .8000000E+00       .1000000E+01
       48       .7500000E+00       .1000000E+01
       49       .7000000E+00       .1000000E+01
       50       .6500000E+00       .1000000E+01
       51       .6000000E+00       .1000000E+01
       52       .5500000E+00       .1000000E+01
       53       .5000000E+00       .1000000E+01
       54       .4500000E+00       .1000000E+01
       55       .4000000E+00       .1000000E+01
       56       .3500000E+00       .1000000E+01
       57       .3000000E+00       .1000000E+01
       58       .2500000E+00       .1000000E+01
       59       .2000000E+00       .1000000E+01
       60       .1500000E+00       .1000000E+01
       61       .1000000E+00       .1000000E+01
       62       .5000000E-01       .1000000E+01
       63       .0000000E+00       .1000000E+01
       64       .0000000E+00       .1000000E+01
       65       .0000000E+00       .9500000E+00
       66       .0000000E+00       .9000000E+00
       67       .0000000E+00       .8500000E+00
       68       .0000000E+00       .8000000E+00
       69       .0000000E+00       .7500000E+00
       70       .0000000E+00       .7000000E+00
       71       .0000000E+00       .6500000E+00
       72       .0000000E+00       .6000000E+00
       73       .0000000E+00       .5500000E+00
       74       .0000000E+00       .5000000E+00
       75       .0000000E+00       .4500000E+00
       76       .0000000E+00       .4000000E+00
       77       .0000000E+00       .3500000E+00
       78       .0000000E+00       .3000000E+00
       79       .0000000E+00       .2500000E+00
       80       .0000000E+00       .2000000E+00
       81       .0000000E+00       .1500000E+00
       82       .0000000E+00       .1000000E+00
       83       .0000000E+00       .5000000E-01
       84       .0000000E+00       .0000000E+00
       85       .4167000E-01       .4167000E-01
       86       .1250000E+00       .4167000E-01
       87       .2083300E+00       .4167000E-01
       88       .2916700E+00       .4167000E-01
       89       .3750000E+00       .4167000E-01
       90       .4583300E+00       .4167000E-01
       91       .5416700E+00       .4167000E-01
       92       .6250000E+00       .4167000E-01
       93       .7083300E+00       .4167000E-01
       94       .7916700E+00       .4167000E-01
       95       .8750000E+00       .4167000E-01
       96       .9583300E+00       .4167000E-01
       97       .4167000E-01       .1250000E+00
       98       .1250000E+00       .1250000E+00
       99       .2083300E+00       .1250000E+00
      100       .2916700E+00       .1250000E+00
      101       .3750000E+00       .1250000E+00
      102       .4583300E+00       .1250000E+00
      103       .5416700E+00       .1250000E+00
      104       .6250000E+00       .1250000E+00
      105       .7083300E+00       .1250000E+00
      106       .7916700E+00       .1250000E+00
      107       .8750000E+00       .1250000E+00
      108       .9583300E+00       .1250000E+00
      109       .4167000E-01       .2083300E+00
      110       .1250000E+00       .2083300E+00
      111       .2083300E+00       .2083300E+00
      112       .2916700E+00       .2083300E+00
      113       .3750000E+00       .2083300E+00
      114       .4583300E+00       .2083300E+00
      115       .5416700E+00       .2083300E+00
      116       .6250000E+00       .2083300E+00
      117       .7083300E+00       .2083300E+00
      118       .7916700E+00       .2083300E+00
      119       .8750000E+00       .2083300E+00
      120       .9583300E+00       .2083300E+00
      121       .4167000E-01       .2916700E+00
      122       .1250000E+00       .2916700E+00
      123       .2083300E+00       .2916700E+00
      124       .2916700E+00       .2916700E+00
      125       .3750000E+00       .2916700E+00
      126       .4583300E+00       .2916700E+00
      127       .5416700E+00       .2916700E+00
      128       .6250000E+00       .2916700E+00
      129       .7083300E+00       .2916700E+00
      130       .7916700E+00       .2916700E+00
      131       .8750000E+00       .2916700E+00
      132       .9583300E+00       .2916700E+00
      133       .4167000E-01       .3750000E+00
      134       .1250000E+00       .3750000E+00
      135       .2083300E+00       .3750000E+00
      136       .2916700E+00       .3750000E+00
      137       .3750000E+00       .3750000E+00
      138       .4583300E+00       .3750000E+00
      139       .5416700E+00       .3750000E+00
      140       .6250000E+00       .3750000E+00
      141       .7083300E+00       .3750000E+00
      142       .7916700E+00       .3750000E+00
      143       .8750000E+00       .3750000E+00
      144       .9583300E+00       .3750000E+00
      145       .4167000E-01       .4583300E+00
      146       .1250000E+00       .4583300E+00
      147       .2083300E+00       .4583300E+00
      148       .2916700E+00       .4583300E+00
      149       .3750000E+00       .4583300E+00
      150       .4583300E+00       .4583300E+00
      151       .5416700E+00       .4583300E+00
      152       .6250000E+00       .4583300E+00
      153       .7083300E+00       .4583300E+00
      154       .7916700E+00       .4583300E+00
      155       .8750000E+00       .4583300E+00
      156       .9583300E+00       .4583300E+00
      157       .4167000E-01       .5416700E+00
      158       .1250000E+00       .5416700E+00
      159       .2083300E+00       .5416700E+00
      160       .2916700E+00       .5416700E+00
      161       .3750000E+00       .5416700E+00
      162       .4583300E+00       .5416700E+00
      163       .5416700E+00       .5416700E+00
      164       .6250000E+00       .5416700E+00
      165       .7083300E+00       .5416700E+00
      166       .7916700E+00       .5416700E+00
      167       .8750000E+00       .5416700E+00
      168       .9583300E+00       .5416700E+00
      169       .4167000E-01       .6250000E+00
      170       .1250000E+00       .6250000E+00
      171       .2083300E+00       .6250000E+00
      172       .2916700E+00       .6250000E+00
      173       .3750000E+00       .6250000E+00
      174       .4583300E+00       .6250000E+00
      175       .5416700E+00       .6250000E+00
      176       .6250000E+00       .6250000E+00
      177       .7083300E+00       .6250000E+00
      178       .7916700E+00       .6250000E+00
      179       .8750000E+00       .6250000E+00
      180       .9583300E+00       .6250000E+00
      181       .4167000E-01       .7083300E+00
      182       .1250000E+00       .7083300E+00
      183       .2083300E+00       .7083300E+00
      184       .2916700E+00       .7083300E+00
      185       .3750000E+00       .7083300E+00
      186       .4583300E+00       .7083300E+00
      187       .5416700E+00       .7083300E+00
      188       .6250000E+00       .7083300E+00
      189       .7083300E+00       .7083300E+00
      190       .7916700E+00       .7083300E+00
      191       .8750000E+00       .7083300E+00
      192       .9583300E+00       .7083300E+00
      193       .4167000E-01       .7916700E+00
      194       .1250000E+00       .7916700E+00
      195       .2083300E+00       .7916700E+00
      196       .2916700E+00       .7916700E+00
      197       .3750000E+00       .7916700E+00
      198       .4583300E+00       .7916700E+00
      199       .5416700E+00       .7916700E+00
      200       .6250000E+00       .7916700E+00
      201       .7083300E+00       .7916700E+00
      202       .7916700E+00       .7916700E+00
      203       .8750000E+00       .7916700E+00
      204       .9583300E+00       .7916700E+00
      205       .4167000E-01       .8750000E+00
      206       .1250000E+00       .8750000E+00
      207       .2083300E+00       .8750000E+00
      208       .2916700E+00       .8750000E+00
      209       .3750000E+00       .8750000E+00
      210       .4583300E+00       .8750000E+00
      211       .5416700E+00       .8750000E+00
      212       .6250000E+00       .8750000E+00
      213       .7083300E+00       .8750000E+00
      214       .7916700E+00       .8750000E+00
      215       .8750000E+00       .8750000E+00
      216       .9583300E+00       .8750000E+00
      217       .4167000E-01       .9583300E+00
      218       .1250000E+00       .9583300E+00
      219       .2083300E+00       .9583300E+00
      220       .2916700E+00       .9583300E+00
      221       .3750000E+00       .9583300E+00
      222       .4583300E+00       .9583300E+00
      223       .5416700E+00       .9583300E+00
      224       .6250000E+00       .9583300E+00
      225       .7083300E+00       .9583300E+00
      226       .7916700E+00       .9583300E+00
      227       .8750000E+00       .9583300E+00
      228       .9583300E+00       .9583300E+00


  CONDICOES DE CONTORNO

       INDICE   NÓ        NÓ          VALOR PRESCRITO
       1        0         84          .0000000E+00
       2        0          0          .0000000E+00
       3        0          0          .0000000E+00
       4        0          0          .0000000E+00
       5        0          0          .0000000E+00
       6        0          0          .0000000E+00
       7        0          0          .0000000E+00
       8        0          0          .0000000E+00
       9        0          0          .0000000E+00
      10        0          0          .0000000E+00
      11        0          0          .0000000E+00
      12        0          0          .0000000E+00
      13        0          0          .0000000E+00
      14        0          0          .0000000E+00
      15        0          0          .0000000E+00
      16        0          0          .0000000E+00
      17        0          0          .0000000E+00
      18        0          0          .0000000E+00
      19        0          0          .0000000E+00
      20        0          0          .0000000E+00
      21        0         22          .0000000E+00
      22        0         21          .0000000E+00
      23        0          0          .0000000E+00
      24        0          0          .0000000E+00
      25        0          0          .0000000E+00
      26        0          0          .0000000E+00
      27        0          0          .0000000E+00
      28        0          0          .0000000E+00
      29        0          0          .0000000E+00
      30        0          0          .0000000E+00
      31        0          0          .0000000E+00
      32        0          0          .0000000E+00
      33        0          0          .0000000E+00
      34        0          0          .0000000E+00
      35        0          0          .0000000E+00
      36        0          0          .0000000E+00
      37        0          0          .0000000E+00
      38        0          0          .0000000E+00
      39        0          0          .0000000E+00
      40        0          0          .0000000E+00
      41        0          0          .0000000E+00
      42        0         43          .0000000E+00
      43        0         42          .0000000E+00
      44        0          0          .0000000E+00
      45        0          0          .0000000E+00
      46        0          0          .0000000E+00
      47        0          0          .0000000E+00
      48        0          0          .0000000E+00
      49        0          0          .0000000E+00
      50        0          0          .0000000E+00
      51        0          0          .0000000E+00
      52        0          0          .0000000E+00
      53        0          0          .0000000E+00
      54        0          0          .0000000E+00
      55        0          0          .0000000E+00
      56        0          0          .0000000E+00
      57        0          0          .0000000E+00
      58        0          0          .0000000E+00
      59        0          0          .0000000E+00
      60        0          0          .0000000E+00
      61        0          0          .0000000E+00
      62        0          0          .0000000E+00
      63        0         64          .0000000E+00
      64        0         63          .0000000E+00
      65        0          0          .0000000E+00
      66        0          0          .0000000E+00
      67        0          0          .0000000E+00
      68        0          0          .0000000E+00
      69        0          0          .0000000E+00
      70        0          0          .0000000E+00
      71        0          0          .0000000E+00
      72        0          0          .0000000E+00
      73        0          0          .0000000E+00
      74        0          0          .0000000E+00
      75        0          0          .0000000E+00
      76        0          0          .0000000E+00
      77        0          0          .0000000E+00
      78        0          0          .0000000E+00
      79        0          0          .0000000E+00
      80        0          0          .0000000E+00
      81        0          0          .0000000E+00
      82        0          0          .0000000E+00
      83        0          0          .0000000E+00
      84        0          1          .0000000E+00


  INCIDENCIA DOS NOS GEOMETRICOS

       INDICE     PRIM. NÓ      SEG. NÓ
       1          1       2
       2          2       3
       3          3       4
       4          4       5
       5          5       6
       6          6       7
       7          7       8
       8          8       9
       9          9      10
      10         10      11
      11         11      12
      12         12      13
      13         13      14
      14         14      15
      15         15      16
      16         16      17
      17         17      18
      18         18      19
      19         19      20
      20         20      21
      21         22      23
      22         23      24
      23         24      25
      24         25      26
      25         26      27
      26         27      28
      27         28      29
      28         29      30
      29         30      31
      30         31      32
      31         32      33
      32         33      34
      33         34      35
      34         35      36
      35         36      37
      36         37      38
      37         38      39
      38         39      40
      39         40      41
      40         41      42
      41         43      44
      42         44      45
      43         45      46
      44         46      47
      45         47      48
      46         48      49
      47         49      50
      48         50      51
      49         51      52
      50         52      53
      51         53      54
      52         54      55
      53         55      56
      54         56      57
      55         57      58
      56         58      59
      57         59      60
      58         60      61
      59         61      62
      60         62      63
      61         64      65
      62         65      66
      63         66      67
      64         67      68
      65         68      69
      66         69      70
      67         70      71
      68         71      72
      69         72      73
      70         73      74
      71         74      75
      72         75      76
      73         76      77
      74         77      78
      75         78      79
      76         79      80
      77         80      81
      78         81      82
      79         82      83
      80         83      84
 NOVAS COORDENADAS DOS NOS DUPLOS
      .0010      .0000
      .0500      .0000
      .1000      .0000
      .1500      .0000
      .2000      .0000
      .2500      .0000
      .3000      .0000
      .3500      .0000
      .4000      .0000
      .4500      .0000
      .5000      .0000
      .5500      .0000
      .6000      .0000
      .6500      .0000
      .7000      .0000
      .7500      .0000
      .8000      .0000
      .8500      .0000
      .9000      .0000
      .9500      .0000
      .9990      .0000
     1.0000      .0010
     1.0000      .0500
     1.0000      .1000
     1.0000      .1500
     1.0000      .2000
     1.0000      .2500
     1.0000      .3000
     1.0000      .3500
     1.0000      .4000
     1.0000      .4500
     1.0000      .5000
     1.0000      .5500
     1.0000      .6000
     1.0000      .6500
     1.0000      .7000
     1.0000      .7500
     1.0000      .8000
     1.0000      .8500
     1.0000      .9000
     1.0000      .9500
     1.0000      .9990
      .9990     1.0000
      .9500     1.0000
      .9000     1.0000
      .8500     1.0000
      .8000     1.0000
      .7500     1.0000
      .7000     1.0000
      .6500     1.0000
      .6000     1.0000
      .5500     1.0000
      .5000     1.0000
      .4500     1.0000
      .4000     1.0000
      .3500     1.0000
      .3000     1.0000
      .2500     1.0000
      .2000     1.0000
      .1500     1.0000
      .1000     1.0000
      .0500     1.0000
      .0010     1.0000
      .0000      .9990
      .0000      .9500
      .0000      .9000
      .0000      .8500
      .0000      .8000
      .0000      .7500
      .0000      .7000
      .0000      .6500
      .0000      .6000
      .0000      .5500
      .0000      .5000
      .0000      .4500
      .0000      .4000
      .0000      .3500
      .0000      .3000
      .0000      .2500
      .0000      .2000
      .0000      .1500
      .0000      .1000
      .0000      .0500
      .0000      .0010
   
 VALORES DE DFI  ************************************
      1   .0000
      2   .0000
      3   .0000
      4   .0000
      5   .0000
      6   .0000
      7   .0000
      8   .0000
      9   .0000
     10   .0000
     11   .0000
     12   .0000
     13   .0000
     14   .0000
     15   .0000
     16   .0000
     17   .0000
     18   .0000
     19   .0000
     20   .0000
     21   .0000
     22   .0000
     23   .0000
     24   .0000
     25   .0000
     26   .0000
     27   .0000
     28   .0000
     29   .0000
     30   .0000
     31   .0000
     32   .0000
     33   .0000
     34   .0000
     35   .0000
     36   .0000
     37   .0000
     38   .0000
     39   .0000
     40   .0000
     41   .0000
     42   .0000
     43   .0000
     44   .0000
     45   .0000
     46   .0000
     47   .0000
     48   .0000
     49   .0000
     50   .0000
     51   .0000
     52   .0000
     53   .0000
     54   .0000
     55   .0000
     56   .0000
     57   .0000
     58   .0000
     59   .0000
     60   .0000
     61   .0000
     62   .0000
     63   .0000
     64   .0000
     65   .0000
     66   .0000
     67   .0000
     68   .0000
     69   .0000
     70   .0000
     71   .0000
     72   .0000
     73   .0000
     74   .0000
     75   .0000
     76   .0000
     77   .0000
     78   .0000
     79   .0000
     80   .0000
     81   .0000
     82   .0000
     83   .0000
     84   .0000
     85   .0000
     86   .0000
     87   .0000
     88   .0000
     89   .0000
     90   .0000
     91   .0000
     92   .0000
     93   .0000
     94   .0000
     95   .0000
     96   .0000
     97   .0000
     98   .0000
     99   .0000
    100   .0000
    101   .0000
    102   .0000
    103   .0000
    104   .0000
    105   .0000
    106   .0000
    107   .0000
    108   .0000
    109   .0000
    110   .0000
    111   .0000
    112   .0000
    113   .0000
    114   .0000
    115   .0000
    116   .0000
    117   .0000
    118   .0000
    119   .0000
    120   .0000
    121   .0000
    122   .0000
    123   .0000
    124   .0000
    125   .0000
    126   .0000
    127   .0000
    128   .0000
    129   .0000
    130   .0000
    131   .0000
    132   .0000
    133   .0000
    134   .0000
    135   .0000
    136   .0000
    137   .0000
    138   .0000
    139   .0000
    140   .0000
    141   .0000
    142   .0000
    143   .0000
    144   .0000
    145   .0000
    146   .0000
    147   .0000
    148   .0000
    149   .0000
    150   .0000
    151   .0000
    152   .0000
    153   .0000
    154   .0000
    155   .0000
    156   .0000
    157   .0000
    158   .0000
    159   .0000
    160   .0000
    161   .0000
    162   .0000
    163   .0000
    164   .0000
    165   .0000
    166   .0000
    167   .0000
    168   .0000
    169   .0000
    170   .0000
    171   .0000
    172   .0000
    173   .0000
    174   .0000
    175   .0000
    176   .0000
    177   .0000
    178   .0000
    179   .0000
    180   .0000
    181   .0000
    182   .0000
    183   .0000
    184   .0000
    185   .0000
    186   .0000
    187   .0000
    188   .0000
    189   .0000
    190   .0000
    191   .0000
    192   .0000
    193   .0000
    194   .0000
    195   .0000
    196   .0000
    197   .0000
    198   .0000
    199   .0000
    200   .0000
    201   .0000
    202   .0000
    203   .0000
    204   .0000
    205   .0000
    206   .0000
    207   .0000
    208   .0000
    209   .0000
    210   .0000
    211   .0000
    212   .0000
    213   .0000
    214   .0000
    215   .0000
    216   .0000
    217   .0000
    218   .0000
    219   .0000
    220   .0000
    221   .0000
    222   .0000
    223   .0000
    224   .0000
    225   .0000
    226   .0000
    227   .0000
    228   .0000
   
 VALORES DE WR_POS ORIGINAIS ************************
      1   2.38123
      2   2.38123
      3   2.31720
      4   2.31720
      5   2.16819
      6   2.16819
      7   2.27983
      8   2.27983
      9   2.23066
     10   2.23066
     11   1.95813
     12   1.95813
     13   2.27475
     14   2.27475
     15   2.26643
     16   2.02530
     17   2.02530
     18   2.09975
     19   2.09975
     20   1.87728
     21   1.87728
     22   1.73390
     23   1.73390
     24   1.52849
     25   1.52849
     26   1.73645
     27   1.73645
     28   1.38855
     29   1.38855
     30    .00000
     31    .00000
     32    .00000
     33    .00000
     34    .00000
     35    .00000
     36    .00000
     37    .00000
     38    .00000
     39    .00000
     40    .00000
     41    .00000
     42    .00000
     43    .00000
     44    .00000
     45    .00000
     46    .00000
     47    .00000
     48    .00000
     49    .00000
     50    .00000
     51    .00000
     52    .00000
     53    .00000
     54    .00000
     55    .00000
     56    .00000
     57    .00000
     58    .00000
     59    .00000
     60    .00000
     61    .00000
     62    .00000
     63    .00000
     64    .00000
     65    .00000
     66    .00000
     67    .00000
     68    .00000
     69    .00000
     70    .00000
     71    .00000
     72    .00000
     73    .00000
     74    .00000
     75    .00000
     76    .00000
     77    .00000
     78    .00000
     79    .00000
     80    .00000
     81    .00000
     82    .00000
     83    .00000
     84    .00000
     85    .00000
     86    .00000
     87    .00000
     88    .00000
     89    .00000
     90    .00000
     91    .00000
     92    .00000
     93    .00000
     94    .00000
     95    .00000
     96    .00000
     97    .00000
     98    .00000
     99    .00000
    100    .00000
    101    .00000
    102    .00000
    103    .00000
    104    .00000
    105    .00000
    106    .00000
    107    .00000
    108    .00000
    109    .00000
    110    .00000
    111    .00000
    112    .00000
    113    .00000
    114    .00000
    115    .00000
    116    .00000
    117    .00000
    118    .00000
    119    .00000
    120    .00000
    121    .00000
    122    .00000
    123    .00000
    124    .00000
    125    .00000
    126    .00000
    127    .00000
    128    .00000
    129    .00000
    130    .00000
    131    .00000
    132    .00000
    133    .00000
    134    .00000
    135    .00000
    136    .00000
    137    .00000
    138    .00000
    139    .00000
    140    .00000
    141    .00000
    142    .00000
    143    .00000
    144    .00000
    145    .00000
    146    .00000
    147    .00000
    148    .00000
    149    .00000
    150    .00000
    151    .00000
    152    .00000
    153    .00000
    154    .00000
    155    .00000
    156    .00000
    157    .00000
    158    .00000
    159    .00000
    160    .00000
    161    .00000
    162    .00000
    163    .00000
    164    .00000
    165    .00000
    166    .00000
    167    .00000
    168    .00000
    169    .00000
    170    .00000
    171    .00000
    172    .00000
    173    .00000
    174    .00000
    175    .00000
    176    .00000
    177    .00000
    178    .00000
    179    .00000
    180    .00000
    181    .00000
    182    .00000
    183    .00000
    184    .00000
    185    .00000
    186    .00000
    187    .00000
    188    .00000
    189    .00000
    190    .00000
    191    .00000
    192    .00000
    193    .00000
    194    .00000
    195    .00000
    196    .00000
    197    .00000
    198    .00000
    199    .00000
    200    .00000
    201    .00000
    202    .00000
    203    .00000
    204    .00000
    205    .00000
    206    .00000
    207    .00000
    208    .00000
    209    .00000
    210    .00000
    211    .00000
    212    .00000
    213    .00000
    214    .00000
    215    .00000
    216    .00000
    217    .00000
    218    .00000
    219    .00000
    220    .00000
    221    .00000
    222    .00000
    223    .00000
    224    .00000
    225    .00000
    226    .00000
    227    .00000
    228    .00000
    229    .00000
    230    .00000
    231    .00000
    232    .00000
    233    .00000
    234    .00000
    235    .00000
    236    .00000
    237    .00000
    238    .00000
    239    .00000
    240    .00000
    241    .00000
    242    .00000
    243    .00000
    244    .00000
    245    .00000
    246    .00000
    247    .00000
    248    .00000
    249    .00000
    250    .00000
    251    .00000
    252    .00000
    253    .00000
    254    .00000
    255    .00000
    256    .00000
    257    .00000
    258    .00000
    259    .00000
    260    .00000
    261    .00000
    262    .00000
    263    .00000
    264    .00000
    265    .00000
    266    .00000
    267    .00000
    268    .00000
    269    .00000
    270    .00000
    271    .00000
    272    .00000
    273    .00000
    274    .00000
    275    .00000
    276    .00000
    277    .00000
    278    .00000
    279    .00000
    280    .00000
    281    .00000
    282    .00000
    283    .00000
    284    .00000
    285    .00000
    286    .00000
    287    .00000
    288    .00000
    289    .00000
    290    .00000
    291    .00000
    292    .00000
    293    .00000
    294    .00000
    295    .00000
    296    .00000
    297    .00000
    298    .00000
    299    .00000
    300    .00000
    301    .00000
    302    .00000
    303    .00000
    304    .00000
    305    .00000
    306    .00000
    307    .00000
    308    .00000
    309    .00000
    310    .00000
    311    .00000
    312    .00000
    313    .00000
    314    .00000
    315    .00000
    316    .00000
    317    .00000
    318    .00000
    319    .00000
    320    .00000
    321    .00000
    322    .00000
    323    .00000
    324    .00000
    325    .00000
    326    .00000
    327    .00000
    328    .00000
    329    .00000
    330    .00000
    331    .00000
    332    .00000
    333    .00000
    334    .00000
    335    .00000
    336    .00000
    337    .00000
    338    .00000
    339    .00000
    340    .00000
    341    .00000
    342    .00000
    343    .00000
    344    .00000
    345    .00000
    346    .00000
    347    .00000
    348    .00000
    349    .00000
    350    .00000
    351    .00000
    352    .00000
    353    .00000
    354    .00000
    355    .00000
    356    .00000
    357    .00000
    358    .00000
    359    .00000
    360    .00000
    361    .00000
    362    .00000
    363    .00000
    364    .00000
    365    .00000
    366    .00000
    367    .00000
    368    .00000
    369    .00000
    370    .00000
    371    .00000
    372    .00000
    373    .00000
    374    .00000
    375    .00000
    376    .00000
    377    .00000
    378    .00000
    379    .00000
    380    .00000
    381    .00000
    382    .00000
    383    .00000
    384    .00000
    385    .00000
    386    .00000
    387    .00000
    388    .00000
    389    .00000
    390    .00000
    391    .00000
    392    .00000
    393    .00000
    394    .00000
    395    .00000
    396    .00000
    397    .00000
    398    .00000
    399    .00000
    400    .00000
    401    .00000
    402    .00000
    403    .00000
    404    .00000
    405    .00000
    406    .00000
    407    .00000
    408    .00000
    409    .00000
    410    .00000
    411    .00000
    412    .00000
    413    .00000
    414    .00000
    415    .00000
    416    .00000
    417    .00000
    418    .00000
    419    .00000
    420    .00000
    421    .00000
    422    .00000
    423    .00000
    424    .00000
    425    .00000
    426    .00000
    427    .00000
    428    .00000
    429    .00000
    430    .00000
    431    .00000
    432    .00000
    433    .00000
    434    .00000
    435    .00000
    436    .00000
    437    .00000
    438    .00000
    439    .00000
    440    .00000
    441    .00000
    442    .00000
    443    .00000
    444    .00000
    445    .00000
    446    .00000
    447    .00000
    448    .00000
    449    .00000
    450    .00000
    451    .00000
    452    .00000
    453    .00000
    454    .00000
    455    .00000
    456    .00000
    457    .00000
    458    .00000
    459    .00000
    460    .00000
    461    .00000
    462    .00000
    463    .00000
    464    .00000
    465    .00000
    466    .00000
    467    .00000
    468    .00000
    469    .00000
    470    .00000
    471    .00000
    472    .00000
    473    .00000
    474    .00000
    475    .00000
    476    .00000
    477    .00000
    478    .00000
    479    .00000
    480    .00000
    481    .00000
    482    .00000
    483    .00000
    484    .00000
    485    .00000
    486    .00000
    487    .00000
    488    .00000
    489    .00000
    490    .00000
    491    .00000
    492    .00000
    493    .00000
    494    .00000
    495    .00000
    496    .00000
    497    .00000
    498    .00000
    499    .00000
    500    .00000
    501    .00000
    502    .00000
    503    .00000
    504    .00000
    505    .00000
    506    .00000
    507    .00000
    508    .00000
    509    .00000
    510    .00000
    511    .00000
    512    .00000
    513    .00000
    514    .00000
    515    .00000
    516    .00000
    517    .00000
    518    .00000
    519    .00000
    520    .00000
    521    .00000
    522    .00000
    523    .00000
    524    .00000
    525    .00000
    526    .00000
    527    .00000
    528    .00000
    529    .00000
    530    .00000
    531    .00000
    532    .00000
    533    .00000
    534    .00000
    535    .00000
    536    .00000
    537    .00000
    538    .00000
    539    .00000
    540    .00000
    541    .00000
    542    .00000
    543    .00000
    544    .00000
    545    .00000
    546    .00000
    547    .00000
    548    .00000
    549    .00000
    550    .00000
    551    .00000
    552    .00000
    553    .00000
    554    .00000
    555    .00000
    556    .00000
    557    .00000
    558    .00000
    559    .00000
    560    .00000
    561    .00000
    562    .00000
    563    .00000
    564    .00000
    565    .00000
    566    .00000
    567    .00000
    568    .00000
    569    .00000
    570    .00000
    571    .00000
    572    .00000
    573    .00000
    574    .00000
    575    .00000
    576    .00000
   
 VALORES DE WRA  ************************************
 WRA ORIGINAL POSSUIA         576 NUM., REDUZIDO PARA         276 NUM.
      1    .64804
      2   1.24222
      3    .89722
      4   1.05572
      5    .97325
      6   1.01365
      7    .99324
      8   1.00339
      9    .99831
     10   1.00085
     11    .99958
     12   1.00021
     13    .99989
     14   1.00005
     15    .99997
     16   1.00001
     17    .99999
     18   1.00000
     19   1.00000
     20   1.00000
     21   1.00000
     22   1.00000
     23   1.00000
     24   1.00000
     25   1.00000
     26   1.00000
     27   1.00000
     28   1.00000
     29   1.00000
     30   1.00000
     31   1.00000
     32   1.00000
     33   1.00000
     34   1.00000
     35   1.00000
     36   1.00000
     37   1.00000
     38   1.00000
     39   1.00000
     40   1.00000
     41   1.00000
     42   1.00000
     43   1.00000
     44   1.00000
     45   1.00000
     46   1.00000
     47   1.00000
     48   1.00000
     49   1.00000
     50   1.00000
     51   1.00000
     52   1.00000
     53   1.00000
     54   1.00000
     55   1.00000
     56   1.00000
     57   1.00000
     58   1.00000
     59   1.00000
     60   1.00000
     61   1.00000
     62   1.00000
     63   1.00000
     64   1.00000
     65   1.00000
     66   1.00000
     67   1.00000
     68   1.00000
     69   1.00000
     70   1.00000
     71   1.00000
     72   1.00000
     73   1.00000
     74   1.00000
     75   1.00000
     76   1.00000
     77   1.00000
     78   1.00000
     79   1.00000
     80   1.00000
     81   1.00000
     82   1.00000
     83   1.00000
     84   1.00000
     85   1.00000
     86   1.00000
     87   1.00000
     88   1.00000
     89   1.00000
     90   1.00000
     91   1.00000
     92   1.00000
     93   1.00000
     94   1.00000
     95   1.00000
     96   1.00000
     97   1.00000
     98   1.00000
     99   1.00000
    100   1.00000
    101   1.00000
    102   1.00000
    103   1.00000
    104   1.00000
    105   1.00000
    106   1.00000
    107   1.00000
    108   1.00000
    109   1.00000
    110   1.00000
    111   1.00000
    112   1.00000
    113   1.00000
    114   1.00000
    115   1.00000
    116   1.00000
    117   1.00000
    118   1.00000
    119   1.00000
    120   1.00000
    121   1.00000
    122   1.00000
    123   1.00000
    124   1.00000
    125   1.00000
    126   1.00000
    127   1.00000
    128   1.00000
    129   1.00000
    130   1.00000
    131   1.00000
    132   1.00000
    133   1.00000
    134   1.00000
    135   1.00000
    136   1.00000
    137   1.00000
    138   1.00000
    139   1.00000
    140   1.00000
    141   1.00000
    142   1.00000
    143   1.00000
    144   1.00000
    145   1.00000
    146   1.00000
    147   1.00000
    148   1.00000
    149   1.00000
    150   1.00000
    151   1.00000
    152   1.00000
    153   1.00000
    154   1.00000
    155   1.00000
    156   1.00000
    157   1.00000
    158   1.00000
    159   1.00000
    160   1.00000
    161   1.00000
    162   1.00000
    163   1.00000
    164   1.00000
    165   1.00000
    166   1.00000
    167   1.00000
    168   1.00000
    169   1.00000
    170   1.00000
    171   1.00000
    172   1.00000
    173   1.00000
    174   1.00000
    175   1.00000
    176   1.00000
    177   1.00000
    178   1.00000
    179   1.00000
    180   1.00000
    181   1.00000
    182   1.00000
    183   1.00000
    184   1.00000
    185   1.00000
    186   1.00000
    187   1.00000
    188   1.00000
    189   1.00000
    190   1.00000
    191   1.00000
    192   1.00000
    193   1.00000
    194   1.00000
    195   1.00000
    196   1.00000
    197   1.00000
    198   1.00000
    199   1.00000
    200   1.00000
    201   1.00000
    202   1.00000
    203   1.00000
    204   1.00000
    205   1.00000
    206   1.00000
    207   1.00000
    208   1.00000
    209   1.00000
    210   1.00000
    211   1.00000
    212   1.00000
    213   1.00000
    214   1.00000
    215   1.00000
    216   1.00000
    217   1.00000
    218   1.00000
    219   1.00000
    220   1.00000
    221   1.00000
    222   1.00000
    223   1.00000
    224   1.00000
    225   1.00000
    226   1.00000
    227   1.00000
    228   1.00000
    229   1.00000
    230   1.00000
    231   1.00000
    232   1.00000
    233   1.00000
    234   1.00000
    235   1.00000
    236   1.00000
    237   1.00000
    238   1.00000
    239   1.00000
    240   1.00000
    241   1.00000
    242   1.00000
    243   1.00000
    244   1.00000
    245   1.00000
    246   1.00000
    247   1.00000
    248   1.00000
    249   1.00000
    250   1.00000
    251   1.00000
    252   1.00000
    253   1.00000
    254   1.00000
    255   1.00000
    256   1.00000
    257   1.00000
    258   1.00000
    259   1.00000
    260   1.00000
    261   1.00000
    262   1.00000
    263   1.00000
    264   1.00000
    265   1.00000
    266   1.00000
    267   1.00000
    268   1.00000
    269   1.00000
    270   1.00000
    271   1.00000
    272   1.00000
    273   1.00000
    274   1.00000
    275   1.00000
    276   1.00000



           - AUTOVALORES - 
          REAL     IMAGINARIO
           1        2.381225877534197  -2.695965041698631E-001
           2        2.381225877534197   2.695965041698631E-001
           3        2.317201473247968  -4.334829311751573E-001
           4        2.317201473247968   4.334829311751573E-001
           5        2.168192956504689  -8.678707154860937E-001
           6        2.168192956504689   8.678707154860937E-001
           7        2.279828523429870  -3.470343635528870E-001
           8        2.279828523429870   3.470343635528870E-001
           9        2.230660195541444  -5.602797612692692E-001
          10        2.230660195541444   5.602797612692692E-001
          11        1.958131552029690       -1.266222165890352
          12        1.958131552029690        1.266222165890352
          13        2.274745326628273  -1.466566606431329E-001
          14        2.274745326628273   1.466566606431329E-001
          15        2.266432022860085   0.000000000000000E+000
          16        2.025303361911022       -1.071542176570101
          17        2.025303361911022        1.071542176570101
          18        2.099748010202883  -8.193498373968854E-001
          19        2.099748010202883   8.193498373968854E-001
          20        1.877281530180162       -1.226087321471043
          21        1.877281530180162        1.226087321471043
          22        1.733896839657785       -1.438699123626295
          23        1.733896839657785        1.438699123626295
          24        1.528485420057041       -1.627587934663809
          25        1.528485420057041        1.627587934663809
          26        1.736447747410915       -1.350753985242018
          27        1.736447747410915        1.350753985242018
          28        1.388554990835170       -1.705510793391135
          29        1.388554990835170        1.705510793391135
          30       -1.253587091611449       -2.062069606598528
          31       -1.253587091611449        2.062069606598528
          32        1.641504393829673       -1.186095040177089
          33        1.641504393829673        1.186095040177089
          34        1.074084000199777       -1.865611557437049
          35        1.074084000199777        1.865611557437049
          36        1.151817430443482       -1.784840328690267
          37        1.151817430443482        1.784840328690267
          38        1.448202109813951       -1.363522212650668
          39        1.448202109813951        1.363522212650668
          40   6.965094177867992E-001       -1.952292752100807
          41   6.965094177867992E-001        1.952292752100807
          42        1.193303410083080       -1.619067697367021
          43        1.193303410083080        1.619067697367021
          44        1.015762613505481       -1.758894048719483
          45        1.015762613505481        1.758894048719483
          46   7.198677976834977E-001       -1.858190782278259
          47   7.198677976834977E-001        1.858190782278259
          48   7.408852619427292E-001       -1.817855973436015
          49   7.408852619427292E-001        1.817855973436015
          50   3.883900766574875E-001       -1.909025612250508
          51   3.883900766574875E-001        1.909025612250508
          52   4.086711114168948E-001       -1.897406944252261
          53   4.086711114168948E-001        1.897406944252261
          54   1.465604307493166E-001       -1.900786654578444
          55   1.465604307493166E-001        1.900786654578444
          56   2.224945756575377E-001       -1.865911777406448
          57   2.224945756575377E-001        1.865911777406448
          58   9.033527319789925E-002       -1.845651559596499
          59   9.033527319789925E-002        1.845651559596499
          60  -4.644835972346727E-002       -1.827121045444837
          61  -4.644835972346727E-002        1.827121045444837
          62   3.553725837582739E-002       -1.807757060716868
          63   3.553725837582739E-002        1.807757060716868
          64  -2.175614320589807E-001       -1.795679049838850
          65  -2.175614320589807E-001        1.795679049838850
          66  -1.445010150560181E-001       -1.763052728141994
          67  -1.445010150560181E-001        1.763052728141994
          68  -5.020372644527761E-001       -1.685217535329147
          69  -5.020372644527761E-001        1.685217535329147
          70  -9.012437162952589E-001       -1.508055977350605
          71  -9.012437162952589E-001        1.508055977350605
          72  -2.403916184097616E-001       -1.629928005044761
          73  -2.403916184097616E-001        1.629928005044761
          74       -1.388300773066098       -1.006886060449839
          75       -1.388300773066098        1.006886060449839
          76        1.414168403893067   0.000000000000000E+000
          77  -3.583572546640156E-001       -1.562333497299297
          78  -3.583572546640156E-001        1.562333497299297
          79        1.250307121598757  -6.125789541841357E-001
          80        1.250307121598757   6.125789541841357E-001
          81  -9.170299542861524E-001       -1.341072781682511
          82  -9.170299542861524E-001        1.341072781682511
          83        1.153848522872309  -7.583791805038284E-001
          84        1.153848522872309   7.583791805038284E-001
          85       -1.677549227126825   0.000000000000000E+000
          86       -1.352076987351475  -8.357914492742673E-001
          87       -1.352076987351475   8.357914492742673E-001
          88        1.284149244297037  -3.291460197673476E-002
          89        1.284149244297037   3.291460197673476E-002
          90       -1.135836295376460       -1.059629508622254
          91       -1.135836295376460        1.059629508622254
          92        1.227265735950459  -3.054065213472469E-001
          93        1.227265735950459   3.054065213472469E-001
          94        1.195236821693889  -4.169265014875165E-001
          95        1.195236821693889   4.169265014875165E-001
          96   9.050963291940621E-001  -9.626121668627381E-001
          97   9.050963291940621E-001   9.626121668627381E-001
          98        1.214923486508192  -1.715659908649823E-001
          99        1.214923486508192   1.715659908649823E-001
         100        1.078046438140020  -6.685036482341368E-001
         101        1.078046438140020   6.685036482341368E-001
         102        1.128878842020788  -5.183850018015117E-001
         103        1.128878842020788   5.183850018015117E-001
         104   9.970046994957872E-001  -7.881962589869374E-001
         105   9.970046994957872E-001   7.881962589869374E-001
         106  -3.265649354371831E-001       -1.432916749188079
         107  -3.265649354371831E-001        1.432916749188079
         108  -3.458573873459811E-002       -1.418051896294435
         109  -3.458573873459811E-002        1.418051896294435
         110   6.084081117726818E-001       -1.171172846299250
         111   6.084081117726818E-001        1.171172846299250
         112   3.806361244376938E-001       -1.298751778403330
         113   3.806361244376938E-001        1.298751778403330
         114   9.204849526920611E-001  -8.515253752292349E-001
         115   9.204849526920611E-001   8.515253752292349E-001
         116   7.514478175209565E-001       -1.020441748516359
         117   7.514478175209565E-001        1.020441748516359
         118       -1.501369735446589  -7.971694731856269E-002
         119       -1.501369735446589   7.971694731856269E-002
         120  -5.955544509972750E-001       -1.336862025696627
         121  -5.955544509972750E-001        1.336862025696627
         122   2.641622615318884E-001       -1.305036763364061
         123   2.641622615318884E-001        1.305036763364061
         124   1.225857033947398E-001       -1.343779605937880
         125   1.225857033947398E-001        1.343779605937880
         126  -4.843120979079730E-001       -1.346065798963931
         127  -4.843120979079730E-001        1.346065798963931
         128  -5.972029453683181E-001       -1.314006463832653
         129  -5.972029453683181E-001        1.314006463832653
         130  -7.611057446495935E-001       -1.243216548716559
         131  -7.611057446495935E-001        1.243216548716559
         132  -2.360866219813780E-001       -1.364758929614683
         133  -2.360866219813780E-001        1.364758929614683
         134   6.394390656500117E-001       -1.090237285679142
         135   6.394390656500117E-001        1.090237285679142
         136  -8.411637201380295E-001       -1.184446394389517
         137  -8.411637201380295E-001        1.184446394389517
         138       -1.431086162059585  -3.758638909947762E-001
         139       -1.431086162059585   3.758638909947762E-001
         140   3.053616493851210E-001       -1.259610163985546
         141   3.053616493851210E-001        1.259610163985546
         142   4.267814228227276E-001       -1.184296918606133
         143   4.267814228227276E-001        1.184296918606133
         144  -9.811553364178989E-001       -1.050808039142171
         145  -9.811553364178989E-001        1.050808039142171
         146   6.914463750282859E-001  -9.998676231308816E-001
         147   6.914463750282859E-001   9.998676231308816E-001
         148  -1.088961902003363E-001       -1.299239700641024
         149  -1.088961902003363E-001        1.299239700641024
         150   4.880592923632499E-002       -1.279609222741884
         151   4.880592923632499E-002        1.279609222741884
         152   1.323211720686821E-001       -1.259431135227636
         153   1.323211720686821E-001        1.259431135227636
         154  -9.895847671355229E-001       -1.008618561512492
         155  -9.895847671355229E-001        1.008618561512492
         156       -1.106985514215833  -8.803865943185556E-001
         157       -1.106985514215833   8.803865943185556E-001
         158       -1.223072179433726  -7.231479775397152E-001
         159       -1.223072179433726   7.231479775397152E-001
         160       -1.266747009336781  -6.215417950572951E-001
         161       -1.266747009336781   6.215417950572951E-001
         162  -5.672524130469594E-001       -1.215392585451523
         163  -5.672524130469594E-001        1.215392585451523
         164       -1.284177274022412  -5.291305739174023E-001
         165       -1.284177274022412   5.291305739174023E-001
         166       -1.152497440350272  -7.470281141163324E-001
         167       -1.152497440350272   7.470281141163324E-001
         168       -1.187065106717284  -6.807726888242699E-001
         169       -1.187065106717284   6.807726888242699E-001
         170  -9.139479116524812E-001  -9.849251841145370E-001
         171  -9.139479116524812E-001   9.849251841145370E-001
         172  -3.426122155306894E-001       -1.236310314530812
         173  -3.426122155306894E-001        1.236310314530812
         174  -7.109281809148269E-001       -1.106709360211658
         175  -7.109281809148269E-001        1.106709360211658
         176  -5.765435266865977E-001       -1.165294899166432
         177  -5.765435266865977E-001        1.165294899166432
         178       -1.358861785994495  -1.452113827357967E-002
         179       -1.358861785994495   1.452113827357967E-002
         180       -1.203654287634223  -5.877799208514680E-001
         181       -1.203654287634223   5.877799208514680E-001
         182       -1.286907990919555  -3.156636380028922E-001
         183       -1.286907990919555   3.156636380028922E-001
         184       -1.222503582851374  -4.720910392043712E-001
         185       -1.222503582851374   4.720910392043712E-001
         186  -5.371874005131803E-001       -1.133718979272123
         187  -5.371874005131803E-001        1.133718979272123
         188       -1.242816121651734  -3.556144222136794E-001
         189       -1.242816121651734   3.556144222136794E-001
         190   9.712645865818608E-001  -1.884174491178894E-001
         191   9.712645865818608E-001   1.884174491178894E-001
         192   9.767937546377106E-001  -8.869956742985005E-002
         193   9.767937546377106E-001   8.869956742985005E-002
         194   9.169188246984250E-001  -3.689559385113921E-001
         195   9.169188246984250E-001   3.689559385113921E-001
         196   8.205757540484602E-001  -5.691443871152078E-001
         197   8.205757540484602E-001   5.691443871152078E-001
         198   9.291982801415384E-001  -2.735429131917814E-001
         199   9.291982801415384E-001   2.735429131917814E-001
         200   9.328295685566450E-001  -7.265835040616191E-002
         201   9.328295685566450E-001   7.265835040616191E-002
         202   9.323655051926632E-001  -7.619057399521288E-002
         203   9.323655051926632E-001   7.619057399521288E-002
         204   9.187208189868034E-001  -1.586571042914016E-001
         205   9.187208189868034E-001   1.586571042914016E-001
         206   9.074234068678672E-001   0.000000000000000E+000
         207   8.575379754367760E-001  -3.534700402595131E-001
         208   8.575379754367760E-001   3.534700402595131E-001
         209   8.718972493969950E-001  -3.093002376270813E-001
         210   8.718972493969950E-001   3.093002376270813E-001
         211   8.663025318172046E-001  -3.198163255627273E-001
         212   8.663025318172046E-001   3.198163255627273E-001
         213   8.907009183896910E-001   0.000000000000000E+000
         214   8.307683290338952E-001  -4.407236400942657E-001
         215   8.307683290338952E-001   4.407236400942657E-001
         216   7.113222795552698E-001  -6.805399399678195E-001
         217   7.113222795552698E-001   6.805399399678195E-001
         218   7.481101014853964E-001  -6.096112421701357E-001
         219   7.481101014853964E-001   6.096112421701357E-001
         220   7.948234457539880E-001  -5.032953265549788E-001
         221   7.948234457539880E-001   5.032953265549788E-001
         222   7.843531829653345E-001  -5.230700368387994E-001
         223   7.843531829653345E-001   5.230700368387994E-001
         224   6.258369902380546E-001  -7.585993601838965E-001
         225   6.258369902380546E-001   7.585993601838965E-001
         226   6.851437514060554E-001  -6.831210143491203E-001
         227   6.851437514060554E-001   6.831210143491203E-001
         228   8.500739335093380E-001  -2.041528777683175E-001
         229   8.500739335093380E-001   2.041528777683175E-001
         230   8.092657153854779E-001  -3.521229811769865E-001
         231   8.092657153854779E-001   3.521229811769865E-001
         232   8.258448836610969E-001  -2.262198091857563E-001
         233   8.258448836610969E-001   2.262198091857563E-001
         234   7.042939884864287E-001  -6.047251507199342E-001
         235   7.042939884864287E-001   6.047251507199342E-001
         236   6.327558382620382E-001  -6.950491573075274E-001
         237   6.327558382620382E-001   6.950491573075274E-001
         238   7.675556738385239E-001  -4.424415891903111E-001
         239   7.675556738385239E-001   4.424415891903111E-001
         240   7.639119035495889E-001  -4.227372253882147E-001
         241   7.639119035495889E-001   4.227372253882147E-001
         242   7.049588692144276E-001  -5.508291079811182E-001
         243   7.049588692144276E-001   5.508291079811182E-001
         244   6.424131547046674E-001  -6.330261485070892E-001
         245   6.424131547046674E-001   6.330261485070892E-001
         246   5.502122661321894E-001  -7.827608914591384E-001
         247   5.502122661321894E-001   7.827608914591384E-001
         248   5.429682823083466E-001  -7.845079278268589E-001
         249   5.429682823083466E-001   7.845079278268589E-001
         250   7.936723112861370E-001  -1.929147333074429E-001
         251   7.936723112861370E-001   1.929147333074429E-001
         252   8.030883928776269E-001  -6.448058331928099E-002
         253   8.030883928776269E-001   6.448058331928099E-002
         254  -5.969016775541314E-001       -1.044393102162388
         255  -5.969016775541314E-001        1.044393102162388
         256  -5.634582273430878E-001       -1.054692657766164
         257  -5.634582273430878E-001        1.054692657766164
         258   7.332711775142176E-001  -3.669086582175171E-001
         259   7.332711775142176E-001   3.669086582175171E-001
         260   5.194200472736730E-001  -7.686846656870900E-001
         261   5.194200472736730E-001   7.686846656870900E-001
         262   5.460561230554140E-001  -7.249610767978425E-001
         263   5.460561230554140E-001   7.249610767978425E-001
         264   4.559484249191275E-001  -8.335880770976147E-001
         265   4.559484249191275E-001   8.335880770976147E-001
         266   3.755800616805459E-001  -9.066407556979077E-001
         267   3.755800616805459E-001   9.066407556979077E-001
         268   5.965565669369022E-001  -5.835853482191261E-001
         269   5.965565669369022E-001   5.835853482191261E-001
         270       -1.195447494984808  -3.860996630595646E-001
         271       -1.195447494984808   3.860996630595646E-001
         272   2.854803160746294E-001  -9.325279638999292E-001
         273   2.854803160746294E-001   9.325279638999292E-001
         274   3.468017985655262E-001  -8.812005422169963E-001
         275   3.468017985655262E-001   8.812005422169963E-001
         276   3.909752621921271E-001  -8.305528826847493E-001
         277   3.909752621921271E-001   8.305528826847493E-001
         278   3.680733121379583E-001  -8.398972451246811E-001
         279   3.680733121379583E-001   8.398972451246811E-001
         280   3.158895331717321E-001  -8.634322126420405E-001
         281   3.158895331717321E-001   8.634322126420405E-001
         282   4.517187623795705E-001  -6.697564579878714E-001
         283   4.517187623795705E-001   6.697564579878714E-001
         284   1.186564625294809E-001  -9.681715397314396E-001
         285   1.186564625294809E-001   9.681715397314396E-001
         286   4.184664839666682E-001  -6.928324192791083E-001
         287   4.184664839666682E-001   6.928324192791083E-001
         288   1.168889401390103E-001  -9.463968053203616E-001
         289   1.168889401390103E-001   9.463968053203616E-001
         290   1.493452743149411E-001  -9.200474296298098E-001
         291   1.493452743149411E-001   9.200474296298098E-001
         292   2.041783219845665E-001  -8.785545473083108E-001
         293   2.041783219845665E-001   8.785545473083108E-001
         294   1.836206975872445E-001  -8.932819665492744E-001
         295   1.836206975872445E-001   8.932819665492744E-001
         296       -1.217076478637114  -2.055055664616902E-001
         297       -1.217076478637114   2.055055664616902E-001
         298   1.117107487494703E-001  -9.190359322185309E-001
         299   1.117107487494703E-001   9.190359322185309E-001
         300  -6.231527352385801E-001  -9.417151964005774E-001
         301  -6.231527352385801E-001   9.417151964005774E-001
         302   2.661605417744060E-001  -7.612915363878847E-001
         303   2.661605417744060E-001   7.612915363878847E-001
         304  -4.231992162390125E-002  -9.744326426939005E-001
         305  -4.231992162390125E-002   9.744326426939005E-001
         306  -2.297386706723176E-002  -9.509057264809920E-001
         307  -2.297386706723176E-002   9.509057264809920E-001
         308  -6.232818338947682E-002  -9.583628866128274E-001
         309  -6.232818338947682E-002   9.583628866128274E-001
         310  -2.467766441396013E-003  -9.281784499733364E-001
         311  -2.467766441396013E-003   9.281784499733364E-001
         312   1.820488065189496E-001  -7.845947461209398E-001
         313   1.820488065189496E-001   7.845947461209398E-001
         314  -1.106156361833891E-001  -9.481669706521277E-001
         315  -1.106156361833891E-001   9.481669706521277E-001
         316  -4.234841635646344E-002  -9.156076010748036E-001
         317  -4.234841635646344E-002   9.156076010748036E-001
         318  -2.139610890759119E-001  -9.690645308838769E-001
         319  -2.139610890759119E-001   9.690645308838769E-001
         320  -1.699138558282396E-001  -9.473651677157864E-001
         321  -1.699138558282396E-001   9.473651677157864E-001
         322       -1.204940062930330  -1.051323912600403E-001
         323       -1.204940062930330   1.051323912600403E-001
         324       -1.190482187076237  -4.263247827146811E-002
         325       -1.190482187076237   4.263247827146811E-002
         326  -2.284866084800097E-001  -9.354416731164995E-001
         327  -2.284866084800097E-001   9.354416731164995E-001
         328  -2.382660483251364E-001  -9.266243079254442E-001
         329  -2.382660483251364E-001   9.266243079254442E-001
         330       -1.172253620164794  -4.945643380141698E-002
         331       -1.172253620164794   4.945643380141698E-002
         332       -1.152837070744763  -1.184669856221042E-001
         333       -1.152837070744763   1.184669856221042E-001
         334  -6.778619229607611E-001  -8.423223674833344E-001
         335  -6.778619229607611E-001   8.423223674833344E-001
         336   2.928050735204940E-002  -7.959397215572217E-001
         337   2.928050735204940E-002   7.959397215572217E-001
         338  -3.676408462762240E-001  -9.040755849406484E-001
         339  -3.676408462762240E-001   9.040755849406484E-001
         340  -3.423752320031258E-001  -9.058417578538637E-001
         341  -3.423752320031258E-001   9.058417578538637E-001
         342  -3.273248186738321E-001  -8.981770283161464E-001
         343  -3.273248186738321E-001   8.981770283161464E-001
         344  -2.680608604591044E-001  -8.773960977374308E-001
         345  -2.680608604591044E-001   8.773960977374308E-001
         346       -1.121066473808467  -2.069187266942497E-001
         347       -1.121066473808467   2.069187266942497E-001
         348  -4.326096638710208E-001  -8.768494137787836E-001
         349  -4.326096638710208E-001   8.768494137787836E-001
         350       -1.057323090354531  -3.474249740418530E-001
         351       -1.057323090354531   3.474249740418530E-001
         352  -6.610769195613575E-001  -8.024550117550717E-001
         353  -6.610769195613575E-001   8.024550117550717E-001
         354  -4.569955762686942E-001  -8.528288968833702E-001
         355  -4.569955762686942E-001   8.528288968833702E-001
         356  -4.078792811535230E-001  -8.447961643676365E-001
         357  -4.078792811535230E-001   8.447961643676365E-001
         358  -5.519660097280336E-001  -8.236571415062156E-001
         359  -5.519660097280336E-001   8.236571415062156E-001
         360  -6.132160162624678E-001  -8.001269285058152E-001
         361  -6.132160162624678E-001   8.001269285058152E-001
         362  -3.852379542442697E-001  -8.242046736834899E-001
         363  -3.852379542442697E-001   8.242046736834899E-001
         364  -1.826203945097839E-001  -8.021184896962784E-001
         365  -1.826203945097839E-001   8.021184896962784E-001
         366  -9.709817658203664E-001  -5.019735633124136E-001
         367  -9.709817658203664E-001   5.019735633124136E-001
         368  -7.260368763042664E-001  -7.253111395147039E-001
         369  -7.260368763042664E-001   7.253111395147039E-001
         370  -6.964548694959473E-001  -7.360606335234676E-001
         371  -6.964548694959473E-001   7.360606335234676E-001
         372  -8.473936881553416E-001  -6.262626386319802E-001
         373  -8.473936881553416E-001   6.262626386319802E-001
         374  -4.575478933284253E-001  -7.789504758579907E-001
         375  -4.575478933284253E-001   7.789504758579907E-001
         376  -6.279557874345543E-001  -7.435810299892708E-001
         377  -6.279557874345543E-001   7.435810299892708E-001
         378  -5.566998469157090E-001  -7.649307057594321E-001
         379  -5.566998469157090E-001   7.649307057594321E-001
         380  -9.766340526797610E-001  -4.310211231739498E-001
         381  -9.766340526797610E-001   4.310211231739498E-001
         382  -8.423704483403327E-001  -5.914813827877664E-001
         383  -8.423704483403327E-001   5.914813827877664E-001
         384  -6.998244512029137E-001  -6.786928444613659E-001
         385  -6.998244512029137E-001   6.786928444613659E-001
         386  -8.776203665764637E-001  -5.239730345512066E-001
         387  -8.776203665764637E-001   5.239730345512066E-001
         388  -5.672841783681675E-001  -6.983113793336150E-001
         389  -5.672841783681675E-001   6.983113793336150E-001
         390  -7.032550645359215E-001  -6.439490399351089E-001
         391  -7.032550645359215E-001   6.439490399351089E-001
         392  -7.339536950150218E-001  -6.310897879081344E-001
         393  -7.339536950150218E-001   6.310897879081344E-001
         394  -8.068316571432318E-001  -5.632642780664228E-001
         395  -8.068316571432318E-001   5.632642780664228E-001
         396  -6.323411002385506E-001  -6.425288803564884E-001
         397  -6.323411002385506E-001   6.425288803564884E-001
         398  -7.073654826555267E-001  -6.031686826541874E-001
         399  -7.073654826555267E-001   6.031686826541874E-001
         400  -7.515553470061530E-001  -5.819383154232419E-001
         401  -7.515553470061530E-001   5.819383154232419E-001
         402  -7.319912703891486E-001  -5.787632487994684E-001
         403  -7.319912703891486E-001   5.787632487994684E-001
         404  -8.908146065149999E-001  -4.231275131192583E-001
         405  -8.908146065149999E-001   4.231275131192583E-001
         406  -8.683034423765921E-001  -4.460759304892803E-001
         407  -8.683034423765921E-001   4.460759304892803E-001
         408  -9.520500612529081E-001  -2.679972009499475E-001
         409  -9.520500612529081E-001   2.679972009499475E-001
         410  -9.839753218591119E-001  -1.336738944957486E-001
         411  -9.839753218591119E-001   1.336738944957486E-001
         412  -9.836963418726121E-001  -6.297536180154373E-002
         413  -9.836963418726121E-001   6.297536180154373E-002
         414  -7.158115882058542E-001  -5.340240839423123E-001
         415  -7.158115882058542E-001   5.340240839423123E-001
         416  -7.886661062699906E-001  -4.652779026437895E-001
         417  -7.886661062699906E-001   4.652779026437895E-001
         418  -8.041501028628841E-001  -4.302792241418937E-001
         419  -8.041501028628841E-001   4.302792241418937E-001
         420  -7.719305751817023E-001  -4.537617110758242E-001
         421  -7.719305751817023E-001   4.537617110758242E-001
         422  -8.571088498654822E-001  -3.519485404734336E-001
         423  -8.571088498654822E-001   3.519485404734336E-001
         424  -7.083380785284206E-001  -4.640181016284042E-001
         425  -7.083380785284206E-001   4.640181016284042E-001
         426  -9.163403134859951E-001  -1.663228758764565E-001
         427  -9.163403134859951E-001   1.663228758764565E-001
         428  -8.245123648254333E-001  -3.375560485276460E-001
         429  -8.245123648254333E-001   3.375560485276460E-001
         430  -8.023274450049487E-001  -3.535961348266609E-001
         431  -8.023274450049487E-001   3.535961348266609E-001
         432  -8.943584706150612E-001  -1.740082592863211E-001
         433  -8.943584706150612E-001   1.740082592863211E-001
         434  -8.219547432546827E-001  -3.119624308717274E-001
         435  -8.219547432546827E-001   3.119624308717274E-001
         436  -8.664206747044099E-001  -2.291340069647512E-001
         437  -8.664206747044099E-001   2.291340069647512E-001
         438  -8.185773691231087E-001  -2.926547391303385E-001
         439  -8.185773691231087E-001   2.926547391303385E-001
         440  -8.421432513772433E-001  -2.529561288146683E-001
         441  -8.421432513772433E-001   2.529561288146683E-001
         442  -8.784262280292701E-001  -4.353368317748513E-002
         443  -8.784262280292701E-001   4.353368317748513E-002
         444  -8.751009563479021E-001  -2.893437070504520E-003
         445  -8.751009563479021E-001   2.893437070504520E-003
         446  -8.494608159883207E-001  -2.112399908616712E-002
         447  -8.494608159883207E-001   2.112399908616712E-002
         448  -8.460213963806045E-001  -1.414752026254999E-001
         449  -8.460213963806045E-001   1.414752026254999E-001
         450  -8.376570144583837E-001  -1.669035500264860E-001
         451  -8.376570144583837E-001   1.669035500264860E-001
         452  -8.260129376422414E-001  -1.857055881925511E-001
         453  -8.260129376422414E-001   1.857055881925511E-001
         454  -7.422425845748717E-001  -3.844924259660969E-001
         455  -7.422425845748717E-001   3.844924259660969E-001
         456  -4.965966189978768E-001  -6.387008543611693E-001
         457  -4.965966189978768E-001   6.387008543611693E-001
         458  -5.615742115091369E-001  -5.860564636072178E-001
         459  -5.615742115091369E-001   5.860564636072178E-001
         460  -3.556708321874594E-001  -7.025899341848872E-001
         461  -3.556708321874594E-001   7.025899341848872E-001
         462  -3.948277154596507E-001  -6.525120406200582E-001
         463  -3.948277154596507E-001   6.525120406200582E-001
         464  -2.266880363490722E-001  -7.319478298525155E-001
         465  -2.266880363490722E-001   7.319478298525155E-001
         466  -2.946748480627427E-001  -6.934822933935190E-001
         467  -2.946748480627427E-001   6.934822933935190E-001
         468  -2.466508518818787E-001  -7.095602027192488E-001
         469  -2.466508518818787E-001   7.095602027192488E-001
         470   4.654798185777687E-003  -7.419498106468239E-001
         471   4.654798185777687E-003   7.419498106468239E-001
         472  -1.299383548739430E-001  -7.200410489381902E-001
         473  -1.299383548739430E-001   7.200410489381902E-001
         474  -4.010492060630159E-001  -5.931271731078178E-001
         475  -4.010492060630159E-001   5.931271731078178E-001
         476  -5.090499975516759E-001  -5.310076952828366E-001
         477  -5.090499975516759E-001   5.310076952828366E-001
         478  -5.245416014276263E-001  -4.998018945712822E-001
         479  -5.245416014276263E-001   4.998018945712822E-001
         480   4.108842540793274E-002  -6.944532863600438E-001
         481   4.108842540793274E-002   6.944532863600438E-001
         482  -6.167337910268733E-001  -3.464038905691488E-001
         483  -6.167337910268733E-001   3.464038905691488E-001
         484  -7.370444441542743E-001   0.000000000000000E+000
         485  -6.379701785122782E-001  -2.149383023063174E-001
         486  -6.379701785122782E-001   2.149383023063174E-001
         487  -6.470663514875047E-001  -1.428413699178352E-001
         488  -6.470663514875047E-001   1.428413699178352E-001
         489  -6.360878386107859E-001  -3.823122759860941E-002
         490  -6.360878386107859E-001   3.823122759860941E-002
         491  -6.287931799937505E-001   0.000000000000000E+000
         492  -5.823245610410832E-001   0.000000000000000E+000
         493  -5.494558285557547E-001  -2.126612107733193E-001
         494  -5.494558285557547E-001   2.126612107733193E-001
         495  -5.566076559373885E-001  -1.472153548328544E-001
         496  -5.566076559373885E-001   1.472153548328544E-001
         497   1.051470927614756E-001  -6.593086021133778E-001
         498   1.051470927614756E-001   6.593086021133778E-001
         499  -4.658961394981594E-001  -2.624606467260048E-001
         500  -4.658961394981594E-001   2.624606467260048E-001
         501  -3.877699247425186E-001  -2.991825716533302E-001
         502  -3.877699247425186E-001   2.991825716533302E-001
         503  -3.637729720733172E-001  -3.287603760846482E-001
         504  -3.637729720733172E-001   3.287603760846482E-001
         505   2.042126152365451E-001  -6.203338181743661E-001
         506   2.042126152365451E-001   6.203338181743661E-001
         507   2.814329854239734E-001  -6.000193285030422E-001
         508   2.814329854239734E-001   6.000193285030422E-001
         509   2.362615399933848E-001  -6.006747915825302E-001
         510   2.362615399933848E-001   6.006747915825302E-001
         511  -2.905486075969314E-001  -3.582999652212629E-001
         512  -2.905486075969314E-001   3.582999652212629E-001
         513  -2.587296016537412E-001  -3.738140660824718E-001
         514  -2.587296016537412E-001   3.738140660824718E-001
         515  -1.940774948327810E-001  -3.901975285927206E-001
         516  -1.940774948327810E-001   3.901975285927206E-001
         517  -1.381229814235976E-001  -4.020345335990658E-001
         518  -1.381229814235976E-001   4.020345335990658E-001
         519  -1.048640272831068E-001  -4.011399030283090E-001
         520  -1.048640272831068E-001   4.011399030283090E-001
         521  -5.711660407916283E-002  -3.983243905635393E-001
         522  -5.711660407916283E-002   3.983243905635393E-001
         523  -2.677648981492310E-002  -4.027942375528655E-001
         524  -2.677648981492310E-002   4.027942375528655E-001
         525   3.338347677899854E-001  -4.731310200660845E-001
         526   3.338347677899854E-001   4.731310200660845E-001
         527   2.490890939326640E-002  -3.892639320149878E-001
         528   2.490890939326640E-002   3.892639320149878E-001
         529   5.650774925957118E-002  -3.863104588271179E-001
         530   5.650774925957118E-002   3.863104588271179E-001
         531   1.003246121824480E-001  -3.650942750230423E-001
         532   1.003246121824480E-001   3.650942750230423E-001
         533   3.837518938022081E-001  -3.987519803556220E-001
         534   3.837518938022081E-001   3.987519803556220E-001
         535   1.463161352601275E-001  -3.515813787262581E-001
         536   1.463161352601275E-001   3.515813787262581E-001
         537   1.685404998926490E-001  -3.317824980907384E-001
         538   1.685404998926490E-001   3.317824980907384E-001
         539   3.924415024457908E-001  -3.512418854858503E-001
         540   3.924415024457908E-001   3.512418854858503E-001
         541   2.071306067913548E-001  -3.167854832047108E-001
         542   2.071306067913548E-001   3.167854832047108E-001
         543   4.045912274077261E-001  -3.176978047899624E-001
         544   4.045912274077261E-001   3.176978047899624E-001
         545   4.214456656224080E-001  -2.879005188828957E-001
         546   4.214456656224080E-001   2.879005188828957E-001
         547   3.162093974355112E-001  -2.928215006516757E-001
         548   3.162093974355112E-001   2.928215006516757E-001
         549   2.641176216286335E-001  -2.758898926999717E-001
         550   2.641176216286335E-001   2.758898926999717E-001
         551   4.263268079673611E-001  -2.479888657342655E-001
         552   4.263268079673611E-001   2.479888657342655E-001
         553   3.049359913976437E-001  -2.563172637533708E-001
         554   3.049359913976437E-001   2.563172637533708E-001
         555   3.005468054689421E-001  -2.246252435626139E-001
         556   3.005468054689421E-001   2.246252435626139E-001
         557   4.393226132218916E-001  -1.910182762163035E-001
         558   4.393226132218916E-001   1.910182762163035E-001
         559   3.323891718174635E-001  -1.833110425125771E-001
         560   3.323891718174635E-001   1.833110425125771E-001
         561   3.565174552557544E-001  -1.655709218256116E-001
         562   3.565174552557544E-001   1.655709218256116E-001
         563   4.505414386874433E-001  -1.050736929836935E-001
         564   4.505414386874433E-001   1.050736929836935E-001
         565   2.945449092458139E-001   0.000000000000000E+000
         566   3.792353869888780E-001  -1.168262153437422E-001
         567   3.792353869888780E-001   1.168262153437422E-001
         568   4.313963258916590E-001  -8.497859328281397E-002
         569   4.313963258916590E-001   8.497859328281397E-002
         570   4.245722361750648E-001  -6.105483766790282E-002
         571   4.245722361750648E-001   6.105483766790282E-002
         572   4.172060539944323E-001  -4.016766887419081E-002
         573   4.172060539944323E-001   4.016766887419081E-002
         574   4.400814057782452E-001   0.000000000000000E+000
         575   4.132734956971484E-001   0.000000000000000E+000
         576   4.242195866365644E-001   0.000000000000000E+000



           - AUTOVALORES DIFERENTES E REAIS e positivos - 
          REAL
           1   2.945449092458139E-001
           2   4.132734956971484E-001
           3   4.242195866365644E-001
           4   4.400814057782452E-001
           5   8.907009183896910E-001
           6   9.074234068678672E-001
           7        1.414168403893067
           8        2.266432022860085
**** singularity in row  135
