 ************************************************************************************************************************
                         Exem


data

  number of boundary elements= 80

  number of functional nodes= 84

  number of internal source points where the funct. is calculated=144




  coordinates of the source points of the boundary el ements

    point          x                  y
        1       .0000000E+00       .0000000E+00
        2       .5000000E-01       .0000000E+00
        3       .1000000E+00       .0000000E+00
        4       .1500000E+00       .0000000E+00
        5       .2000000E+00       .0000000E+00
        6       .2500000E+00       .0000000E+00
        7       .3000000E+00       .0000000E+00
        8       .3500000E+00       .0000000E+00
        9       .4000000E+00       .0000000E+00
       10       .4500000E+00       .0000000E+00
       11       .5000000E+00       .0000000E+00
       12       .5500000E+00       .0000000E+00
       13       .6000000E+00       .0000000E+00
       14       .6500000E+00       .0000000E+00
       15       .7000000E+00       .0000000E+00
       16       .7500000E+00       .0000000E+00
       17       .8000000E+00       .0000000E+00
       18       .8500000E+00       .0000000E+00
       19       .9000000E+00       .0000000E+00
       20       .9500000E+00       .0000000E+00
       21       .1000000E+01       .0000000E+00
       22       .1000000E+01       .0000000E+00
       23       .1000000E+01       .5000000E-01
       24       .1000000E+01       .1000000E+00
       25       .1000000E+01       .1500000E+00
       26       .1000000E+01       .2000000E+00
       27       .1000000E+01       .2500000E+00
       28       .1000000E+01       .3000000E+00
       29       .1000000E+01       .3500000E+00
       30       .1000000E+01       .4000000E+00
       31       .1000000E+01       .4500000E+00
       32       .1000000E+01       .5000000E+00
       33       .1000000E+01       .5500000E+00
       34       .1000000E+01       .6000000E+00
       35       .1000000E+01       .6500000E+00
       36       .1000000E+01       .7000000E+00
       37       .1000000E+01       .7500000E+00
       38       .1000000E+01       .8000000E+00
       39       .1000000E+01       .8500000E+00
       40       .1000000E+01       .9000000E+00
       41       .1000000E+01       .9500000E+00
       42       .1000000E+01       .1000000E+01
       43       .1000000E+01       .1000000E+01
       44       .9500000E+00       .1000000E+01
       45       .9000000E+00       .1000000E+01
       46       .8500000E+00       .1000000E+01
       47       .8000000E+00       .1000000E+01
       48       .7500000E+00       .1000000E+01
       49       .7000000E+00       .1000000E+01
       50       .6500000E+00       .1000000E+01
       51       .6000000E+00       .1000000E+01
       52       .5500000E+00       .1000000E+01
       53       .5000000E+00       .1000000E+01
       54       .4500000E+00       .1000000E+01
       55       .4000000E+00       .1000000E+01
       56       .3500000E+00       .1000000E+01
       57       .3000000E+00       .1000000E+01
       58       .2500000E+00       .1000000E+01
       59       .2000000E+00       .1000000E+01
       60       .1500000E+00       .1000000E+01
       61       .1000000E+00       .1000000E+01
       62       .5000000E-01       .1000000E+01
       63       .0000000E+00       .1000000E+01
       64       .0000000E+00       .1000000E+01
       65       .0000000E+00       .9500000E+00
       66       .0000000E+00       .9000000E+00
       67       .0000000E+00       .8500000E+00
       68       .0000000E+00       .8000000E+00
       69       .0000000E+00       .7500000E+00
       70       .0000000E+00       .7000000E+00
       71       .0000000E+00       .6500000E+00
       72       .0000000E+00       .6000000E+00
       73       .0000000E+00       .5500000E+00
       74       .0000000E+00       .5000000E+00
       75       .0000000E+00       .4500000E+00
       76       .0000000E+00       .4000000E+00
       77       .0000000E+00       .3500000E+00
       78       .0000000E+00       .3000000E+00
       79       .0000000E+00       .2500000E+00
       80       .0000000E+00       .2000000E+00
       81       .0000000E+00       .1500000E+00
       82       .0000000E+00       .1000000E+00
       83       .0000000E+00       .5000000E-01
       84       .0000000E+00       .0000000E+00
       85       .4167000E-01       .4167000E-01
       86       .1250000E+00       .4167000E-01
       87       .2083300E+00       .4167000E-01
       88       .2916700E+00       .4167000E-01
       89       .3750000E+00       .4167000E-01
       90       .4583300E+00       .4167000E-01
       91       .5416700E+00       .4167000E-01
       92       .6250000E+00       .4167000E-01
       93       .7083300E+00       .4167000E-01
       94       .7916700E+00       .4167000E-01
       95       .8750000E+00       .4167000E-01
       96       .9583300E+00       .4167000E-01
       97       .4167000E-01       .1250000E+00
       98       .1250000E+00       .1250000E+00
       99       .2083300E+00       .1250000E+00
      100       .2916700E+00       .1250000E+00
      101       .3750000E+00       .1250000E+00
      102       .4583300E+00       .1250000E+00
      103       .5416700E+00       .1250000E+00
      104       .6250000E+00       .1250000E+00
      105       .7083300E+00       .1250000E+00
      106       .7916700E+00       .1250000E+00
      107       .8750000E+00       .1250000E+00
      108       .9583300E+00       .1250000E+00
      109       .4167000E-01       .2083300E+00
      110       .1250000E+00       .2083300E+00
      111       .2083300E+00       .2083300E+00
      112       .2916700E+00       .2083300E+00
      113       .3750000E+00       .2083300E+00
      114       .4583300E+00       .2083300E+00
      115       .5416700E+00       .2083300E+00
      116       .6250000E+00       .2083300E+00
      117       .7083300E+00       .2083300E+00
      118       .7916700E+00       .2083300E+00
      119       .8750000E+00       .2083300E+00
      120       .9583300E+00       .2083300E+00
      121       .4167000E-01       .2916700E+00
      122       .1250000E+00       .2916700E+00
      123       .2083300E+00       .2916700E+00
      124       .2916700E+00       .2916700E+00
      125       .3750000E+00       .2916700E+00
      126       .4583300E+00       .2916700E+00
      127       .5416700E+00       .2916700E+00
      128       .6250000E+00       .2916700E+00
      129       .7083300E+00       .2916700E+00
      130       .7916700E+00       .2916700E+00
      131       .8750000E+00       .2916700E+00
      132       .9583300E+00       .2916700E+00
      133       .4167000E-01       .3750000E+00
      134       .1250000E+00       .3750000E+00
      135       .2083300E+00       .3750000E+00
      136       .2916700E+00       .3750000E+00
      137       .3750000E+00       .3750000E+00
      138       .4583300E+00       .3750000E+00
      139       .5416700E+00       .3750000E+00
      140       .6250000E+00       .3750000E+00
      141       .7083300E+00       .3750000E+00
      142       .7916700E+00       .3750000E+00
      143       .8750000E+00       .3750000E+00
      144       .9583300E+00       .3750000E+00
      145       .4167000E-01       .4583300E+00
      146       .1250000E+00       .4583300E+00
      147       .2083300E+00       .4583300E+00
      148       .2916700E+00       .4583300E+00
      149       .3750000E+00       .4583300E+00
      150       .4583300E+00       .4583300E+00
      151       .5416700E+00       .4583300E+00
      152       .6250000E+00       .4583300E+00
      153       .7083300E+00       .4583300E+00
      154       .7916700E+00       .4583300E+00
      155       .8750000E+00       .4583300E+00
      156       .9583300E+00       .4583300E+00
      157       .4167000E-01       .5416700E+00
      158       .1250000E+00       .5416700E+00
      159       .2083300E+00       .5416700E+00
      160       .2916700E+00       .5416700E+00
      161       .3750000E+00       .5416700E+00
      162       .4583300E+00       .5416700E+00
      163       .5416700E+00       .5416700E+00
      164       .6250000E+00       .5416700E+00
      165       .7083300E+00       .5416700E+00
      166       .7916700E+00       .5416700E+00
      167       .8750000E+00       .5416700E+00
      168       .9583300E+00       .5416700E+00
      169       .4167000E-01       .6250000E+00
      170       .1250000E+00       .6250000E+00
      171       .2083300E+00       .6250000E+00
      172       .2916700E+00       .6250000E+00
      173       .3750000E+00       .6250000E+00
      174       .4583300E+00       .6250000E+00
      175       .5416700E+00       .6250000E+00
      176       .6250000E+00       .6250000E+00
      177       .7083300E+00       .6250000E+00
      178       .7916700E+00       .6250000E+00
      179       .8750000E+00       .6250000E+00
      180       .9583300E+00       .6250000E+00
      181       .4167000E-01       .7083300E+00
      182       .1250000E+00       .7083300E+00
      183       .2083300E+00       .7083300E+00
      184       .2916700E+00       .7083300E+00
      185       .3750000E+00       .7083300E+00
      186       .4583300E+00       .7083300E+00
      187       .5416700E+00       .7083300E+00
      188       .6250000E+00       .7083300E+00
      189       .7083300E+00       .7083300E+00
      190       .7916700E+00       .7083300E+00
      191       .8750000E+00       .7083300E+00
      192       .9583300E+00       .7083300E+00
      193       .4167000E-01       .7916700E+00
      194       .1250000E+00       .7916700E+00
      195       .2083300E+00       .7916700E+00
      196       .2916700E+00       .7916700E+00
      197       .3750000E+00       .7916700E+00
      198       .4583300E+00       .7916700E+00
      199       .5416700E+00       .7916700E+00
      200       .6250000E+00       .7916700E+00
      201       .7083300E+00       .7916700E+00
      202       .7916700E+00       .7916700E+00
      203       .8750000E+00       .7916700E+00
      204       .9583300E+00       .7916700E+00
      205       .4167000E-01       .8750000E+00
      206       .1250000E+00       .8750000E+00
      207       .2083300E+00       .8750000E+00
      208       .2916700E+00       .8750000E+00
      209       .3750000E+00       .8750000E+00
      210       .4583300E+00       .8750000E+00
      211       .5416700E+00       .8750000E+00
      212       .6250000E+00       .8750000E+00
      213       .7083300E+00       .8750000E+00
      214       .7916700E+00       .8750000E+00
      215       .8750000E+00       .8750000E+00
      216       .9583300E+00       .8750000E+00
      217       .4167000E-01       .9583300E+00
      218       .1250000E+00       .9583300E+00
      219       .2083300E+00       .9583300E+00
      220       .2916700E+00       .9583300E+00
      221       .3750000E+00       .9583300E+00
      222       .4583300E+00       .9583300E+00
      223       .5416700E+00       .9583300E+00
      224       .6250000E+00       .9583300E+00
      225       .7083300E+00       .9583300E+00
      226       .7916700E+00       .9583300E+00
      227       .8750000E+00       .9583300E+00
      228       .9583300E+00       .9583300E+00


  boundary conditions

     node      code     prescribed value
       1        0         84          .0000000E+00
       2        0          0          .0000000E+00
       3        0          0          .0000000E+00
       4        0          0          .0000000E+00
       5        0          0          .0000000E+00
       6        0          0          .0000000E+00
       7        0          0          .0000000E+00
       8        0          0          .0000000E+00
       9        0          0          .0000000E+00
      10        0          0          .0000000E+00
      11        0          0          .0000000E+00
      12        0          0          .0000000E+00
      13        0          0          .0000000E+00
      14        0          0          .0000000E+00
      15        0          0          .0000000E+00
      16        0          0          .0000000E+00
      17        0          0          .0000000E+00
      18        0          0          .0000000E+00
      19        0          0          .0000000E+00
      20        0          0          .0000000E+00
      21        0         22          .0000000E+00
      22        0         21          .0000000E+00
      23        0          0          .0000000E+00
      24        0          0          .0000000E+00
      25        0          0          .0000000E+00
      26        0          0          .0000000E+00
      27        0          0          .0000000E+00
      28        0          0          .0000000E+00
      29        0          0          .0000000E+00
      30        0          0          .0000000E+00
      31        0          0          .0000000E+00
      32        0          0          .0000000E+00
      33        0          0          .0000000E+00
      34        0          0          .0000000E+00
      35        0          0          .0000000E+00
      36        0          0          .0000000E+00
      37        0          0          .0000000E+00
      38        0          0          .0000000E+00
      39        0          0          .0000000E+00
      40        0          0          .0000000E+00
      41        0          0          .0000000E+00
      42        0         43          .0000000E+00
      43        0         42          .0000000E+00
      44        0          0          .0000000E+00
      45        0          0          .0000000E+00
      46        0          0          .0000000E+00
      47        0          0          .0000000E+00
      48        0          0          .0000000E+00
      49        0          0          .0000000E+00
      50        0          0          .0000000E+00
      51        0          0          .0000000E+00
      52        0          0          .0000000E+00
      53        0          0          .0000000E+00
      54        0          0          .0000000E+00
      55        0          0          .0000000E+00
      56        0          0          .0000000E+00
      57        0          0          .0000000E+00
      58        0          0          .0000000E+00
      59        0          0          .0000000E+00
      60        0          0          .0000000E+00
      61        0          0          .0000000E+00
      62        0          0          .0000000E+00
      63        0         64          .0000000E+00
      64        0         63          .0000000E+00
      65        0          0          .0000000E+00
      66        0          0          .0000000E+00
      67        0          0          .0000000E+00
      68        0          0          .0000000E+00
      69        0          0          .0000000E+00
      70        0          0          .0000000E+00
      71        0          0          .0000000E+00
      72        0          0          .0000000E+00
      73        0          0          .0000000E+00
      74        0          0          .0000000E+00
      75        0          0          .0000000E+00
      76        0          0          .0000000E+00
      77        0          0          .0000000E+00
      78        0          0          .0000000E+00
      79        0          0          .0000000E+00
      80        0          0          .0000000E+00
      81        0          0          .0000000E+00
      82        0          0          .0000000E+00
      83        0          0          .0000000E+00
      84        0          1          .0000000E+00


  incidence of geometric nodes

      first node      second node

       1          1       2
       2          2       3
       3          3       4
       4          4       5
       5          5       6
       6          6       7
       7          7       8
       8          8       9
       9          9      10
      10         10      11
      11         11      12
      12         12      13
      13         13      14
      14         14      15
      15         15      16
      16         16      17
      17         17      18
      18         18      19
      19         19      20
      20         20      21
      21         22      23
      22         23      24
      23         24      25
      24         25      26
      25         26      27
      26         27      28
      27         28      29
      28         29      30
      29         30      31
      30         31      32
      31         32      33
      32         33      34
      33         34      35
      34         35      36
      35         36      37
      36         37      38
      37         38      39
      38         39      40
      39         40      41
      40         41      42
      41         43      44
      42         44      45
      43         45      46
      44         46      47
      45         47      48
      46         48      49
      47         49      50
      48         50      51
      49         51      52
      50         52      53
      51         53      54
      52         54      55
      53         55      56
      54         56      57
      55         57      58
      56         58      59
      57         59      60
      58         60      61
      59         61      62
      60         62      63
      61         64      65
      62         65      66
      63         66      67
      64         67      68
      65         68      69
      66         69      70
      67         70      71
      68         71      72
      69         72      73
      70         73      74
      71         74      75
      72         75      76
      73         76      77
      74         77      78
      75         78      79
      76         79      80
      77         80      81
      78         81      82
      79         82      83
      80         83      84
 NOVAS COORDENADAS DOS NOS DUPLOS
      .0010      .0000
      .0500      .0000
      .1000      .0000
      .1500      .0000
      .2000      .0000
      .2500      .0000
      .3000      .0000
      .3500      .0000
      .4000      .0000
      .4500      .0000
      .5000      .0000
      .5500      .0000
      .6000      .0000
      .6500      .0000
      .7000      .0000
      .7500      .0000
      .8000      .0000
      .8500      .0000
      .9000      .0000
      .9500      .0000
      .9990      .0000
     1.0000      .0010
     1.0000      .0500
     1.0000      .1000
     1.0000      .1500
     1.0000      .2000
     1.0000      .2500
     1.0000      .3000
     1.0000      .3500
     1.0000      .4000
     1.0000      .4500
     1.0000      .5000
     1.0000      .5500
     1.0000      .6000
     1.0000      .6500
     1.0000      .7000
     1.0000      .7500
     1.0000      .8000
     1.0000      .8500
     1.0000      .9000
     1.0000      .9500
     1.0000      .9990
      .9990     1.0000
      .9500     1.0000
      .9000     1.0000
      .8500     1.0000
      .8000     1.0000
      .7500     1.0000
      .7000     1.0000
      .6500     1.0000
      .6000     1.0000
      .5500     1.0000
      .5000     1.0000
      .4500     1.0000
      .4000     1.0000
      .3500     1.0000
      .3000     1.0000
      .2500     1.0000
      .2000     1.0000
      .1500     1.0000
      .1000     1.0000
      .0500     1.0000
      .0010     1.0000
      .0000      .9990
      .0000      .9500
      .0000      .9000
      .0000      .8500
      .0000      .8000
      .0000      .7500
      .0000      .7000
      .0000      .6500
      .0000      .6000
      .0000      .5500
      .0000      .5000
      .0000      .4500
      .0000      .4000
      .0000      .3500
      .0000      .3000
      .0000      .2500
      .0000      .2000
      .0000      .1500
      .0000      .1000
      .0000      .0500
      .0000      .0010
   
 VALORES DE DFI  ************************************
      1   .0000
      2   .0000
      3   .0000
      4   .0000
      5   .0000
      6   .0000
      7   .0000
      8   .0000
      9   .0000
     10   .0000
     11   .0000
     12   .0000
     13   .0000
     14   .0000
     15   .0000
     16   .0000
     17   .0000
     18   .0000
     19   .0000
     20   .0000
     21   .0000
     22   .0000
     23   .0000
     24   .0000
     25   .0000
     26   .0000
     27   .0000
     28   .0000
     29   .0000
     30   .0000
     31   .0000
     32   .0000
     33   .0000
     34   .0000
     35   .0000
     36   .0000
     37   .0000
     38   .0000
     39   .0000
     40   .0000
     41   .0000
     42   .0000
     43   .0000
     44   .0000
     45   .0000
     46   .0000
     47   .0000
     48   .0000
     49   .0000
     50   .0000
     51   .0000
     52   .0000
     53   .0000
     54   .0000
     55   .0000
     56   .0000
     57   .0000
     58   .0000
     59   .0000
     60   .0000
     61   .0000
     62   .0000
     63   .0000
     64   .0000
     65   .0000
     66   .0000
     67   .0000
     68   .0000
     69   .0000
     70   .0000
     71   .0000
     72   .0000
     73   .0000
     74   .0000
     75   .0000
     76   .0000
     77   .0000
     78   .0000
     79   .0000
     80   .0000
     81   .0000
     82   .0000
     83   .0000
     84   .0000
     85   .0000
     86   .0000
     87   .0000
     88   .0000
     89   .0000
     90   .0000
     91   .0000
     92   .0000
     93   .0000
     94   .0000
     95   .0000
     96   .0000
     97   .0000
     98   .0000
     99   .0000
    100   .0000
    101   .0000
    102   .0000
    103   .0000
    104   .0000
    105   .0000
    106   .0000
    107   .0000
    108   .0000
    109   .0000
    110   .0000
    111   .0000
    112   .0000
    113   .0000
    114   .0000
    115   .0000
    116   .0000
    117   .0000
    118   .0000
    119   .0000
    120   .0000
    121   .0000
    122   .0000
    123   .0000
    124   .0000
    125   .0000
    126   .0000
    127   .0000
    128   .0000
    129   .0000
    130   .0000
    131   .0000
    132   .0000
    133   .0000
    134   .0000
    135   .0000
    136   .0000
    137   .0000
    138   .0000
    139   .0000
    140   .0000
    141   .0000
    142   .0000
    143   .0000
    144   .0000
    145   .0000
    146   .0000
    147   .0000
    148   .0000
    149   .0000
    150   .0000
    151   .0000
    152   .0000
    153   .0000
    154   .0000
    155   .0000
    156   .0000
    157   .0000
    158   .0000
    159   .0000
    160   .0000
    161   .0000
    162   .0000
    163   .0000
    164   .0000
    165   .0000
    166   .0000
    167   .0000
    168   .0000
    169   .0000
    170   .0000
    171   .0000
    172   .0000
    173   .0000
    174   .0000
    175   .0000
    176   .0000
    177   .0000
    178   .0000
    179   .0000
    180   .0000
    181   .0000
    182   .0000
    183   .0000
    184   .0000
    185   .0000
    186   .0000
    187   .0000
    188   .0000
    189   .0000
    190   .0000
    191   .0000
    192   .0000
    193   .0000
    194   .0000
    195   .0000
    196   .0000
    197   .0000
    198   .0000
    199   .0000
    200   .0000
    201   .0000
    202   .0000
    203   .0000
    204   .0000
    205   .0000
    206   .0000
    207   .0000
    208   .0000
    209   .0000
    210   .0000
    211   .0000
    212   .0000
    213   .0000
    214   .0000
    215   .0000
    216   .0000
    217   .0000
    218   .0000
    219   .0000
    220   .0000
    221   .0000
    222   .0000
    223   .0000
    224   .0000
    225   .0000
    226   .0000
    227   .0000
    228   .0000
   
 VALORES DE WR_POS ORIGINAIS ************************
      1    .00000
      2    .00000
      3    .00000
      4    .00000
      5    .00000
      6    .00000
      7    .00000
      8    .00000
      9    .00000
     10    .00000
     11    .00000
     12    .00000
     13    .00000
     14    .00000
     15    .00000
     16    .00000
     17    .00000
     18    .00000
     19    .00000
     20    .00000
     21    .00000
     22    .00000
     23    .00000
     24    .00000
     25    .00000
     26    .00000
     27    .00000
     28    .00000
     29    .00000
     30    .00000
     31    .00000
     32    .00000
     33    .00000
     34    .00000
     35    .00000
     36    .00000
     37    .00000
     38    .00000
     39    .00000
     40    .00000
     41    .00000
     42    .00000
     43    .00000
     44    .00000
     45    .00000
     46    .00000
     47    .00000
     48    .00000
     49    .00000
     50    .00000
     51    .00000
     52    .00000
     53    .00000
     54    .00000
     55    .00000
     56    .00000
     57    .00000
     58    .00000
     59    .00000
     60    .00000
     61    .00000
     62    .00000
     63    .00000
     64    .00000
     65    .00000
     66    .00000
     67    .00000
     68    .00000
     69    .00000
     70    .00000
     71    .00000
     72    .00000
     73    .00000
     74    .00000
     75    .00000
     76    .00000
     77    .00000
     78    .00000
     79    .00000
     80    .00000
     81    .00000
     82    .00000
     83    .00000
     84    .00000
     85    .00000
     86    .00000
     87    .00000
     88    .00000
     89    .00000
     90    .00000
     91    .00000
     92    .00000
     93    .00000
     94    .00000
     95    .00000
     96    .00000
     97    .00000
     98    .00000
     99    .00000
    100    .00000
    101    .00000
    102    .00000
    103    .00000
    104    .00000
    105    .00000
    106    .00000
    107    .00000
    108    .00000
    109    .00000
    110    .00000
    111    .00000
    112    .00000
    113    .00000
    114    .00000
    115    .00000
    116    .00000
    117    .00000
    118    .00000
    119    .00000
    120    .00000
    121    .00000
    122    .00000
    123    .00000
    124    .00000
    125    .00000
    126    .00000
    127    .00000
    128    .00000
    129    .00000
    130    .00000
    131    .00000
    132    .00000
    133    .00000
    134    .00000
    135    .00000
    136    .00000
    137    .00000
    138    .00000
    139    .00000
    140    .00000
    141    .00000
    142    .00000
    143    .00000
    144    .00000
    145    .00000
    146    .00000
    147    .00000
    148    .00000
    149    .00000
    150    .00000
    151    .00000
    152    .00000
    153    .00000
    154    .00000
    155    .00000
    156    .00000
    157    .00000
    158    .00000
    159    .00000
    160    .00000
    161    .00000
    162    .00000
    163    .00000
    164    .00000
    165    .00000
    166    .00000
    167    .00000
    168    .00000
    169    .00000
    170    .00000
    171    .00000
    172    .00000
    173    .00000
    174    .00000
    175    .00000
    176    .00000
    177    .00000
    178    .00000
    179    .00000
    180    .00000
    181    .00000
    182    .00000
    183    .00000
    184    .00000
    185    .00000
    186    .00000
    187    .00000
    188    .00000
    189    .00000
    190    .00000
    191    .00000
    192    .00000
    193    .00000
    194    .00000
    195    .00000
    196    .00000
    197    .00000
    198    .00000
    199    .00000
    200    .00000
    201    .00000
    202    .00000
    203    .00000
    204    .00000
    205    .00000
    206    .00000
    207    .00000
    208    .00000
    209    .00000
    210    .00000
    211    .00000
    212    .00000
    213    .00000
    214    .00000
    215    .00000
    216    .00000
    217    .00000
    218    .00000
    219    .00000
    220    .00000
    221    .00000
    222    .00000
    223    .00000
    224    .00000
    225    .00000
    226    .00000
    227    .00000
    228    .00000
    229    .00000
    230    .00000
    231    .00000
    232    .00000
    233    .00000
    234    .00000
    235    .00000
    236    .00000
    237    .00000
    238    .00000
    239    .00000
    240    .00000
    241    .00000
    242    .00000
    243    .00000
    244    .00000
    245    .00000
    246    .00000
    247    .00000
    248    .00000
    249    .00000
    250    .00000
    251    .00000
    252    .00000
    253    .00000
    254    .00000
    255    .00000
    256    .00000
    257    .00000
    258    .00000
    259    .00000
    260    .00000
    261    .00000
    262    .00000
    263    .00000
    264    .00000
    265    .00000
    266    .00000
    267    .00000
    268    .00000
    269    .00000
    270    .00000
    271    .00000
    272    .00000
    273    .00000
    274    .00000
    275    .00000
    276    .00000
    277    .00000
    278    .00000
    279    .00000
    280    .00000
    281    .00000
    282    .00000
    283    .00000
    284    .00000
    285    .00000
    286    .00000
    287    .00000
    288    .00000
    289    .00000
    290    .00000
    291    .00000
    292    .00000
    293    .00000
    294    .00000
    295    .00000
    296    .00000
    297    .00000
    298    .00000
    299    .00000
    300    .00000
    301    .00000
    302    .00000
    303    .00000
    304    .00000
    305    .00000
    306    .00000
    307    .00000
    308    .00000
    309    .00000
    310    .00000
    311    .00000
    312    .00000
    313    .00000
    314    .00000
    315    .00000
    316    .00000
    317    .00000
    318    .00000
    319    .00000
    320    .00000
    321    .00000
    322    .00000
    323    .00000
    324    .00000
    325    .00000
    326    .00000
    327    .00000
    328    .00000
    329    .00000
    330    .00000
    331    .00000
    332    .00000
    333    .00000
    334    .00000
    335    .00000
    336    .00000
    337    .00000
    338    .00000
    339    .00000
    340    .00000
    341    .00000
    342    .00000
    343    .00000
    344    .00000
    345    .00000
    346    .00000
    347    .00000
    348    .00000
    349    .00000
    350    .00000
    351    .00000
    352    .00000
    353    .00000
    354    .00000
    355    .00000
    356    .00000
    357    .00000
    358    .00000
    359    .00000
    360    .00000
    361    .00000
    362    .00000
    363    .00000
    364    .00000
    365    .00000
    366    .00000
    367    .00000
    368    .00000
    369    .00000
    370    .00000
    371    .00000
    372    .00000
    373    .00000
    374    .00000
    375    .00000
    376    .00000
    377    .00000
    378    .00000
    379    .00000
    380    .00000
    381    .00000
    382    .00000
    383    .00000
    384    .00000
    385    .00000
    386    .00000
    387    .00000
    388    .00000
    389    .00000
    390    .00000
    391    .00000
    392    .00000
    393    .00000
    394    .00000
    395    .00000
    396    .00000
    397    .00000
    398    .00000
    399    .00000
    400    .00000
    401    .00000
    402    .00000
    403    .00000
    404    .00000
    405    .00000
    406    .00000
    407    .00000
    408    .00000
    409    .00000
    410    .00000
    411    .00000
    412    .00000
    413    .00000
    414    .00000
    415    .00000
    416    .00000
    417    .00000
    418    .00000
    419    .00000
    420    .00000
    421    .00000
    422    .00000
    423    .00000
    424    .00000
    425    .00000
    426    .00000
    427    .00000
    428    .00000
    429    .00000
    430    .00000
    431    .00000
    432    .00000
    433    .00000
    434    .00000
    435    .00000
    436    .00000
    437    .00000
    438    .00000
    439    .00000
    440    .00000
    441    .00000
    442    .00000
    443    .00000
    444    .00000
    445    .00000
    446    .00000
    447    .00000
    448    .00000
    449    .00000
    450    .00000
    451    .00000
    452    .00000
    453    .00000
    454    .00000
    455    .00000
    456    .00000
    457    .00000
    458    .00000
    459    .00000
    460    .00000
    461    .00000
    462    .00000
    463    .00000
    464    .00000
    465    .00000
    466    .00000
    467    .00000
    468    .00000
    469    .00000
    470    .00000
    471    .00000
    472    .00000
    473    .00000
    474    .00000
    475    .00000
    476    .00000
    477    .00000
    478    .00000
    479    .00000
    480    .00000
    481    .00000
    482    .00000
    483    .00000
    484    .00000
    485    .00000
    486    .00000
    487    .00000
    488    .00000
    489    .00000
    490    .00000
    491    .00000
    492    .00000
    493    .00000
    494    .00000
    495    .00000
    496    .00000
    497    .00000
    498    .00000
    499    .00000
    500    .00000
    501    .00000
    502    .00000
    503    .00000
    504    .00000
    505    .00000
    506    .00000
    507    .00000
    508    .00000
    509    .00000
    510    .00000
    511    .00000
    512    .00000
    513    .00000
    514    .00000
    515    .00000
    516    .00000
    517    .00000
    518    .00000
    519    .00000
    520    .00000
    521    .00000
    522    .00000
    523    .00000
    524    .00000
    525    .00000
    526    .00000
    527    .00000
    528    .00000
    529    .00000
    530    .00000
    531    .00000
    532    .00000
    533    .00000
    534    .00000
    535    .00000
    536    .00000
    537    .00000
    538    .00000
    539    .00000
    540    .00000
    541    .00000
    542    .00000
    543    .00000
    544    .00000
    545    .00000
    546    .00000
    547    .00000
    548    .00000
    549    .00000
    550    .00000
    551    .00000
    552    .00000
    553    .00000
    554    .00000
    555    .00000
    556    .00000
    557    .00000
    558    .00000
    559    .00000
    560    .00000
    561    .00000
    562    .00000
    563    .00000
    564    .00000
    565    .00000
    566    .00000
    567    .00000
    568    .00000
    569    .00000
    570    .00000
    571    .00000
    572    .00000
    573    .00000
    574    .00000
    575    .00000
    576    .00000
   
 VALORES DE WRA  ************************************
 WRA ORIGINAL POSSUIA         576 NUM., REDUZIDO PARA         275 NUM.
      1    .54697
      2   1.35213
      3    .85999
      4   1.07834
      5    .96299
      6   1.01903
      7    .99062
      8   1.00472
      9    .99765
     10   1.00118
     11    .99941
     12   1.00029
     13    .99985
     14   1.00007
     15    .99996
     16   1.00002
     17    .99999
     18   1.00000
     19   1.00000
     20   1.00000
     21   1.00000
     22   1.00000
     23   1.00000
     24   1.00000
     25   1.00000
     26   1.00000
     27   1.00000
     28   1.00000
     29   1.00000
     30   1.00000
     31   1.00000
     32   1.00000
     33   1.00000
     34   1.00000
     35   1.00000
     36   1.00000
     37   1.00000
     38   1.00000
     39   1.00000
     40   1.00000
     41   1.00000
     42   1.00000
     43   1.00000
     44   1.00000
     45   1.00000
     46   1.00000
     47   1.00000
     48   1.00000
     49   1.00000
     50   1.00000
     51   1.00000
     52   1.00000
     53   1.00000
     54   1.00000
     55   1.00000
     56   1.00000
     57   1.00000
     58   1.00000
     59   1.00000
     60   1.00000
     61   1.00000
     62   1.00000
     63   1.00000
     64   1.00000
     65   1.00000
     66   1.00000
     67   1.00000
     68   1.00000
     69   1.00000
     70   1.00000
     71   1.00000
     72   1.00000
     73   1.00000
     74   1.00000
     75   1.00000
     76   1.00000
     77   1.00000
     78   1.00000
     79   1.00000
     80   1.00000
     81   1.00000
     82   1.00000
     83   1.00000
     84   1.00000
     85   1.00000
     86   1.00000
     87   1.00000
     88   1.00000
     89   1.00000
     90   1.00000
     91   1.00000
     92   1.00000
     93   1.00000
     94   1.00000
     95   1.00000
     96   1.00000
     97   1.00000
     98   1.00000
     99   1.00000
    100   1.00000
    101   1.00000
    102   1.00000
    103   1.00000
    104   1.00000
    105   1.00000
    106   1.00000
    107   1.00000
    108   1.00000
    109   1.00000
    110   1.00000
    111   1.00000
    112   1.00000
    113   1.00000
    114   1.00000
    115   1.00000
    116   1.00000
    117   1.00000
    118   1.00000
    119   1.00000
    120   1.00000
    121   1.00000
    122   1.00000
    123   1.00000
    124   1.00000
    125   1.00000
    126   1.00000
    127   1.00000
    128   1.00000
    129   1.00000
    130   1.00000
    131   1.00000
    132   1.00000
    133   1.00000
    134   1.00000
    135   1.00000
    136   1.00000
    137   1.00000
    138   1.00000
    139   1.00000
    140   1.00000
    141   1.00000
    142   1.00000
    143   1.00000
    144   1.00000
    145   1.00000
    146   1.00000
    147   1.00000
    148   1.00000
    149   1.00000
    150   1.00000
    151   1.00000
    152   1.00000
    153   1.00000
    154   1.00000
    155   1.00000
    156   1.00000
    157   1.00000
    158   1.00000
    159   1.00000
    160   1.00000
    161   1.00000
    162   1.00000
    163   1.00000
    164   1.00000
    165   1.00000
    166   1.00000
    167   1.00000
    168   1.00000
    169   1.00000
    170   1.00000
    171   1.00000
    172   1.00000
    173   1.00000
    174   1.00000
    175   1.00000
    176   1.00000
    177   1.00000
    178   1.00000
    179   1.00000
    180   1.00000
    181   1.00000
    182   1.00000
    183   1.00000
    184   1.00000
    185   1.00000
    186   1.00000
    187   1.00000
    188   1.00000
    189   1.00000
    190   1.00000
    191   1.00000
    192   1.00000
    193   1.00000
    194   1.00000
    195   1.00000
    196   1.00000
    197   1.00000
    198   1.00000
    199   1.00000
    200   1.00000
    201   1.00000
    202   1.00000
    203   1.00000
    204   1.00000
    205   1.00000
    206   1.00000
    207   1.00000
    208   1.00000
    209   1.00000
    210   1.00000
    211   1.00000
    212   1.00000
    213   1.00000
    214   1.00000
    215   1.00000
    216   1.00000
    217   1.00000
    218   1.00000
    219   1.00000
    220   1.00000
    221   1.00000
    222   1.00000
    223   1.00000
    224   1.00000
    225   1.00000
    226   1.00000
    227   1.00000
    228   1.00000
    229   1.00000
    230   1.00000
    231   1.00000
    232   1.00000
    233   1.00000
    234   1.00000
    235   1.00000
    236   1.00000
    237   1.00000
    238   1.00000
    239   1.00000
    240   1.00000
    241   1.00000
    242   1.00000
    243   1.00000
    244   1.00000
    245   1.00000
    246   1.00000
    247   1.00000
    248   1.00000
    249   1.00000
    250   1.00000
    251   1.00000
    252   1.00000
    253   1.00000
    254   1.00000
    255   1.00000
    256   1.00000
    257   1.00000
    258   1.00000
    259   1.00000
    260   1.00000
    261   1.00000
    262   1.00000
    263   1.00000
    264   1.00000
    265   1.00000
    266   1.00000
    267   1.00000
    268   1.00000
    269   1.00000
    270   1.00000
    271   1.00000
    272   1.00000
    273   1.00000
    274   1.00000
    275   1.00000



           - AUTOVALORES - 
          REAL     IMAGINARIO
           1  -4.262479641099166E-001       -8.154674295260447
           2  -4.262479641099166E-001        8.154674295260447
           3        3.342488249304449   0.000000000000000E+000
           4        2.379429875326030       -1.133117940933961
           5        2.379429875326030        1.133117940933961
           6        2.554270558683109  -5.431628474803917E-001
           7        2.554270558683109   5.431628474803917E-001
           8        2.587788702201733  -2.008574593715814E-001
           9        2.587788702201733   2.008574593715814E-001
          10        2.573907587992434  -1.307085153437332E-001
          11        2.573907587992434   1.307085153437332E-001
          12        2.475982646711926  -8.520119791521776E-001
          13        2.475982646711926   8.520119791521776E-001
          14        2.497601758907631  -4.531151731739370E-001
          15        2.497601758907631   4.531151731739370E-001
          16        2.434895637531394  -7.586860716697494E-001
          17        2.434895637531394   7.586860716697494E-001
          18        2.210645283676474       -1.351646791215963
          19        2.210645283676474        1.351646791215963
          20        2.000579829474579       -1.580124477939518
          21        2.000579829474579        1.580124477939518
          22        2.258503947673824  -9.637847868852101E-001
          23        2.258503947673824   9.637847868852101E-001
          24        1.780843962749857       -1.751221558102611
          25        1.780843962749857        1.751221558102611
          26        2.030549911603141       -1.215596635200279
          27        2.030549911603141        1.215596635200279
          28        1.513463874535522       -1.894669368587141
          29        1.513463874535522        1.894669368587141
          30        1.750889470620639       -1.495264959837064
          31        1.750889470620639        1.495264959837064
          32        1.534824576265408       -1.722670951000820
          33        1.534824576265408        1.722670951000820
          34        1.003872808732586       -2.179069818964714
          35        1.003872808732586        2.179069818964714
          36        1.259920458547948       -1.994285476706328
          37        1.259920458547948        1.994285476706328
          38        1.835347042205899       -1.213464345730979
          39        1.835347042205899        1.213464345730979
          40        1.115344815127374       -2.031220577669684
          41        1.115344815127374        2.031220577669684
          42        1.209282537100546       -1.912561712101500
          43        1.209282537100546        1.912561712101500
          44   8.826207263245578E-001       -2.092350766485453
          45   8.826207263245578E-001        2.092350766485453
          46   6.940447236538458E-001       -2.151817585097965
          47   6.940447236538458E-001        2.151817585097965
          48   4.333269238432128E-001       -2.163692004758828
          49   4.333269238432128E-001        2.163692004758828
          50   6.834753849758047E-001       -2.013947025634812
          51   6.834753849758047E-001        2.013947025634812
          52   2.026170430010740E-001       -2.177407069409022
          53   2.026170430010740E-001        2.177407069409022
          54   2.390891913060709E-001       -2.102798479991687
          55   2.390891913060709E-001        2.102798479991687
          56  -1.492251601898100E-001       -2.135089625924259
          57  -1.492251601898100E-001        2.135089625924259
          58  -1.782147255236299E-002       -2.034020804185391
          59  -1.782147255236299E-002        2.034020804185391
          60  -8.660318168773822E-001       -1.853341414045161
          61  -8.660318168773822E-001        1.853341414045161
          62  -2.043622721005061E-001       -1.977021239497120
          63  -2.043622721005061E-001        1.977021239497120
          64   1.763175046364884E-001       -1.895995027562185
          65   1.763175046364884E-001        1.895995027562185
          66   8.238937418328152E-003       -1.918675264477979
          67   8.238937418328152E-003        1.918675264477979
          68        1.448047763249515  -6.957541400095358E-001
          69        1.448047763249515   6.957541400095358E-001
          70        1.547241870623500  -2.203789594548632E-001
          71        1.547241870623500   2.203789594548632E-001
          72        1.545179054325915  -9.027800697498697E-003
          73        1.545179054325915   9.027800697498697E-003
          74        1.482961979621431  -4.613461315573422E-001
          75        1.482961979621431   4.613461315573422E-001
          76        1.504861976151094  -2.453534187732114E-001
          77        1.504861976151094   2.453534187732114E-001
          78        1.462676360243381  -4.637887521904296E-001
          79        1.462676360243381   4.637887521904296E-001
          80        1.314543204769005  -8.535490348302247E-001
          81        1.314543204769005   8.535490348302247E-001
          82        1.158128896859571       -1.079347723426350
          83        1.158128896859571        1.079347723426350
          84        1.334374400985726  -6.705621386164921E-001
          85        1.334374400985726   6.705621386164921E-001
          86  -5.195497523185654E-001       -1.835227379937485
          87  -5.195497523185654E-001        1.835227379937485
          88  -3.455916597602774E-001       -1.851204052533200
          89  -3.455916597602774E-001        1.851204052533200
          90        1.199802035394996  -9.014506542650922E-001
          91        1.199802035394996   9.014506542650922E-001
          92        1.007007142384304       -1.209835181145702
          93        1.007007142384304        1.209835181145702
          94        1.054477465719518       -1.074009430728910
          95        1.054477465719518        1.074009430728910
          96  -9.597549304357549E-001       -1.589397916562223
          97  -9.597549304357549E-001        1.589397916562223
          98   7.698978741683169E-001       -1.355169573155589
          99   7.698978741683169E-001        1.355169573155589
         100   5.969196986937779E-001       -1.476376986891957
         101   5.969196986937779E-001        1.476376986891957
         102   8.562750081678459E-001       -1.234522079682562
         103   8.562750081678459E-001        1.234522079682562
         104  -4.967086855413385E-001       -1.712722616151379
         105  -4.967086855413385E-001        1.712722616151379
         106   6.831999677095652E-001       -1.352411118681104
         107   6.831999677095652E-001        1.352411118681104
         108        1.245749262866897  -8.076525818392989E-002
         109        1.245749262866897   8.076525818392989E-002
         110        1.158277916180301  -4.905307470312570E-001
         111        1.158277916180301   4.905307470312570E-001
         112        1.193202967907527  -3.014285795992878E-001
         113        1.193202967907527   3.014285795992878E-001
         114   3.586729755096576E-001       -1.513404886011580
         115   3.586729755096576E-001        1.513404886011580
         116       -1.196367670434023       -1.333819039445184
         117       -1.196367670434023        1.333819039445184
         118   1.193591846089748E-001       -1.588835644428601
         119   1.193591846089748E-001        1.588835644428601
         120   4.514455903431675E-001       -1.420667208384303
         121   4.514455903431675E-001        1.420667208384303
         122        1.042694705523434  -6.601088782160687E-001
         123        1.042694705523434   6.601088782160687E-001
         124   9.344967868596990E-001  -8.707352331139968E-001
         125   9.344967868596990E-001   8.707352331139968E-001
         126  -7.495622576682459E-002       -1.603407566365702
         127  -7.495622576682459E-002        1.603407566365702
         128  -5.857656525456486E-001       -1.595920712828122
         129  -5.857656525456486E-001        1.595920712828122
         130   8.494100171828756E-001  -9.735063893105983E-001
         131   8.494100171828756E-001   9.735063893105983E-001
         132   2.481624088407208E-001       -1.487699333188954
         133   2.481624088407208E-001        1.487699333188954
         134  -3.107979077410799E-001       -1.599160989572253
         135  -3.107979077410799E-001        1.599160989572253
         136       -1.857380013954100   0.000000000000000E+000
         137  -4.704221589788844E-001       -1.578926350390183
         138  -4.704221589788844E-001        1.578926350390183
         139  -6.536665850699917E-001       -1.488432736307507
         140  -6.536665850699917E-001        1.488432736307507
         141   1.569420708031555E-002       -1.477787839546011
         142   1.569420708031555E-002        1.477787839546011
         143  -7.996034866829795E-001       -1.427380787908656
         144  -7.996034866829795E-001        1.427380787908656
         145       -1.308114840611341       -1.083848342549301
         146       -1.308114840611341        1.083848342549301
         147  -2.430733412057382E-001       -1.472978132433350
         148  -2.430733412057382E-001        1.472978132433350
         149  -6.398763945529151E-001       -1.435838947787789
         150  -6.398763945529151E-001        1.435838947787789
         151       -1.732646605592344   0.000000000000000E+000
         152       -1.587617393087264  -6.336294162757007E-001
         153       -1.587617393087264   6.336294162757007E-001
         154  -9.191628918292137E-001       -1.317002658982919
         155  -9.191628918292137E-001        1.317002658982919
         156  -4.738852747414232E-001       -1.435899358483100
         157  -4.738852747414232E-001        1.435899358483100
         158   6.738499527250699E-001       -1.092491495117232
         159   6.738499527250699E-001        1.092491495117232
         160  -7.267705243178606E-001       -1.374728168974982
         161  -7.267705243178606E-001        1.374728168974982
         162       -1.649937015404745  -3.833236435597336E-001
         163       -1.649937015404745   3.833236435597336E-001
         164  -9.244609526334245E-001       -1.270104678408362
         165  -9.244609526334245E-001        1.270104678408362
         166       -1.431671646359584  -8.168031080059302E-001
         167       -1.431671646359584   8.168031080059302E-001
         168       -1.054932876225581       -1.183477623429782
         169       -1.054932876225581        1.183477623429782
         170   5.406004519455172E-001       -1.156558862889935
         171   5.406004519455172E-001        1.156558862889935
         172       -1.353386939748976  -8.719255549960345E-001
         173       -1.353386939748976   8.719255549960345E-001
         174       -1.112821508981623       -1.102051246517452
         175       -1.112821508981623        1.102051246517452
         176       -1.152124639045183       -1.067017971376367
         177       -1.152124639045183        1.067017971376367
         178  -6.838447252891775E-001       -1.319816597581029
         179  -6.838447252891775E-001        1.319816597581029
         180       -1.494847125496688  -5.860439375705285E-001
         181       -1.494847125496688   5.860439375705285E-001
         182   3.439158790627893E-001       -1.188099799019520
         183   3.439158790627893E-001        1.188099799019520
         184        1.054570877813547  -2.430596723835845E-001
         185        1.054570877813547   2.430596723835845E-001
         186        1.068747795467863  -2.930914980512282E-002
         187        1.068747795467863   2.930914980512282E-002
         188        1.061111154740135  -8.167924194526487E-002
         189        1.061111154740135   8.167924194526487E-002
         190        1.025814720395315  -3.392752181377075E-001
         191        1.025814720395315   3.392752181377075E-001
         192        1.011929522434727  -3.422269191388788E-001
         193        1.011929522434727   3.422269191388788E-001
         194   9.672345716722945E-001  -4.594413205253632E-001
         195   9.672345716722945E-001   4.594413205253632E-001
         196        1.010874114367705  -2.565623948193183E-001
         197        1.010874114367705   2.565623948193183E-001
         198        1.016177384636408  -1.915584596689216E-001
         199        1.016177384636408   1.915584596689216E-001
         200        1.008730673748454  -1.089475403047943E-001
         201        1.008730673748454   1.089475403047943E-001
         202        1.008394161564013  -3.823820506367866E-002
         203        1.008394161564013   3.823820506367866E-002
         204   9.494129245541645E-001  -4.898760495030717E-001
         205   9.494129245541645E-001   4.898760495030717E-001
         206   9.666412550136766E-001  -3.824650979237541E-001
         207   9.666412550136766E-001   3.824650979237541E-001
         208   9.092047923893853E-001  -5.886618565588448E-001
         209   9.092047923893853E-001   5.886618565588448E-001
         210   9.183553737755585E-001  -5.270278757776141E-001
         211   9.183553737755585E-001   5.270278757776141E-001
         212   8.874929779214271E-001  -5.999693791632342E-001
         213   8.874929779214271E-001   5.999693791632342E-001
         214   9.688462193915093E-001  -1.811046572541537E-001
         215   9.688462193915093E-001   1.811046572541537E-001
         216   8.330282970359496E-001  -6.837257290959578E-001
         217   8.330282970359496E-001   6.837257290959578E-001
         218   8.442400669974080E-001  -6.350434511684667E-001
         219   8.442400669974080E-001   6.350434511684667E-001
         220   9.298791809347602E-001  -3.419912181035136E-001
         221   9.298791809347602E-001   3.419912181035136E-001
         222   8.819269592816426E-001  -4.563274697877973E-001
         223   8.819269592816426E-001   4.563274697877973E-001
         224   7.761543335825314E-001  -7.161700695689479E-001
         225   7.761543335825314E-001   7.161700695689479E-001
         226   7.323109153553294E-001  -7.928277799913122E-001
         227   7.323109153553294E-001   7.928277799913122E-001
         228   7.433122101818660E-001  -7.600966608227074E-001
         229   7.433122101818660E-001   7.600966608227074E-001
         230   6.916942437562719E-001  -8.398486382654175E-001
         231   6.916942437562719E-001   8.398486382654175E-001
         232       -1.558726649536458  -3.277764809008251E-001
         233       -1.558726649536458   3.277764809008251E-001
         234       -1.231158270383448  -9.130342446556136E-001
         235       -1.231158270383448   9.130342446556136E-001
         236   6.448596274746808E-001  -8.685431188983196E-001
         237   6.448596274746808E-001   8.685431188983196E-001
         238   6.417561810875634E-001  -8.699194741302635E-001
         239   6.417561810875634E-001   8.699194741302635E-001
         240   7.874872011306993E-001  -5.867196989095246E-001
         241   7.874872011306993E-001   5.867196989095246E-001
         242   5.827695266555852E-001  -9.026565241272269E-001
         243   5.827695266555852E-001   9.026565241272269E-001
         244   5.292578783539323E-001  -9.598501002384182E-001
         245   5.292578783539323E-001   9.598501002384182E-001
         246   7.156464705056469E-001  -6.841458702942342E-001
         247   7.156464705056469E-001   6.841458702942342E-001
         248   1.590561684818594E-001       -1.220488212551140
         249   1.590561684818594E-001        1.220488212551140
         250       -1.572759304982498  -9.370768025402647E-002
         251       -1.572759304982498   9.370768025402647E-002
         252   5.045627373840425E-001  -9.395229039081965E-001
         253   5.045627373840425E-001   9.395229039081965E-001
         254   4.495874688817903E-001  -9.940751003336628E-001
         255   4.495874688817903E-001   9.940751003336628E-001
         256   4.003616192372816E-001       -1.045886685689834
         257   4.003616192372816E-001        1.045886685689834
         258       -1.159883048713955  -9.374058026765008E-001
         259       -1.159883048713955   9.374058026765008E-001
         260   2.858639324652954E-001       -1.108512207079829
         261   2.858639324652954E-001        1.108512207079829
         262  -6.784115476771080E-001       -1.224945780030712
         263  -6.784115476771080E-001        1.224945780030712
         264   3.823969976954741E-001       -1.013446387939186
         265   3.823969976954741E-001        1.013446387939186
         266   3.435127205297988E-001       -1.041384754933706
         267   3.435127205297988E-001        1.041384754933706
         268   6.828651388175655E-002       -1.198259193627729
         269   6.828651388175655E-002        1.198259193627729
         270       -1.262166421232183  -8.110271490163624E-001
         271       -1.262166421232183   8.110271490163624E-001
         272   5.798736459498606E-001  -7.601290831226204E-001
         273   5.798736459498606E-001   7.601290831226204E-001
         274   1.347658087084186E-001       -1.144358256404651
         275   1.347658087084186E-001        1.144358256404651
         276   2.496305664284496E-001       -1.055457233526505
         277   2.496305664284496E-001        1.055457233526505
         278   1.900091660437563E-001       -1.079612989317172
         279   1.900091660437563E-001        1.079612989317172
         280   4.593249825178649E-001  -8.309736093111745E-001
         281   4.593249825178649E-001   8.309736093111745E-001
         282  -2.223132237265597E-002       -1.169380669326028
         283  -2.223132237265597E-002        1.169380669326028
         284   1.167717927432880E-001       -1.098196440026940
         285   1.167717927432880E-001        1.098196440026940
         286   7.685061672164439E-002       -1.105936261321845
         287   7.685061672164439E-002        1.105936261321845
         288       -1.288909791155248  -6.803690359868130E-001
         289       -1.288909791155248   6.803690359868130E-001
         290  -1.004576768268500E-002       -1.100537053902521
         291  -1.004576768268500E-002        1.100537053902521
         292  -1.001099978276396E-001       -1.136062859568149
         293  -1.001099978276396E-001        1.136062859568149
         294  -6.901486087621185E-001       -1.121047780418407
         295  -6.901486087621185E-001        1.121047780418407
         296   2.875205435862300E-001  -8.658252882677947E-001
         297   2.875205435862300E-001   8.658252882677947E-001
         298  -6.728520031129837E-002       -1.083562828995960
         299  -6.728520031129837E-002        1.083562828995960
         300  -2.234869057476645E-001       -1.139145943423820
         301  -2.234869057476645E-001        1.139145943423820
         302  -2.514002082194309E-001       -1.135833642746427
         303  -2.514002082194309E-001        1.135833642746427
         304  -1.532400188018572E-001       -1.099646141017570
         305  -1.532400188018572E-001        1.099646141017570
         306   1.439229680451133E-001  -9.354956343143213E-001
         307   1.439229680451133E-001   9.354956343143213E-001
         308       -1.299698644885897  -5.935975193325713E-001
         309       -1.299698644885897   5.935975193325713E-001
         310  -2.112413220317317E-001       -1.073406556288041
         311  -2.112413220317317E-001        1.073406556288041
         312  -3.755659508401473E-001       -1.100685952888942
         313  -3.755659508401473E-001        1.100685952888942
         314  -2.760040742649169E-001       -1.073832260781719
         315  -2.760040742649169E-001        1.073832260781719
         316  -3.743421175057739E-001       -1.089953846739562
         317  -3.743421175057739E-001        1.089953846739562
         318  -6.921451922992519E-001       -1.053493336001544
         319  -6.921451922992519E-001        1.053493336001544
         320   2.013389242813896E-002  -9.274396759265186E-001
         321   2.013389242813896E-002   9.274396759265186E-001
         322  -3.318278210325859E-001       -1.028970404594412
         323  -3.318278210325859E-001        1.028970404594412
         324  -5.286719443579997E-001       -1.048128300508667
         325  -5.286719443579997E-001        1.048128300508667
         326  -4.149125320514066E-001       -1.028156693017952
         327  -4.149125320514066E-001        1.028156693017952
         328       -1.303072820126063  -4.814848409147788E-001
         329       -1.303072820126063   4.814848409147788E-001
         330  -1.373622298510979E-001  -9.259930932663406E-001
         331  -1.373622298510979E-001   9.259930932663406E-001
         332  -6.245754804168695E-001       -1.004770962068552
         333  -6.245754804168695E-001        1.004770962068552
         334  -5.277858953411195E-001       -1.007477629477834
         335  -5.277858953411195E-001        1.007477629477834
         336       -1.322577265787456  -3.796681822486666E-001
         337       -1.322577265787456   3.796681822486666E-001
         338       -1.116558970530985  -6.860856326150370E-001
         339       -1.116558970530985   6.860856326150370E-001
         340  -6.990365942813394E-001  -9.712220793896913E-001
         341  -6.990365942813394E-001   9.712220793896913E-001
         342  -5.420402450419952E-001  -9.803128740695015E-001
         343  -5.420402450419952E-001   9.803128740695015E-001
         344  -4.682894162387707E-001  -9.599836169633054E-001
         345  -4.682894162387707E-001   9.599836169633054E-001
         346  -8.512928305785616E-001  -8.595753794630603E-001
         347  -8.512928305785616E-001   8.595753794630603E-001
         348  -7.436201755493952E-001  -9.135364987404413E-001
         349  -7.436201755493952E-001   9.135364987404413E-001
         350  -7.163138949681741E-001  -9.128499626766577E-001
         351  -7.163138949681741E-001   9.128499626766577E-001
         352  -6.569150523309799E-001  -9.265233466713266E-001
         353  -6.569150523309799E-001   9.265233466713266E-001
         354  -2.507535569723128E-001  -8.799429267077635E-001
         355  -2.507535569723128E-001   8.799429267077635E-001
         356  -6.609853000096643E-001  -9.110399666031103E-001
         357  -6.609853000096643E-001   9.110399666031103E-001
         358       -1.320521746985997  -2.802616096437846E-001
         359       -1.320521746985997   2.802616096437846E-001
         360  -5.826572233353811E-001  -8.977752073846038E-001
         361  -5.826572233353811E-001   8.977752073846038E-001
         362       -1.331431503350316  -1.807201566811073E-001
         363       -1.331431503350316   1.807201566811073E-001
         364  -9.298888392697674E-001  -7.607776363884675E-001
         365  -9.298888392697674E-001   7.607776363884675E-001
         366       -1.047642306015804  -6.501574330742062E-001
         367       -1.047642306015804   6.501574330742062E-001
         368       -1.314486068671787  -1.019489706268633E-001
         369       -1.314486068671787   1.019489706268633E-001
         370       -1.124657593907892  -5.294636543672393E-001
         371       -1.124657593907892   5.294636543672393E-001
         372       -1.307167566667909   0.000000000000000E+000
         373       -1.166360505144068  -4.390400863479228E-001
         374       -1.166360505144068   4.390400863479228E-001
         375       -1.285320056388755   0.000000000000000E+000
         376       -1.273789528185819  -6.972978042643742E-002
         377       -1.273789528185819   6.972978042643742E-002
         378       -1.200935225402572  -3.480136226006499E-001
         379       -1.200935225402572   3.480136226006499E-001
         380       -1.231858274529330  -2.569837186882105E-001
         381       -1.231858274529330   2.569837186882105E-001
         382       -1.250979406750721  -1.646990361654285E-001
         383       -1.250979406750721   1.646990361654285E-001
         384  -7.623241961164168E-001  -8.293124607940221E-001
         385  -7.623241961164168E-001   8.293124607940221E-001
         386  -7.174368336418038E-001  -8.375767734554278E-001
         387  -7.174368336418038E-001   8.375767734554278E-001
         388  -2.664764851613424E-001  -8.204225528272102E-001
         389  -2.664764851613424E-001   8.204225528272102E-001
         390  -7.717391934751616E-001  -7.968275466999112E-001
         391  -7.717391934751616E-001   7.968275466999112E-001
         392  -3.343185467023315E-001  -8.174763762666073E-001
         393  -3.343185467023315E-001   8.174763762666073E-001
         394  -3.952705312625327E-001  -8.100597354187908E-001
         395  -3.952705312625327E-001   8.100597354187908E-001
         396  -6.744114582293163E-001  -7.929285639795349E-001
         397  -6.744114582293163E-001   7.929285639795349E-001
         398  -8.762041652161858E-001  -7.150498806799577E-001
         399  -8.762041652161858E-001   7.150498806799577E-001
         400  -7.503324894277492E-001  -7.690213719618904E-001
         401  -7.503324894277492E-001   7.690213719618904E-001
         402  -9.670316831335055E-001  -6.132748898644371E-001
         403  -9.670316831335055E-001   6.132748898644371E-001
         404  -4.384617103643881E-001  -7.725969434569989E-001
         405  -4.384617103643881E-001   7.725969434569989E-001
         406       -1.050534199462115  -4.908832429039927E-001
         407       -1.050534199462115   4.908832429039927E-001
         408       -1.186853647103488  -5.792117082255756E-002
         409       -1.186853647103488   5.792117082255756E-002
         410  -8.511119236427212E-001  -6.844709635583905E-001
         411  -8.511119236427212E-001   6.844709635583905E-001
         412       -1.100124380215327  -3.670564204792158E-001
         413       -1.100124380215327   3.670564204792158E-001
         414  -7.654224522409127E-001  -7.109602476154825E-001
         415  -7.654224522409127E-001   7.109602476154825E-001
         416       -1.139786718057902  -2.166471483056064E-001
         417       -1.139786718057902   2.166471483056064E-001
         418  -7.779487923329990E-001  -6.833995383938409E-001
         419  -7.779487923329990E-001   6.833995383938409E-001
         420  -5.059445780194332E-001  -7.351507996646157E-001
         421  -5.059445780194332E-001   7.351507996646157E-001
         422  -5.434642694272955E-001  -7.213466631249194E-001
         423  -5.434642694272955E-001   7.213466631249194E-001
         424  -8.191185198096800E-001  -6.500432365463560E-001
         425  -8.191185198096800E-001   6.500432365463560E-001
         426  -6.552977119506189E-001  -6.623760445737383E-001
         427  -6.552977119506189E-001   6.623760445737383E-001
         428  -8.497415006522975E-001  -5.914435848945151E-001
         429  -8.497415006522975E-001   5.914435848945151E-001
         430  -7.670238399640532E-001  -6.150052045616432E-001
         431  -7.670238399640532E-001   6.150052045616432E-001
         432  -9.086153703748989E-001  -5.134539558188600E-001
         433  -9.086153703748989E-001   5.134539558188600E-001
         434       -1.029362495462362  -3.544452380053488E-001
         435       -1.029362495462362   3.544452380053488E-001
         436  -7.850341079080578E-001  -5.726961132381451E-001
         437  -7.850341079080578E-001   5.726961132381451E-001
         438  -9.192546675916939E-001  -4.665662147561732E-001
         439  -9.192546675916939E-001   4.665662147561732E-001
         440  -8.147310830069412E-001  -5.374164357776519E-001
         441  -8.147310830069412E-001   5.374164357776519E-001
         442  -8.589327605139462E-001  -4.730981985164374E-001
         443  -8.589327605139462E-001   4.730981985164374E-001
         444  -9.714098144562267E-001  -3.628192063381248E-001
         445  -9.714098144562267E-001   3.628192063381248E-001
         446  -9.709854483451622E-001  -3.551800107413624E-001
         447  -9.709854483451622E-001   3.551800107413624E-001
         448  -8.447725429593181E-001  -4.543765389939009E-001
         449  -8.447725429593181E-001   4.543765389939009E-001
         450  -8.765315678938412E-001  -3.940207444042482E-001
         451  -8.765315678938412E-001   3.940207444042482E-001
         452  -9.971632800774879E-001  -2.369581817181893E-001
         453  -9.971632800774879E-001   2.369581817181893E-001
         454  -9.788905717276210E-001  -2.275869232123388E-001
         455  -9.788905717276210E-001   2.275869232123388E-001
         456       -1.001041254707307  -1.140986852059842E-001
         457       -1.001041254707307   1.140986852059842E-001
         458       -1.000917417063347  -9.351373205961414E-002
         459       -1.000917417063347   9.351373205961414E-002
         460  -9.304511797054293E-001  -2.610641475968155E-001
         461  -9.304511797054293E-001   2.610641475968155E-001
         462  -9.902076146684691E-001  -1.359817318502737E-003
         463  -9.902076146684691E-001   1.359817318502737E-003
         464  -9.742044220841031E-001  -6.798177506596009E-003
         465  -9.742044220841031E-001   6.798177506596009E-003
         466  -9.619659254211672E-001  -1.392523159648810E-001
         467  -9.619659254211672E-001   1.392523159648810E-001
         468  -9.461927374111290E-001  -1.329644667943699E-001
         469  -9.461927374111290E-001   1.329644667943699E-001
         470  -8.717300949940403E-001  -3.496752662351347E-001
         471  -8.717300949940403E-001   3.496752662351347E-001
         472  -9.091616722517866E-001  -2.251310143108696E-001
         473  -9.091616722517866E-001   2.251310143108696E-001
         474  -6.131885138564166E-001  -6.118579751857175E-001
         475  -6.131885138564166E-001   6.118579751857175E-001
         476  -7.168135790291002E-001  -5.074763368098813E-001
         477  -7.168135790291002E-001   5.074763368098813E-001
         478  -1.512385963939993E-001  -8.002375503018685E-001
         479  -1.512385963939993E-001   8.002375503018685E-001
         480  -7.580461839931034E-001  -3.779945533794566E-001
         481  -7.580461839931034E-001   3.779945533794566E-001
         482  -8.107976292847952E-001  -2.266413750403746E-001
         483  -8.107976292847952E-001   2.266413750403746E-001
         484  -8.131447907203573E-001  -1.087684037704297E-001
         485  -8.131447907203573E-001   1.087684037704297E-001
         486  -7.808815494016969E-001  -4.092207928625679E-002
         487  -7.808815494016969E-001   4.092207928625679E-002
         488  -7.395016674722539E-001  -1.461604644429636E-001
         489  -7.395016674722539E-001   1.461604644429636E-001
         490  -6.369442210927015E-002  -7.918773341275078E-001
         491  -6.369442210927015E-002   7.918773341275078E-001
         492  -6.542507401689983E-001  -2.330848231672258E-001
         493  -6.542507401689983E-001   2.330848231672258E-001
         494  -5.789605319390283E-001  -3.077700809459696E-001
         495  -5.789605319390283E-001   3.077700809459696E-001
         496   2.480677765346204E-002  -7.451068956939008E-001
         497   2.480677765346204E-002   7.451068956939008E-001
         498  -5.097366111410964E-001  -3.513969914970773E-001
         499  -5.097366111410964E-001   3.513969914970773E-001
         500  -4.338620870012966E-001  -3.859852024146301E-001
         501  -4.338620870012966E-001   3.859852024146301E-001
         502   1.238904690502956E-001  -7.006182812526198E-001
         503   1.238904690502956E-001   7.006182812526198E-001
         504  -3.726254824294659E-001  -4.144870285644134E-001
         505  -3.726254824294659E-001   4.144870285644134E-001
         506   2.058628210135608E-001  -6.594010305906722E-001
         507   2.058628210135608E-001   6.594010305906722E-001
         508  -3.084768140758555E-001  -4.253279377584668E-001
         509  -3.084768140758555E-001   4.253279377584668E-001
         510  -2.445462725201144E-001  -4.419786262876106E-001
         511  -2.445462725201144E-001   4.419786262876106E-001
         512   2.708302202757649E-001  -5.975784983569772E-001
         513   2.708302202757649E-001   5.975784983569772E-001
         514  -1.925363421730498E-001  -4.509785762825034E-001
         515  -1.925363421730498E-001   4.509785762825034E-001
         516  -1.362253433668962E-001  -4.560141375579065E-001
         517  -1.362253433668962E-001   4.560141375579065E-001
         518   3.268534502258774E-001  -5.393715565433895E-001
         519   3.268534502258774E-001   5.393715565433895E-001
         520  -9.299593645655166E-002  -4.584887750467248E-001
         521  -9.299593645655166E-002   4.584887750467248E-001
         522  -4.174811990479706E-002  -4.496473979268755E-001
         523  -4.174811990479706E-002   4.496473979268755E-001
         524   3.382244943860434E-001  -4.990024795192319E-001
         525   3.382244943860434E-001   4.990024795192319E-001
         526   3.909397139020832E-004  -4.470741736798030E-001
         527   3.909397139020832E-004   4.470741736798030E-001
         528   4.308443809688334E-002  -4.279993511827537E-001
         529   4.308443809688334E-002   4.279993511827537E-001
         530   3.823271964195804E-001  -4.515691266429475E-001
         531   3.823271964195804E-001   4.515691266429475E-001
         532   9.135557524215143E-002  -4.142665585768028E-001
         533   9.135557524215143E-002   4.142665585768028E-001
         534   4.240415186648192E-001  -3.960460187825303E-001
         535   4.240415186648192E-001   3.960460187825303E-001
         536   1.325961257294132E-001  -4.000412779305557E-001
         537   1.325961257294132E-001   4.000412779305557E-001
         538   1.740910643662218E-001  -3.813240121012035E-001
         539   1.740910643662218E-001   3.813240121012035E-001
         540   4.458744810336944E-001  -3.385827341870724E-001
         541   4.458744810336944E-001   3.385827341870724E-001
         542   2.110131059948364E-001  -3.628748893518017E-001
         543   2.110131059948364E-001   3.628748893518017E-001
         544   2.447424792638566E-001  -3.371495555500272E-001
         545   2.447424792638566E-001   3.371495555500272E-001
         546   4.672776087405144E-001  -2.793837610064401E-001
         547   4.672776087405144E-001   2.793837610064401E-001
         548   2.781346080178840E-001  -3.088400365699000E-001
         549   2.781346080178840E-001   3.088400365699000E-001
         550   3.116416552327212E-001  -2.782997155849189E-001
         551   3.116416552327212E-001   2.782997155849189E-001
         552   4.709297261895074E-001  -2.202069764381733E-001
         553   4.709297261895074E-001   2.202069764381733E-001
         554   3.433287544324163E-001  -2.501061527235168E-001
         555   3.433287544324163E-001   2.501061527235168E-001
         556   3.698620930622817E-001  -2.234336059539625E-001
         557   3.698620930622817E-001   2.234336059539625E-001
         558   4.797025003625977E-001  -1.583671355592751E-001
         559   4.797025003625977E-001   1.583671355592751E-001
         560   3.826623256029565E-001  -1.898653954739868E-001
         561   3.826623256029565E-001   1.898653954739868E-001
         562   4.749700881198666E-001  -1.116215196495363E-001
         563   4.749700881198666E-001   1.116215196495363E-001
         564   4.029674717593060E-001  -1.464836503520647E-001
         565   4.029674717593060E-001   1.464836503520647E-001
         566   4.208486051555006E-001  -1.121923213793573E-001
         567   4.208486051555006E-001   1.121923213793573E-001
         568   4.639773158842817E-001  -5.739191143098803E-002
         569   4.639773158842817E-001   5.739191143098803E-002
         570   4.302951516012148E-001  -6.710500294764311E-002
         571   4.302951516012148E-001   6.710500294764311E-002
         572   4.508660016851815E-001   0.000000000000000E+000
         573   4.490193917535502E-001  -2.024438441933840E-002
         574   4.490193917535502E-001   2.024438441933840E-002
         575  -1.383387600151717E-001   0.000000000000000E+000
         576   1.622355248830893E-001   0.000000000000000E+000



           - AUTOVALORES DIFERENTES E REAIS e positivos - 
          REAL
           1   1.622355248830893E-001
           2   4.508660016851815E-001
           3        3.342488249304449
