 ************************************************************************************************************************
                         Exem


DATA

  NUMERO DE ELEMENTOS DE CONTORNO= 80

  NUMERO DE NÓS FUNCIONAIS= 84

  NUMERO DE PONTOS INTERNOS ONDE A FUNC. É CALCULADA=144




  COORDENADAS DOS PONTOS FONTE DOS ELEMENTOS DE CONTORNO

    PONTO          X                  Y
        1       .0000000E+00       .0000000E+00
        2       .5000000E-01       .0000000E+00
        3       .1000000E+00       .0000000E+00
        4       .1500000E+00       .0000000E+00
        5       .2000000E+00       .0000000E+00
        6       .2500000E+00       .0000000E+00
        7       .3000000E+00       .0000000E+00
        8       .3500000E+00       .0000000E+00
        9       .4000000E+00       .0000000E+00
       10       .4500000E+00       .0000000E+00
       11       .5000000E+00       .0000000E+00
       12       .5500000E+00       .0000000E+00
       13       .6000000E+00       .0000000E+00
       14       .6500000E+00       .0000000E+00
       15       .7000000E+00       .0000000E+00
       16       .7500000E+00       .0000000E+00
       17       .8000000E+00       .0000000E+00
       18       .8500000E+00       .0000000E+00
       19       .9000000E+00       .0000000E+00
       20       .9500000E+00       .0000000E+00
       21       .1000000E+01       .0000000E+00
       22       .1000000E+01       .0000000E+00
       23       .1000000E+01       .5000000E-01
       24       .1000000E+01       .1000000E+00
       25       .1000000E+01       .1500000E+00
       26       .1000000E+01       .2000000E+00
       27       .1000000E+01       .2500000E+00
       28       .1000000E+01       .3000000E+00
       29       .1000000E+01       .3500000E+00
       30       .1000000E+01       .4000000E+00
       31       .1000000E+01       .4500000E+00
       32       .1000000E+01       .5000000E+00
       33       .1000000E+01       .5500000E+00
       34       .1000000E+01       .6000000E+00
       35       .1000000E+01       .6500000E+00
       36       .1000000E+01       .7000000E+00
       37       .1000000E+01       .7500000E+00
       38       .1000000E+01       .8000000E+00
       39       .1000000E+01       .8500000E+00
       40       .1000000E+01       .9000000E+00
       41       .1000000E+01       .9500000E+00
       42       .1000000E+01       .1000000E+01
       43       .1000000E+01       .1000000E+01
       44       .9500000E+00       .1000000E+01
       45       .9000000E+00       .1000000E+01
       46       .8500000E+00       .1000000E+01
       47       .8000000E+00       .1000000E+01
       48       .7500000E+00       .1000000E+01
       49       .7000000E+00       .1000000E+01
       50       .6500000E+00       .1000000E+01
       51       .6000000E+00       .1000000E+01
       52       .5500000E+00       .1000000E+01
       53       .5000000E+00       .1000000E+01
       54       .4500000E+00       .1000000E+01
       55       .4000000E+00       .1000000E+01
       56       .3500000E+00       .1000000E+01
       57       .3000000E+00       .1000000E+01
       58       .2500000E+00       .1000000E+01
       59       .2000000E+00       .1000000E+01
       60       .1500000E+00       .1000000E+01
       61       .1000000E+00       .1000000E+01
       62       .5000000E-01       .1000000E+01
       63       .0000000E+00       .1000000E+01
       64       .0000000E+00       .1000000E+01
       65       .0000000E+00       .9500000E+00
       66       .0000000E+00       .9000000E+00
       67       .0000000E+00       .8500000E+00
       68       .0000000E+00       .8000000E+00
       69       .0000000E+00       .7500000E+00
       70       .0000000E+00       .7000000E+00
       71       .0000000E+00       .6500000E+00
       72       .0000000E+00       .6000000E+00
       73       .0000000E+00       .5500000E+00
       74       .0000000E+00       .5000000E+00
       75       .0000000E+00       .4500000E+00
       76       .0000000E+00       .4000000E+00
       77       .0000000E+00       .3500000E+00
       78       .0000000E+00       .3000000E+00
       79       .0000000E+00       .2500000E+00
       80       .0000000E+00       .2000000E+00
       81       .0000000E+00       .1500000E+00
       82       .0000000E+00       .1000000E+00
       83       .0000000E+00       .5000000E-01
       84       .0000000E+00       .0000000E+00
       85       .4167000E-01       .4167000E-01
       86       .1250000E+00       .4167000E-01
       87       .2083300E+00       .4167000E-01
       88       .2916700E+00       .4167000E-01
       89       .3750000E+00       .4167000E-01
       90       .4583300E+00       .4167000E-01
       91       .5416700E+00       .4167000E-01
       92       .6250000E+00       .4167000E-01
       93       .7083300E+00       .4167000E-01
       94       .7916700E+00       .4167000E-01
       95       .8750000E+00       .4167000E-01
       96       .9583300E+00       .4167000E-01
       97       .4167000E-01       .1250000E+00
       98       .1250000E+00       .1250000E+00
       99       .2083300E+00       .1250000E+00
      100       .2916700E+00       .1250000E+00
      101       .3750000E+00       .1250000E+00
      102       .4583300E+00       .1250000E+00
      103       .5416700E+00       .1250000E+00
      104       .6250000E+00       .1250000E+00
      105       .7083300E+00       .1250000E+00
      106       .7916700E+00       .1250000E+00
      107       .8750000E+00       .1250000E+00
      108       .9583300E+00       .1250000E+00
      109       .4167000E-01       .2083300E+00
      110       .1250000E+00       .2083300E+00
      111       .2083300E+00       .2083300E+00
      112       .2916700E+00       .2083300E+00
      113       .3750000E+00       .2083300E+00
      114       .4583300E+00       .2083300E+00
      115       .5416700E+00       .2083300E+00
      116       .6250000E+00       .2083300E+00
      117       .7083300E+00       .2083300E+00
      118       .7916700E+00       .2083300E+00
      119       .8750000E+00       .2083300E+00
      120       .9583300E+00       .2083300E+00
      121       .4167000E-01       .2916700E+00
      122       .1250000E+00       .2916700E+00
      123       .2083300E+00       .2916700E+00
      124       .2916700E+00       .2916700E+00
      125       .3750000E+00       .2916700E+00
      126       .4583300E+00       .2916700E+00
      127       .5416700E+00       .2916700E+00
      128       .6250000E+00       .2916700E+00
      129       .7083300E+00       .2916700E+00
      130       .7916700E+00       .2916700E+00
      131       .8750000E+00       .2916700E+00
      132       .9583300E+00       .2916700E+00
      133       .4167000E-01       .3750000E+00
      134       .1250000E+00       .3750000E+00
      135       .2083300E+00       .3750000E+00
      136       .2916700E+00       .3750000E+00
      137       .3750000E+00       .3750000E+00
      138       .4583300E+00       .3750000E+00
      139       .5416700E+00       .3750000E+00
      140       .6250000E+00       .3750000E+00
      141       .7083300E+00       .3750000E+00
      142       .7916700E+00       .3750000E+00
      143       .8750000E+00       .3750000E+00
      144       .9583300E+00       .3750000E+00
      145       .4167000E-01       .4583300E+00
      146       .1250000E+00       .4583300E+00
      147       .2083300E+00       .4583300E+00
      148       .2916700E+00       .4583300E+00
      149       .3750000E+00       .4583300E+00
      150       .4583300E+00       .4583300E+00
      151       .5416700E+00       .4583300E+00
      152       .6250000E+00       .4583300E+00
      153       .7083300E+00       .4583300E+00
      154       .7916700E+00       .4583300E+00
      155       .8750000E+00       .4583300E+00
      156       .9583300E+00       .4583300E+00
      157       .4167000E-01       .5416700E+00
      158       .1250000E+00       .5416700E+00
      159       .2083300E+00       .5416700E+00
      160       .2916700E+00       .5416700E+00
      161       .3750000E+00       .5416700E+00
      162       .4583300E+00       .5416700E+00
      163       .5416700E+00       .5416700E+00
      164       .6250000E+00       .5416700E+00
      165       .7083300E+00       .5416700E+00
      166       .7916700E+00       .5416700E+00
      167       .8750000E+00       .5416700E+00
      168       .9583300E+00       .5416700E+00
      169       .4167000E-01       .6250000E+00
      170       .1250000E+00       .6250000E+00
      171       .2083300E+00       .6250000E+00
      172       .2916700E+00       .6250000E+00
      173       .3750000E+00       .6250000E+00
      174       .4583300E+00       .6250000E+00
      175       .5416700E+00       .6250000E+00
      176       .6250000E+00       .6250000E+00
      177       .7083300E+00       .6250000E+00
      178       .7916700E+00       .6250000E+00
      179       .8750000E+00       .6250000E+00
      180       .9583300E+00       .6250000E+00
      181       .4167000E-01       .7083300E+00
      182       .1250000E+00       .7083300E+00
      183       .2083300E+00       .7083300E+00
      184       .2916700E+00       .7083300E+00
      185       .3750000E+00       .7083300E+00
      186       .4583300E+00       .7083300E+00
      187       .5416700E+00       .7083300E+00
      188       .6250000E+00       .7083300E+00
      189       .7083300E+00       .7083300E+00
      190       .7916700E+00       .7083300E+00
      191       .8750000E+00       .7083300E+00
      192       .9583300E+00       .7083300E+00
      193       .4167000E-01       .7916700E+00
      194       .1250000E+00       .7916700E+00
      195       .2083300E+00       .7916700E+00
      196       .2916700E+00       .7916700E+00
      197       .3750000E+00       .7916700E+00
      198       .4583300E+00       .7916700E+00
      199       .5416700E+00       .7916700E+00
      200       .6250000E+00       .7916700E+00
      201       .7083300E+00       .7916700E+00
      202       .7916700E+00       .7916700E+00
      203       .8750000E+00       .7916700E+00
      204       .9583300E+00       .7916700E+00
      205       .4167000E-01       .8750000E+00
      206       .1250000E+00       .8750000E+00
      207       .2083300E+00       .8750000E+00
      208       .2916700E+00       .8750000E+00
      209       .3750000E+00       .8750000E+00
      210       .4583300E+00       .8750000E+00
      211       .5416700E+00       .8750000E+00
      212       .6250000E+00       .8750000E+00
      213       .7083300E+00       .8750000E+00
      214       .7916700E+00       .8750000E+00
      215       .8750000E+00       .8750000E+00
      216       .9583300E+00       .8750000E+00
      217       .4167000E-01       .9583300E+00
      218       .1250000E+00       .9583300E+00
      219       .2083300E+00       .9583300E+00
      220       .2916700E+00       .9583300E+00
      221       .3750000E+00       .9583300E+00
      222       .4583300E+00       .9583300E+00
      223       .5416700E+00       .9583300E+00
      224       .6250000E+00       .9583300E+00
      225       .7083300E+00       .9583300E+00
      226       .7916700E+00       .9583300E+00
      227       .8750000E+00       .9583300E+00
      228       .9583300E+00       .9583300E+00


  CONDICOES DE CONTORNO

       INDICE   NÓ        NÓ          VALOR PRESCRITO
       1        1         84          .0000000E+00
       2        1          0          .0000000E+00
       3        1          0          .0000000E+00
       4        1          0          .0000000E+00
       5        1          0          .0000000E+00
       6        1          0          .0000000E+00
       7        1          0          .0000000E+00
       8        1          0          .0000000E+00
       9        1          0          .0000000E+00
      10        1          0          .0000000E+00
      11        1          0          .0000000E+00
      12        1          0          .0000000E+00
      13        1          0          .0000000E+00
      14        1          0          .0000000E+00
      15        1          0          .0000000E+00
      16        1          0          .0000000E+00
      17        1          0          .0000000E+00
      18        1          0          .0000000E+00
      19        1          0          .0000000E+00
      20        1          0          .0000000E+00
      21        1         22          .0000000E+00
      22        1         21          .0000000E+00
      23        1          0          .0000000E+00
      24        1          0          .0000000E+00
      25        1          0          .0000000E+00
      26        1          0          .0000000E+00
      27        1          0          .0000000E+00
      28        1          0          .0000000E+00
      29        1          0          .0000000E+00
      30        1          0          .0000000E+00
      31        1          0          .0000000E+00
      32        1          0          .0000000E+00
      33        1          0          .0000000E+00
      34        1          0          .0000000E+00
      35        1          0          .0000000E+00
      36        1          0          .0000000E+00
      37        1          0          .0000000E+00
      38        1          0          .0000000E+00
      39        1          0          .0000000E+00
      40        1          0          .0000000E+00
      41        1          0          .0000000E+00
      42        1         43          .0000000E+00
      43        1         42          .0000000E+00
      44        1          0          .0000000E+00
      45        1          0          .0000000E+00
      46        1          0          .0000000E+00
      47        1          0          .0000000E+00
      48        1          0          .0000000E+00
      49        1          0          .0000000E+00
      50        1          0          .0000000E+00
      51        1          0          .0000000E+00
      52        1          0          .0000000E+00
      53        1          0          .0000000E+00
      54        1          0          .0000000E+00
      55        1          0          .0000000E+00
      56        1          0          .0000000E+00
      57        1          0          .0000000E+00
      58        1          0          .0000000E+00
      59        1          0          .0000000E+00
      60        1          0          .0000000E+00
      61        1          0          .0000000E+00
      62        1          0          .0000000E+00
      63        1         64          .0000000E+00
      64        0         63          .0000000E+00
      65        0          0          .0000000E+00
      66        0          0          .0000000E+00
      67        0          0          .0000000E+00
      68        0          0          .0000000E+00
      69        0          0          .0000000E+00
      70        0          0          .0000000E+00
      71        0          0          .0000000E+00
      72        0          0          .0000000E+00
      73        0          0          .0000000E+00
      74        0          0          .0000000E+00
      75        0          0          .0000000E+00
      76        0          0          .0000000E+00
      77        0          0          .0000000E+00
      78        0          0          .0000000E+00
      79        0          0          .0000000E+00
      80        0          0          .0000000E+00
      81        0          0          .0000000E+00
      82        0          0          .0000000E+00
      83        0          0          .0000000E+00
      84        0          1          .0000000E+00


  INCIDENCIA DOS NOS GEOMETRICOS

       INDICE     PRIM. NÓ      SEG. NÓ
       1          1       2
       2          2       3
       3          3       4
       4          4       5
       5          5       6
       6          6       7
       7          7       8
       8          8       9
       9          9      10
      10         10      11
      11         11      12
      12         12      13
      13         13      14
      14         14      15
      15         15      16
      16         16      17
      17         17      18
      18         18      19
      19         19      20
      20         20      21
      21         22      23
      22         23      24
      23         24      25
      24         25      26
      25         26      27
      26         27      28
      27         28      29
      28         29      30
      29         30      31
      30         31      32
      31         32      33
      32         33      34
      33         34      35
      34         35      36
      35         36      37
      36         37      38
      37         38      39
      38         39      40
      39         40      41
      40         41      42
      41         43      44
      42         44      45
      43         45      46
      44         46      47
      45         47      48
      46         48      49
      47         49      50
      48         50      51
      49         51      52
      50         52      53
      51         53      54
      52         54      55
      53         55      56
      54         56      57
      55         57      58
      56         58      59
      57         59      60
      58         60      61
      59         61      62
      60         62      63
      61         64      65
      62         65      66
      63         66      67
      64         67      68
      65         68      69
      66         69      70
      67         70      71
      68         71      72
      69         72      73
      70         73      74
      71         74      75
      72         75      76
      73         76      77
      74         77      78
      75         78      79
      76         79      80
      77         80      81
      78         81      82
      79         82      83
      80         83      84
 NOVAS COORDENADAS DOS NOS DUPLOS
      .0010      .0000
      .0500      .0000
      .1000      .0000
      .1500      .0000
      .2000      .0000
      .2500      .0000
      .3000      .0000
      .3500      .0000
      .4000      .0000
      .4500      .0000
      .5000      .0000
      .5500      .0000
      .6000      .0000
      .6500      .0000
      .7000      .0000
      .7500      .0000
      .8000      .0000
      .8500      .0000
      .9000      .0000
      .9500      .0000
      .9990      .0000
     1.0000      .0010
     1.0000      .0500
     1.0000      .1000
     1.0000      .1500
     1.0000      .2000
     1.0000      .2500
     1.0000      .3000
     1.0000      .3500
     1.0000      .4000
     1.0000      .4500
     1.0000      .5000
     1.0000      .5500
     1.0000      .6000
     1.0000      .6500
     1.0000      .7000
     1.0000      .7500
     1.0000      .8000
     1.0000      .8500
     1.0000      .9000
     1.0000      .9500
     1.0000      .9990
      .9990     1.0000
      .9500     1.0000
      .9000     1.0000
      .8500     1.0000
      .8000     1.0000
      .7500     1.0000
      .7000     1.0000
      .6500     1.0000
      .6000     1.0000
      .5500     1.0000
      .5000     1.0000
      .4500     1.0000
      .4000     1.0000
      .3500     1.0000
      .3000     1.0000
      .2500     1.0000
      .2000     1.0000
      .1500     1.0000
      .1000     1.0000
      .0500     1.0000
      .0010     1.0000
      .0000      .9990
      .0000      .9500
      .0000      .9000
      .0000      .8500
      .0000      .8000
      .0000      .7500
      .0000      .7000
      .0000      .6500
      .0000      .6000
      .0000      .5500
      .0000      .5000
      .0000      .4500
      .0000      .4000
      .0000      .3500
      .0000      .3000
      .0000      .2500
      .0000      .2000
      .0000      .1500
      .0000      .1000
      .0000      .0500
      .0000      .0010
   
 VALORES DE DFI  ************************************
      1   .0000
      2   .0000
      3   .0000
      4   .0000
      5   .0000
      6   .0000
      7   .0000
      8   .0000
      9   .0000
     10   .0000
     11   .0000
     12   .0000
     13   .0000
     14   .0000
     15   .0000
     16   .0000
     17   .0000
     18   .0000
     19   .0000
     20   .0000
     21   .0000
     22   .0000
     23   .0000
     24   .0000
     25   .0000
     26   .0000
     27   .0000
     28   .0000
     29   .0000
     30   .0000
     31   .0000
     32   .0000
     33   .0000
     34   .0000
     35   .0000
     36   .0000
     37   .0000
     38   .0000
     39   .0000
     40   .0000
     41   .0000
     42   .0000
     43   .0000
     44   .0000
     45   .0000
     46   .0000
     47   .0000
     48   .0000
     49   .0000
     50   .0000
     51   .0000
     52   .0000
     53   .0000
     54   .0000
     55   .0000
     56   .0000
     57   .0000
     58   .0000
     59   .0000
     60   .0000
     61   .0000
     62   .0000
     63   .0000
     64   .0000
     65   .0000
     66   .0000
     67   .0000
     68   .0000
     69   .0000
     70   .0000
     71   .0000
     72   .0000
     73   .0000
     74   .0000
     75   .0000
     76   .0000
     77   .0000
     78   .0000
     79   .0000
     80   .0000
     81   .0000
     82   .0000
     83   .0000
     84   .0000
     85   .0000
     86   .0000
     87   .0000
     88   .0000
     89   .0000
     90   .0000
     91   .0000
     92   .0000
     93   .0000
     94   .0000
     95   .0000
     96   .0000
     97   .0000
     98   .0000
     99   .0000
    100   .0000
    101   .0000
    102   .0000
    103   .0000
    104   .0000
    105   .0000
    106   .0000
    107   .0000
    108   .0000
    109   .0000
    110   .0000
    111   .0000
    112   .0000
    113   .0000
    114   .0000
    115   .0000
    116   .0000
    117   .0000
    118   .0000
    119   .0000
    120   .0000
    121   .0000
    122   .0000
    123   .0000
    124   .0000
    125   .0000
    126   .0000
    127   .0000
    128   .0000
    129   .0000
    130   .0000
    131   .0000
    132   .0000
    133   .0000
    134   .0000
    135   .0000
    136   .0000
    137   .0000
    138   .0000
    139   .0000
    140   .0000
    141   .0000
    142   .0000
    143   .0000
    144   .0000
    145   .0000
    146   .0000
    147   .0000
    148   .0000
    149   .0000
    150   .0000
    151   .0000
    152   .0000
    153   .0000
    154   .0000
    155   .0000
    156   .0000
    157   .0000
    158   .0000
    159   .0000
    160   .0000
    161   .0000
    162   .0000
    163   .0000
    164   .0000
    165   .0000
    166   .0000
    167   .0000
    168   .0000
    169   .0000
    170   .0000
    171   .0000
    172   .0000
    173   .0000
    174   .0000
    175   .0000
    176   .0000
    177   .0000
    178   .0000
    179   .0000
    180   .0000
    181   .0000
    182   .0000
    183   .0000
    184   .0000
    185   .0000
    186   .0000
    187   .0000
    188   .0000
    189   .0000
    190   .0000
    191   .0000
    192   .0000
    193   .0000
    194   .0000
    195   .0000
    196   .0000
    197   .0000
    198   .0000
    199   .0000
    200   .0000
    201   .0000
    202   .0000
    203   .0000
    204   .0000
    205   .0000
    206   .0000
    207   .0000
    208   .0000
    209   .0000
    210   .0000
    211   .0000
    212   .0000
    213   .0000
    214   .0000
    215   .0000
    216   .0000
    217   .0000
    218   .0000
    219   .0000
    220   .0000
    221   .0000
    222   .0000
    223   .0000
    224   .0000
    225   .0000
    226   .0000
    227   .0000
    228   .0000
 VALORES DE AUTOV DE ENTRADA ************************
   
 VALORES DE WR_POS ORIGINAIS ************************
      1  44.64652
      2    .00000
      3    .00000
      4    .00000
      5    .00000
      6    .00000
      7    .00000
      8    .00000
      9    .00000
     10    .00000
     11    .00000
     12    .00000
     13    .00000
     14    .00000
     15    .00000
     16    .00000
     17    .00000
     18    .00000
     19    .00000
     20    .00000
     21    .00000
     22    .00000
     23    .00000
     24    .00000
     25    .00000
     26    .00000
     27    .00000
     28    .00000
     29    .00000
     30    .00000
     31    .00000
     32    .00000
     33    .00000
     34    .00000
     35    .00000
     36    .00000
     37    .00000
     38    .00000
     39    .00000
     40    .00000
     41    .00000
     42    .00000
     43    .00000
     44    .00000
     45    .00000
     46    .00000
     47    .00000
     48    .00000
     49    .00000
     50    .00000
     51    .00000
     52    .00000
     53    .00000
     54    .00000
     55    .00000
     56    .00000
     57    .00000
     58    .00000
     59    .00000
     60    .00000
     61    .00000
     62    .00000
     63    .00000
     64    .00000
     65    .00000
     66    .00000
     67    .00000
     68    .00000
     69    .00000
     70    .00000
     71    .00000
     72    .00000
     73    .00000
     74    .00000
     75    .00000
     76    .00000
     77    .00000
     78    .00000
     79    .00000
     80    .00000
     81    .00000
     82    .00000
     83    .00000
     84    .00000
     85    .00000
     86    .00000
     87    .00000
     88    .00000
     89    .00000
     90    .00000
     91    .00000
     92    .00000
     93    .00000
     94    .00000
     95    .00000
     96    .00000
     97    .00000
     98    .00000
     99    .00000
    100    .00000
    101    .00000
    102    .00000
    103    .00000
    104    .00000
    105    .00000
    106    .00000
    107    .00000
    108    .00000
    109    .00000
    110    .00000
    111    .00000
    112    .00000
    113    .00000
    114    .00000
    115    .00000
    116    .00000
    117    .00000
    118    .00000
    119    .00000
    120    .00000
    121    .00000
    122    .00000
    123    .00000
    124    .00000
    125    .00000
    126    .00000
    127    .00000
    128    .00000
    129    .00000
    130    .00000
    131    .00000
    132    .00000
    133    .00000
    134    .00000
    135    .00000
    136    .00000
    137    .00000
    138    .00000
    139    .00000
    140    .00000
    141    .00000
    142    .00000
    143    .00000
    144    .00000
    145    .00000
    146    .00000
    147    .00000
    148    .00000
    149    .00000
    150    .00000
    151    .00000
    152    .00000
    153    .00000
    154    .00000
    155    .00000
    156    .00000
    157    .00000
    158    .00000
    159    .00000
    160    .00000
    161    .00000
    162    .00000
    163    .00000
    164    .00000
    165    .00000
    166    .00000
    167    .00000
    168    .00000
    169    .00000
    170    .00000
    171    .00000
    172    .00000
    173    .00000
    174    .00000
    175    .00000
    176    .00000
    177    .00000
    178    .00000
    179    .00000
    180    .00000
    181    .00000
    182    .00000
    183    .00000
    184    .00000
    185    .00000
    186    .00000
    187    .00000
    188    .00000
    189    .00000
    190    .00000
    191    .00000
    192    .00000
    193    .00000
    194    .00000
    195    .00000
    196    .00000
    197    .00000
    198    .00000
    199    .00000
    200    .00000
    201    .00000
    202    .00000
    203    .00000
    204    .00000
    205    .00000
    206    .00000
    207    .00000
    208    .00000
    209    .00000
    210    .00000
    211    .00000
    212    .00000
    213    .00000
    214    .00000
    215    .00000
    216    .00000
    217    .00000
    218    .00000
    219    .00000
    220    .00000
    221    .00000
    222    .00000
    223    .00000
    224    .00000
    225    .00000
    226    .00000
    227    .00000
    228    .00000
    229    .00000
    230    .00000
    231    .00000
    232    .00000
    233    .00000
    234    .00000
    235    .00000
    236    .00000
    237    .00000
    238    .00000
    239    .00000
    240    .00000
    241    .00000
    242    .00000
    243    .00000
    244    .00000
    245    .00000
    246    .00000
    247    .00000
    248    .00000
    249    .00000
    250    .00000
    251    .00000
    252    .00000
    253    .00000
    254    .00000
    255    .00000
    256    .00000
    257    .00000
    258    .00000
    259    .00000
    260    .00000
    261    .00000
    262    .00000
    263    .00000
    264    .00000
    265    .00000
    266    .00000
    267    .00000
    268    .00000
    269    .00000
    270    .00000
    271    .00000
    272    .00000
    273    .00000
    274    .00000
    275    .00000
    276    .00000
    277    .00000
    278    .00000
    279    .00000
    280    .00000
    281    .00000
    282    .00000
    283    .00000
    284    .00000
    285    .00000
    286    .00000
    287    .00000
    288    .00000
    289    .00000
    290    .00000
    291    .00000
    292    .00000
    293    .00000
    294    .00000
    295    .00000
    296    .00000
    297    .00000
    298    .00000
    299    .00000
    300    .00000
    301    .00000
    302    .00000
    303    .00000
    304    .00000
    305    .00000
    306    .00000
    307    .00000
    308    .00000
    309    .00000
    310    .00000
    311    .00000
    312    .00000
    313    .00000
    314    .00000
    315    .00000
    316    .00000
    317    .00000
    318    .00000
    319    .00000
    320    .00000
    321    .00000
    322    .00000
    323    .00000
    324    .00000
    325    .00000
    326    .00000
    327    .00000
    328    .00000
    329    .00000
    330    .00000
    331    .00000
    332    .00000
    333    .00000
    334    .00000
    335    .00000
    336    .00000
    337    .00000
    338    .00000
    339    .00000
    340    .00000
    341    .00000
    342    .00000
    343    .00000
    344    .00000
    345    .00000
    346    .00000
    347    .00000
    348    .00000
    349    .00000
    350    .00000
    351    .00000
    352    .00000
    353    .00000
    354    .00000
    355    .00000
    356    .00000
    357    .00000
    358    .00000
    359    .00000
    360    .00000
    361    .00000
    362    .00000
    363    .00000
    364    .00000
    365    .00000
    366    .00000
    367    .00000
    368    .00000
    369    .00000
    370    .00000
    371    .00000
    372    .00000
    373    .00000
    374    .00000
    375    .00000
    376    .00000
    377    .00000
    378    .00000
    379    .00000
    380    .00000
    381    .00000
    382    .00000
    383    .00000
    384    .00000
    385    .00000
    386    .00000
    387    .00000
    388    .00000
    389    .00000
    390    .00000
    391    .00000
    392    .00000
    393    .00000
    394    .00000
    395    .00000
    396    .00000
    397    .00000
    398    .00000
    399    .00000
    400    .00000
    401    .00000
    402    .00000
    403    .00000
    404    .00000
    405    .00000
    406    .00000
    407    .00000
    408    .00000
    409    .00000
    410    .00000
    411    .00000
    412    .00000
    413    .00000
    414    .00000
    415    .00000
    416    .00000
    417    .00000
    418    .00000
    419    .00000
    420    .00000
    421    .00000
    422    .00000
    423    .00000
    424    .00000
    425    .00000
    426    .00000
    427    .00000
    428    .00000
    429    .00000
    430    .00000
    431    .00000
    432    .00000
    433    .00000
    434    .00000
    435    .00000
    436    .00000
    437    .00000
    438    .00000
    439    .00000
    440    .00000
    441    .00000
    442    .00000
    443    .00000
    444    .00000
    445    .00000
    446    .00000
    447    .00000
    448    .00000
    449    .00000
    450    .00000
    451    .00000
    452    .00000
    453    .00000
    454    .00000
    455    .00000
    456    .00000
    457    .00000
    458    .00000
    459    .00000
    460    .00000
    461    .00000
    462    .00000
    463    .00000
    464    .00000
    465    .00000
    466    .00000
    467    .00000
    468    .00000
    469    .00000
    470    .00000
    471    .00000
    472    .00000
    473    .00000
    474    .00000
    475    .00000
    476    .00000
    477    .00000
    478    .00000
    479    .00000
    480    .00000
    481    .00000
    482    .00000
    483    .00000
    484    .00000
    485    .00000
    486    .00000
    487    .00000
    488    .00000
    489    .00000
    490    .00000
    491    .00000
    492    .00000
    493    .00000
    494    .00000
    495    .00000
    496    .00000
    497    .00000
    498    .00000
    499    .00000
    500    .00000
    501    .00000
    502    .00000
    503    .00000
    504    .00000
    505    .00000
    506    .00000
    507    .00000
    508    .00000
    509    .00000
    510    .00000
    511    .00000
    512    .00000
    513    .00000
    514    .00000
    515    .00000
    516    .00000
    517    .00000
    518    .00000
    519    .00000
    520    .00000
    521    .00000
    522    .00000
    523    .00000
    524    .00000
    525    .00000
    526    .00000
    527    .00000
    528    .00000
    529    .00000
    530    .00000
    531    .00000
    532    .00000
    533    .00000
    534    .00000
    535    .00000
    536    .00000
    537    .00000
    538    .00000
    539    .00000
    540    .00000
    541    .00000
    542    .00000
    543    .00000
    544    .00000
    545    .00000
    546    .00000
    547    .00000
    548    .00000
    549    .00000
    550    .00000
    551    .00000
    552    .00000
    553    .00000
    554    .00000
    555    .00000
    556    .00000
    557    .00000
    558    .00000
    559    .00000
    560    .00000
    561    .00000
    562    .00000
    563    .00000
    564    .00000
    565    .00000
    566    .00000
    567    .00000
    568    .00000
    569    .00000
    570    .00000
    571    .00000
    572    .00000
    573    .00000
    574    .00000
    575    .00000
    576    .00000
    577    .00000
    578    .00000
    579    .00000
    580    .00000
    581    .00000
    582    .00000
    583    .00000
    584    .00000
    585    .00000
    586    .00000
    587    .00000
    588    .00000
    589    .00000
    590    .00000
    591    .00000
    592    .00000
    593    .00000
    594    .00000
    595    .00000
    596    .00000
    597    .00000
    598    .00000
    599    .00000
    600    .00000
    601    .00000
    602    .00000
    603    .00000
    604    .00000
    605    .00000
    606    .00000
    607    .00000
    608    .00000
    609    .00000
    610    .00000
    611    .00000
    612    .00000
    613    .00000
    614    .00000
    615    .00000
    616    .00000
    617    .00000
    618    .00000
    619    .00000
    620    .00000
    621    .00000
    622    .00000
    623    .00000
    624    .00000
    625    .00000
    626    .00000
    627    .00000
    628    .00000
    629    .00000
    630    .00000
    631    .00000
    632    .00000
    633    .00000
    634    .00000
    635    .00000
    636    .00000
    637    .00000
    638    .00000
    639    .00000
    640    .00000
    641    .00000
    642    .00000
    643    .00000
    644    .00000
    645    .00000
    646    .00000
    647    .00000
    648    .00000
    649    .00000
    650    .00000
    651    .00000
    652    .00000
    653    .00000
    654    .00000
    655    .00000
    656    .00000
    657    .00000
    658    .00000
    659    .00000
    660    .00000
    661    .00000
    662    .00000
    663    .00000
    664    .00000
    665    .00000
    666    .00000
    667    .00000
    668    .00000
    669    .00000
    670    .00000
    671    .00000
    672    .00000
    673    .00000
    674    .00000
    675    .00000
    676    .00000
    677    .00000
    678    .00000
    679    .00000
    680    .00000
    681    .00000
    682    .00000
    683    .00000
    684    .00000
    685    .00000
    686    .00000
    687    .00000
    688    .00000
    689    .00000
    690    .00000
    691    .00000
    692    .00000
    693    .00000
    694    .00000
    695    .00000
    696    .00000
    697    .00000
    698    .00000
    699    .00000
    700    .00000
    701    .00000
    702    .00000
    703    .00000
    704    .00000
    705    .00000
    706    .00000
    707    .00000
    708    .00000
    709    .00000
    710    .00000
    711    .00000
    712    .00000
    713    .00000
    714    .00000
    715    .00000
    716    .00000
    717    .00000
    718    .00000
    719    .00000
    720    .00000
    721    .00000
    722    .00000
    723    .00000
    724    .00000
    725    .00000
    726    .00000
    727    .00000
    728    .00000
    729    .00000
    730    .00000
    731    .00000
    732    .00000
    733    .00000
    734    .00000
    735    .00000
    736    .00000
    737    .00000
    738    .00000
    739    .00000
    740    .00000
    741    .00000
    742    .00000
    743    .00000
    744    .00000
    745    .00000
    746    .00000
    747    .00000
    748    .00000
    749    .00000
    750    .00000
    751    .00000
    752    .00000
    753    .00000
    754    .00000
    755    .00000
    756    .00000
    757    .00000
    758    .00000
    759    .00000
    760    .00000
    761    .00000
    762    .00000
    763    .00000
    764    .00000
    765    .00000
    766    .00000
    767    .00000
    768    .00000
    769    .00000
    770    .00000
    771    .00000
    772    .00000
    773    .00000
    774    .00000
    775    .00000
    776    .00000
    777    .00000
    778    .00000
    779    .00000
    780    .00000
    781    .00000
    782    .00000
    783    .00000
    784    .00000
    785    .00000
    786    .00000
    787    .00000
    788    .00000
    789    .00000
    790    .00000
    791    .00000
    792    .00000
    793    .00000
    794    .00000
    795    .00000
    796    .00000
    797    .00000
    798    .00000
    799    .00000
    800    .00000
    801    .00000
    802    .00000
    803    .00000
    804    .00000
    805    .00000
    806    .00000
    807    .00000
    808    .00000
    809    .00000
    810    .00000
    811    .00000
    812    .00000
    813    .00000
    814    .00000
    815    .00000
    816    .00000
    817    .00000
    818    .00000
    819    .00000
    820    .00000
    821    .00000
    822    .00000
    823    .00000
    824    .00000
    825    .00000
    826    .00000
    827    .00000
    828    .00000
   
 VALORES DE WRA  ************************************
 WRA ORIGINAL POSSUIA         828 NUM., REDUZIDO PARA         394 NUM.
      1    .14966
      2   2.58492
      3    .62198
      4   1.26798
      5    .88806
      6   1.06115
      7    .97076
      8   1.01495
      9    .99261
     10   1.00372
     11    .99815
     12   1.00093
     13    .99954
     14   1.00023
     15    .99988
     16   1.00006
     17    .99997
     18   1.00001
     19    .99999
     20   1.00000
     21   1.00000
     22   1.00000
     23   1.00000
     24   1.00000
     25   1.00000
     26   1.00000
     27   1.00000
     28   1.00000
     29   1.00000
     30   1.00000
     31   1.00000
     32   1.00000
     33   1.00000
     34   1.00000
     35   1.00000
     36   1.00000
     37   1.00000
     38   1.00000
     39   1.00000
     40   1.00000
     41   1.00000
     42   1.00000
     43   1.00000
     44   1.00000
     45   1.00000
     46   1.00000
     47   1.00000
     48   1.00000
     49   1.00000
     50   1.00000
     51   1.00000
     52   1.00000
     53   1.00000
     54   1.00000
     55   1.00000
     56   1.00000
     57   1.00000
     58   1.00000
     59   1.00000
     60   1.00000
     61   1.00000
     62   1.00000
     63   1.00000
     64   1.00000
     65   1.00000
     66   1.00000
     67   1.00000
     68   1.00000
     69   1.00000
     70   1.00000
     71   1.00000
     72   1.00000
     73   1.00000
     74   1.00000
     75   1.00000
     76   1.00000
     77   1.00000
     78   1.00000
     79   1.00000
     80   1.00000
     81   1.00000
     82   1.00000
     83   1.00000
     84   1.00000
     85   1.00000
     86   1.00000
     87   1.00000
     88   1.00000
     89   1.00000
     90   1.00000
     91   1.00000
     92   1.00000
     93   1.00000
     94   1.00000
     95   1.00000
     96   1.00000
     97   1.00000
     98   1.00000
     99   1.00000
    100   1.00000
    101   1.00000
    102   1.00000
    103   1.00000
    104   1.00000
    105   1.00000
    106   1.00000
    107   1.00000
    108   1.00000
    109   1.00000
    110   1.00000
    111   1.00000
    112   1.00000
    113   1.00000
    114   1.00000
    115   1.00000
    116   1.00000
    117   1.00000
    118   1.00000
    119   1.00000
    120   1.00000
    121   1.00000
    122   1.00000
    123   1.00000
    124   1.00000
    125   1.00000
    126   1.00000
    127   1.00000
    128   1.00000
    129   1.00000
    130   1.00000
    131   1.00000
    132   1.00000
    133   1.00000
    134   1.00000
    135   1.00000
    136   1.00000
    137   1.00000
    138   1.00000
    139   1.00000
    140   1.00000
    141   1.00000
    142   1.00000
    143   1.00000
    144   1.00000
    145   1.00000
    146   1.00000
    147   1.00000
    148   1.00000
    149   1.00000
    150   1.00000
    151   1.00000
    152   1.00000
    153   1.00000
    154   1.00000
    155   1.00000
    156   1.00000
    157   1.00000
    158   1.00000
    159   1.00000
    160   1.00000
    161   1.00000
    162   1.00000
    163   1.00000
    164   1.00000
    165   1.00000
    166   1.00000
    167   1.00000
    168   1.00000
    169   1.00000
    170   1.00000
    171   1.00000
    172   1.00000
    173   1.00000
    174   1.00000
    175   1.00000
    176   1.00000
    177   1.00000
    178   1.00000
    179   1.00000
    180   1.00000
    181   1.00000
    182   1.00000
    183   1.00000
    184   1.00000
    185   1.00000
    186   1.00000
    187   1.00000
    188   1.00000
    189   1.00000
    190   1.00000
    191   1.00000
    192   1.00000
    193   1.00000
    194   1.00000
    195   1.00000
    196   1.00000
    197   1.00000
    198   1.00000
    199   1.00000
    200   1.00000
    201   1.00000
    202   1.00000
    203   1.00000
    204   1.00000
    205   1.00000
    206   1.00000
    207   1.00000
    208   1.00000
    209   1.00000
    210   1.00000
    211   1.00000
    212   1.00000
    213   1.00000
    214   1.00000
    215   1.00000
    216   1.00000
    217   1.00000
    218   1.00000
    219   1.00000
    220   1.00000
    221   1.00000
    222   1.00000
    223   1.00000
    224   1.00000
    225   1.00000
    226   1.00000
    227   1.00000
    228   1.00000
    229   1.00000
    230   1.00000
    231   1.00000
    232   1.00000
    233   1.00000
    234   1.00000
    235   1.00000
    236   1.00000
    237   1.00000
    238   1.00000
    239   1.00000
    240   1.00000
    241   1.00000
    242   1.00000
    243   1.00000
    244   1.00000
    245   1.00000
    246   1.00000
    247   1.00000
    248   1.00000
    249   1.00000
    250   1.00000
    251   1.00000
    252   1.00000
    253   1.00000
    254   1.00000
    255   1.00000
    256   1.00000
    257   1.00000
    258   1.00000
    259   1.00000
    260   1.00000
    261   1.00000
    262   1.00000
    263   1.00000
    264   1.00000
    265   1.00000
    266   1.00000
    267   1.00000
    268   1.00000
    269   1.00000
    270   1.00000
    271   1.00000
    272   1.00000
    273   1.00000
    274   1.00000
    275   1.00000
    276   1.00000
    277   1.00000
    278   1.00000
    279   1.00000
    280   1.00000
    281   1.00000
    282   1.00000
    283   1.00000
    284   1.00000
    285   1.00000
    286   1.00000
    287   1.00000
    288   1.00000
    289   1.00000
    290   1.00000
    291   1.00000
    292   1.00000
    293   1.00000
    294   1.00000
    295   1.00000
    296   1.00000
    297   1.00000
    298   1.00000
    299   1.00000
    300   1.00000
    301   1.00000
    302   1.00000
    303   1.00000
    304   1.00000
    305   1.00000
    306   1.00000
    307   1.00000
    308   1.00000
    309   1.00000
    310   1.00000
    311   1.00000
    312   1.00000
    313   1.00000
    314   1.00000
    315   1.00000
    316   1.00000
    317   1.00000
    318   1.00000
    319   1.00000
    320   1.00000
    321   1.00000
    322   1.00000
    323   1.00000
    324   1.00000
    325   1.00000
    326   1.00000
    327   1.00000
    328   1.00000
    329   1.00000
    330   1.00000
    331   1.00000
    332   1.00000
    333   1.00000
    334   1.00000
    335   1.00000
    336   1.00000
    337   1.00000
    338   1.00000
    339   1.00000
    340   1.00000
    341   1.00000
    342   1.00000
    343   1.00000
    344   1.00000
    345   1.00000
    346   1.00000
    347   1.00000
    348   1.00000
    349   1.00000
    350   1.00000
    351   1.00000
    352   1.00000
    353   1.00000
    354   1.00000
    355   1.00000
    356   1.00000
    357   1.00000
    358   1.00000
    359   1.00000
    360   1.00000
    361   1.00000
    362   1.00000
    363   1.00000
    364   1.00000
    365   1.00000
    366   1.00000
    367   1.00000
    368   1.00000
    369   1.00000
    370   1.00000
    371   1.00000
    372   1.00000
    373   1.00000
    374   1.00000
    375   1.00000
    376   1.00000
    377   1.00000
    378   1.00000
    379   1.00000
    380   1.00000
    381   1.00000
    382   1.00000
    383   1.00000
    384   1.00000
    385   1.00000
    386   1.00000
    387   1.00000
    388   1.00000
    389   1.00000
    390   1.00000
    391   1.00000
    392   1.00000
    393   1.00000
    394   1.00000



           - AUTOVALORES - 
          REAL     IMAGINARIO
           1       44.646523739508050   0.000000000000000E+000
           2      -43.320184022749220   0.000000000000000E+000
           3       -8.804148915773171   0.000000000000000E+000
           4        7.162587742436878   0.000000000000000E+000
           5        1.518080824434164       -7.103309322390376
           6        1.518080824434164        7.103309322390376
           7        6.703194627522655  -6.710844794312789E-001
           8        6.703194627522655   6.710844794312789E-001
           9        6.566549546104985       -1.248434962499931
          10        6.566549546104985        1.248434962499931
          11        6.396329522931277       -1.793511717198325
          12        6.396329522931277        1.793511717198325
          13        6.181284168197762       -2.308044007490242
          14        6.181284168197762        2.308044007490242
          15        5.916411090707940       -2.791625625479158
          16        5.916411090707940        2.791625625479158
          17        5.604438648141105       -3.239684572073684
          18        5.604438648141105        3.239684572073684
          19        5.254903523855184       -3.632193123796809
          20        5.254903523855184        3.632193123796809
          21        4.922048126118899       -3.945750746515923
          22        4.922048126118899        3.945750746515923
          23        4.638222394309679       -4.286555153773749
          24        4.638222394309679        4.286555153773749
          25        4.282197124823641       -4.659249702162690
          26        4.282197124823641        4.659249702162690
          27        3.857849206381548       -4.998990978229170
          28        3.857849206381548        4.998990978229170
          29        3.384946412199995       -5.296299106407022
          30        3.384946412199995        5.296299106407022
          31        2.870630210956562       -5.549266302855185
          32        2.870630210956562        5.549266302855185
          33        2.315852200006064       -5.755201038370041
          34        2.315852200006064        5.755201038370041
          35        1.717736327680418       -5.904353771417456
          36        1.717736327680418        5.904353771417456
          37        1.092694964553554       -5.968912873004675
          38        1.092694964553554        5.968912873004675
          39   4.956289667306588E-001       -5.949602002994546
          40   4.956289667306588E-001        5.949602002994546
          41  -5.251378069163981E-002       -5.876069601809307
          42  -5.251378069163981E-002        5.876069601809307
          43  -5.458643534203833E-001       -5.756509650140188
          44  -5.458643534203833E-001        5.756509650140188
          45        4.616469225157605       -1.711103391469865
          46        4.616469225157605        1.711103391469865
          47  -9.788670862046849E-001       -5.581573948887932
          48  -9.788670862046849E-001        5.581573948887932
          49       -1.366116823564444       -5.358098180591755
          50       -1.366116823564444        5.358098180591755
          51       -1.732493739610552       -5.121991192779817
          52       -1.732493739610552        5.121991192779817
          53       -2.095281930438093       -4.868595553259568
          54       -2.095281930438093        4.868595553259568
          55        4.119898603635583   0.000000000000000E+000
          56       -2.422852363979670       -4.584978709677639
          57       -2.422852363979670        4.584978709677639
          58       -2.713771351799851       -4.334207851642248
          59       -2.713771351799851        4.334207851642248
          60       -3.058500376167237       -4.080898286023009
          61       -3.058500376167237        4.080898286023009
          62       -3.406007669812357       -3.758416161902600
          63       -3.406007669812357        3.758416161902600
          64       -3.720876013622437       -3.387092164347769
          65       -3.720876013622437        3.387092164347769
          66       -3.995627161605264       -2.981819539243107
          67       -3.995627161605264        2.981819539243107
          68       -4.223658427445667       -2.551442141528365
          69       -4.223658427445667        2.551442141528365
          70       -4.394427146921709       -2.100158497188313
          71       -4.394427146921709        2.100158497188313
          72       -4.499602403485848       -1.627701047432270
          73       -4.499602403485848        1.627701047432270
          74       -4.541603100194887       -1.140237030863266
          75       -4.541603100194887        1.140237030863266
          76       -4.527022106054208  -6.534833777649227E-001
          77       -4.527022106054208   6.534833777649227E-001
          78       -4.464553879443327  -1.956603080589227E-001
          79       -4.464553879443327   1.956603080589227E-001
          80       -4.268921084697533  -2.296791826674951E-001
          81       -4.268921084697533   2.296791826674951E-001
          82       -4.144453352894016  -6.383979800874025E-001
          83       -4.144453352894016   6.383979800874025E-001
          84       -3.978956755260959       -1.013338076530004
          85       -3.978956755260959        1.013338076530004
          86       -3.781931131006810       -1.351296517903452
          87       -3.781931131006810        1.351296517903452
          88  -4.424438286672805E-002       -3.774888366323117
          89  -4.424438286672805E-002        3.774888366323117
          90  -4.402247580830503E-001       -3.752832224602528
          91  -4.402247580830503E-001        3.752832224602528
          92   3.149236866433955E-001       -3.727477068723488
          93   3.149236866433955E-001        3.727477068723488
          94  -8.468844102834113E-001       -3.668477387516769
          95  -8.468844102834113E-001        3.668477387516769
          96       -1.900136263378473       -3.286668398666253
          97       -1.900136263378473        3.286668398666253
          98       -1.210888523535796       -3.557006770021205
          99       -1.210888523535796        3.557006770021205
         100       -1.555162762456058       -3.435113200867764
         101       -1.555162762456058        3.435113200867764
         102   6.724467687755065E-001       -3.624157951358940
         103   6.724467687755065E-001        3.624157951358940
         104        1.680871686353890       -3.250889377338694
         105        1.680871686353890        3.250889377338694
         106        1.031167817657525       -3.492085281631104
         107        1.031167817657525        3.492085281631104
         108        1.387467220836621       -3.347873473266999
         109        1.387467220836621        3.347873473266999
         110        3.173576876674681       -1.444533068570375
         111        3.173576876674681        1.444533068570375
         112        3.264015339435736       -1.116993138350709
         113        3.264015339435736        1.116993138350709
         114        3.017202415495901       -1.711598549177987
         115        3.017202415495901        1.711598549177987
         116        3.320232264757648  -7.620587439519730E-001
         117        3.320232264757648   7.620587439519730E-001
         118        3.395007766101195  -1.919038828018490E-001
         119        3.395007766101195   1.919038828018490E-001
         120        3.388343911930360   0.000000000000000E+000
         121        3.364783870861076  -3.848051550656450E-001
         122        3.364783870861076   3.848051550656450E-001
         123        3.323393639067062  -5.624552695131195E-001
         124        3.323393639067062   5.624552695131195E-001
         125        1.844392460511044       -3.010260979670064
         126        1.844392460511044        3.010260979670064
         127        3.188622941430762  -9.092101100030018E-001
         128        3.188622941430762   9.092101100030018E-001
         129        2.763175641476773       -1.968335177960195
         130        2.763175641476773        1.968335177960195
         131        3.038202939827753       -1.230639052547592
         132        3.038202939827753        1.230639052547592
         133        2.043338383756396       -2.717730140578488
         134        2.043338383756396        2.717730140578488
         135        2.469375663330581       -2.263013525794925
         136        2.469375663330581        2.263013525794925
         137        2.869178687455571       -1.520073976358889
         138        2.869178687455571        1.520073976358889
         139        2.219819994697486       -2.499558649246772
         140        2.219819994697486        2.499558649246772
         141        3.054897879500798  -6.187334649278089E-001
         142        3.054897879500798   6.187334649278089E-001
         143        3.008520615193022  -8.555488901699395E-001
         144        3.008520615193022   8.555488901699395E-001
         145        2.693497306677692       -1.788116198940421
         146        2.693497306677692        1.788116198940421
         147        2.548083623313540       -2.018015276139963
         148        2.548083623313540        2.018015276139963
         149        2.894286221156136       -1.144545784954854
         150        2.894286221156136        1.144545784954854
         151        3.029507962225848  -3.290820861358731E-001
         152        3.029507962225848   3.290820861358731E-001
         153        2.776740300511296       -1.448811466059980
         154        2.776740300511296        1.448811466059980
         155        2.641526583979126       -1.737263920969830
         156        2.641526583979126        1.737263920969830
         157        3.016574597684031   0.000000000000000E+000
         158        2.857098055332608       -1.047725303675866
         159        2.857098055332608        1.047725303675866
         160        2.907753046516871  -7.537763332820738E-001
         161        2.907753046516871   7.537763332820738E-001
         162        2.761108273299250       -1.330441960549969
         163        2.761108273299250        1.330441960549969
         164        1.254622045630398       -3.142072322854146
         165        1.254622045630398        3.142072322854146
         166        2.925407483178967  -4.523428089225077E-001
         167        2.925407483178967   4.523428089225077E-001
         168        2.932590811531961  -1.493503385603614E-001
         169        2.932590811531961   1.493503385603614E-001
         170        2.625311689616516       -1.591759676855990
         171        2.625311689616516        1.591759676855990
         172        2.358689909439121       -2.219421311072643
         173        2.358689909439121        2.219421311072643
         174        1.531346636544369       -2.970507883761203
         175        1.531346636544369        2.970507883761203
         176        2.448021420150557       -1.976000247192448
         177        2.448021420150557        1.976000247192448
         178        1.781418157541622       -2.768932623222126
         179        1.781418157541622        2.768932623222126
         180        2.476327243793629       -1.810870829803506
         181        2.476327243793629        1.810870829803506
         182        2.123125630234787       -2.426372024361761
         183        2.123125630234787        2.426372024361761
         184        2.005407425172630       -2.541576172833202
         185        2.005407425172630        2.541576172833202
         186        2.358037163959153       -2.027297587190034
         187        2.358037163959153        2.027297587190034
         188        2.204875628225366       -2.291071860052623
         189        2.204875628225366        2.291071860052623
         190   9.525800628585737E-001       -3.282263012523808
         191   9.525800628585737E-001        3.282263012523808
         192        2.258500500498510       -2.132692281886713
         193        2.258500500498510        2.132692281886713
         194        1.880515534359326       -2.614295232438339
         195        1.880515534359326        2.614295232438339
         196   6.288397642239947E-001       -3.390826746495630
         197   6.288397642239947E-001        3.390826746495630
         198        2.091314630178006       -2.307208192718657
         199        2.091314630178006        2.307208192718657
         200   2.902455686362413E-001       -3.466406619249895
         201   2.902455686362413E-001        3.466406619249895
         202        1.624839339113652       -2.777542675161644
         203        1.624839339113652        2.777542675161644
         204        1.880355050806471       -2.495771169023921
         205        1.880355050806471        2.495771169023921
         206  -5.486260542530697E-002       -3.507116775047373
         207  -5.486260542530697E-002        3.507116775047373
         208       -2.231858650723477       -3.100674244446263
         209       -2.231858650723477        3.100674244446263
         210  -3.991016923666351E-001       -3.511183303159734
         211  -3.991016923666351E-001        3.511183303159734
         212       -2.536851811350027       -2.876436146667938
         213       -2.536851811350027        2.876436146667938
         214       -3.567302268828451       -1.636787436685608
         215       -3.567302268828451        1.636787436685608
         216        1.355589282123279       -2.913327782498057
         217        1.355589282123279        2.913327782498057
         218        1.636811228153067       -2.661703076824685
         219        1.636811228153067        2.661703076824685
         220  -7.374563437172745E-001       -3.474968807835136
         221  -7.374563437172745E-001        3.474968807835136
         222        1.075615191718596       -3.017144298597430
         223        1.075615191718596        3.017144298597430
         224        1.373462956081426       -2.798671519154531
         225        1.373462956081426        2.798671519154531
         226       -2.805440794745561       -2.619057675505592
         227       -2.805440794745561        2.619057675505592
         228       -1.063179559352521       -3.390056572000114
         229       -1.063179559352521        3.390056572000114
         230       -3.367315375225091       -1.871291955645715
         231       -3.367315375225091        1.871291955645715
         232       -3.024029527978628       -2.344354599299032
         233       -3.024029527978628        2.344354599299032
         234       -3.193978497735702       -2.092365670170490
         235       -3.193978497735702        2.092365670170490
         236        1.095177113237868       -2.906064243314226
         237        1.095177113237868        2.906064243314226
         238   7.914762098690928E-001       -3.083307807728539
         239   7.914762098690928E-001        3.083307807728539
         240       -1.359271274379597       -3.250948932131202
         241       -1.359271274379597        3.250948932131202
         242   8.044810698161924E-001       -2.983548449130338
         243   8.044810698161924E-001        2.983548449130338
         244   5.268169684644071E-001       -3.112660109133290
         245   5.268169684644071E-001        3.112660109133290
         246   2.906022577871656E-001       -3.152749627779531
         247   2.906022577871656E-001        3.152749627779531
         248   1.961897723258987E-002       -3.204413932576227
         249   1.961897723258987E-002        3.204413932576227
         250  -2.758615930287078E-001       -3.220012451569274
         251  -2.758615930287078E-001        3.220012451569274
         252   5.059605206961746E-001       -3.027463020501501
         253   5.059605206961746E-001        3.027463020501501
         254       -1.612532880886146       -3.081341416051521
         255       -1.612532880886146        3.081341416051521
         256  -5.764324190587820E-001       -3.197097046481358
         257  -5.764324190587820E-001        3.197097046481358
         258   2.052339666267158E-001       -3.052532918464066
         259   2.052339666267158E-001        3.052532918464066
         260       -1.834762592806938       -2.915127205526483
         261       -1.834762592806938        2.915127205526483
         262       -2.509278477197005       -2.457674798274233
         263       -2.509278477197005        2.457674798274233
         264       -2.749993745401119       -2.242354311972081
         265       -2.749993745401119        2.242354311972081
         266       -2.970090437971133       -1.986605618469413
         267       -2.970090437971133        1.986605618469413
         268       -2.258660706521785       -2.627137239771666
         269       -2.258660706521785        2.627137239771666
         270       -2.037942020391721       -2.757899318488790
         271       -2.037942020391721        2.757899318488790
         272  -8.781300902623500E-001       -3.134868019913677
         273  -8.781300902623500E-001        3.134868019913677
         274       -3.153840092230818       -1.687787627913586
         275       -3.153840092230818        1.687787627913586
         276  -1.061774053798810E-001       -3.059122689156863
         277  -1.061774053798810E-001        3.059122689156863
         278       -3.279870911611405       -1.363887071290583
         279       -3.279870911611405        1.363887071290583
         280       -1.185471220955116       -3.032947859103272
         281       -1.185471220955116        3.032947859103272
         282  -4.077848079221769E-001       -3.045587065128509
         283  -4.077848079221769E-001        3.045587065128509
         284        2.580119202078462  -1.743808505990575E-001
         285        2.580119202078462   1.743808505990575E-001
         286       -1.502935765690504       -2.889761018947702
         287       -1.502935765690504        2.889761018947702
         288  -6.934002862955746E-001       -3.006623927689187
         289  -6.934002862955746E-001        3.006623927689187
         290       -3.357193179073724       -1.031249276751094
         291       -3.357193179073724        1.031249276751094
         292  -9.607134432218192E-001       -2.938860215292096
         293  -9.607134432218192E-001        2.938860215292096
         294       -1.815047605695166       -2.682138757881994
         295       -1.815047605695166        2.682138757881994
         296       -3.476260644785115   0.000000000000000E+000
         297       -3.456250743455018  -3.246497713413141E-001
         298       -3.456250743455018   3.246497713413141E-001
         299       -3.398135496447345  -6.768229695079326E-001
         300       -3.398135496447345   6.768229695079326E-001
         301       -3.398289334314799  -1.437592005584436E-001
         302       -3.398289334314799   1.437592005584436E-001
         303       -3.372390319015294  -4.262736239627867E-001
         304       -3.372390319015294   4.262736239627867E-001
         305       -3.325228761801944  -6.768116767692829E-001
         306       -3.325228761801944   6.768116767692829E-001
         307       -1.209771201121364       -2.838815817286984
         308       -1.209771201121364        2.838815817286984
         309       -3.208203435196895  -9.119913154949184E-001
         310       -3.208203435196895   9.119913154949184E-001
         311       -2.070530699916616       -2.405929357678222
         312       -2.070530699916616        2.405929357678222
         313       -1.443036611295217       -2.706855437735736
         314       -1.443036611295217        2.706855437735736
         315       -3.068290243727745       -1.141978836983517
         316       -3.068290243727745        1.141978836983517
         317       -1.660849147311736       -2.547573107452533
         318       -1.660849147311736        2.547573107452533
         319       -2.285136888189087       -2.120897249828267
         320       -2.285136888189087        2.120897249828267
         321       -2.906134245650723       -1.339682232504966
         322       -2.906134245650723        1.339682232504966
         323       -2.481560212700903       -1.901936136782315
         324       -2.481560212700903        1.901936136782315
         325       -2.644629631499199       -1.696674446945162
         326       -2.644629631499199        1.696674446945162
         327       -2.768169965241968       -1.499519517913420
         328       -2.768169965241968        1.499519517913420
         329       -1.860563669369814       -2.368510994874404
         330       -1.860563669369814        2.368510994874404
         331       -2.045315352903389       -2.187810430064450
         332       -2.045315352903389        2.187810430064450
         333       -2.195596699369654       -2.020426172414972
         334       -2.195596699369654        2.020426172414972
         335       -2.336788743203571       -1.795641733529909
         336       -2.336788743203571        1.795641733529909
         337       -2.473188467038807       -1.573157495109149
         338       -2.473188467038807        1.573157495109149
         339       -2.606108686917429       -1.348570971722659
         340       -2.606108686917429        1.348570971722659
         341       -2.724029853303827       -1.102393934306944
         342       -2.724029853303827        1.102393934306944
         343       -2.816365085943038  -8.411768559982428E-001
         344       -2.816365085943038   8.411768559982428E-001
         345       -2.882672134698770  -5.685890567352258E-001
         346       -2.882672134698770   5.685890567352258E-001
         347       -2.922373809671079  -2.869616632190891E-001
         348       -2.922373809671079   2.869616632190891E-001
         349       -2.935540165367491   0.000000000000000E+000
         350       -1.922620777306254       -1.913297771485899
         351       -1.922620777306254        1.913297771485899
         352       -1.706616919938924       -1.842915405291561
         353       -1.706616919938924        1.842915405291561
         354        2.330251909637037  -7.085162896251485E-002
         355        2.330251909637037   7.085162896251485E-002
         356        2.302062762485797  -2.980136116821767E-001
         357        2.302062762485797   2.980136116821767E-001
         358        2.302649435368322  -1.598156406564489E-001
         359        2.302649435368322   1.598156406564489E-001
         360        2.238658055048745  -4.979659081648152E-001
         361        2.238658055048745   4.979659081648152E-001
         362       -1.840704034651862       -1.685575388776539
         363       -1.840704034651862        1.685575388776539
         364       -1.531445560902942       -1.927391504168710
         365       -1.531445560902942        1.927391504168710
         366        2.158656591220929  -6.903047486903720E-001
         367        2.158656591220929   6.903047486903720E-001
         368        2.158607801010401  -5.950957645931707E-001
         369        2.158607801010401   5.950957645931707E-001
         370        2.060751939772569  -8.794997108797494E-001
         371        2.060751939772569   8.794997108797494E-001
         372       -1.343974532307830       -1.999946239598166
         373       -1.343974532307830        1.999946239598166
         374       -1.943119170709410       -1.480585037508677
         375       -1.943119170709410        1.480585037508677
         376        2.051218421838581  -7.929179564380733E-001
         377        2.051218421838581   7.929179564380733E-001
         378        1.942207838316292       -1.061653357854445
         379        1.942207838316292        1.061653357854445
         380       -1.152543458923568       -2.056835075736079
         381       -1.152543458923568        2.056835075736079
         382       -2.029290328621475       -1.267177624155133
         383       -2.029290328621475        1.267177624155133
         384        1.925751453588448  -9.744810865684663E-001
         385        1.925751453588448   9.744810865684663E-001
         386        1.803065310270111       -1.231511588548264
         387        1.803065310270111        1.231511588548264
         388  -9.568828716974822E-001       -2.097415181013222
         389  -9.568828716974822E-001        2.097415181013222
         390       -2.092804422399190       -1.047908948560592
         391       -2.092804422399190        1.047908948560592
         392        1.645012326014702       -1.385164724746448
         393        1.645012326014702        1.385164724746448
         394        1.784474062652813       -1.139370395178514
         395        1.784474062652813        1.139370395178514
         396  -7.607878823355508E-001       -2.121917277491897
         397  -7.607878823355508E-001        2.121917277491897
         398        1.469748804245298       -1.519764125996233
         399        1.469748804245298        1.519764125996233
         400        1.628831677646866       -1.286529602743468
         401        1.628831677646866        1.286529602743468
         402       -2.132485461020626  -8.271852108860766E-001
         403       -2.132485461020626   8.271852108860766E-001
         404  -5.672743152987567E-001       -2.128381600278245
         405  -5.672743152987567E-001        2.128381600278245
         406        1.278082751398654       -1.632911095085626
         407        1.278082751398654        1.632911095085626
         408        1.460588353992742       -1.414582987377351
         409        1.460588353992742        1.414582987377351
         410       -2.151513844961841  -6.077578684223233E-001
         411       -2.151513844961841   6.077578684223233E-001
         412  -3.772895281557466E-001       -2.115274012670513
         413  -3.772895281557466E-001        2.115274012670513
         414        1.067808263506756       -1.724037333801572
         415        1.067808263506756        1.724037333801572
         416        1.281820560576469       -1.522660481907617
         417        1.281820560576469        1.522660481907617
         418       -2.152167507492164  -3.883553026690683E-001
         419       -2.152167507492164   3.883553026690683E-001
         420  -1.924197332519907E-001       -2.081124711152650
         421  -1.924197332519907E-001        2.081124711152650
         422   8.406430668781298E-001       -1.806035569074921
         423   8.406430668781298E-001        1.806035569074921
         424        1.093874712627881       -1.612230860051725
         425        1.093874712627881        1.612230860051725
         426       -2.132761603626111  -1.679698749530084E-001
         427       -2.132761603626111   1.679698749530084E-001
         428  -1.792897472477861E-002       -2.026463954889799
         429  -1.792897472477861E-002        2.026463954889799
         430   6.207016952262312E-001       -1.872697179741057
         431   6.207016952262312E-001        1.872697179741057
         432   9.043306658668437E-001       -1.690336887963022
         433   9.043306658668437E-001        1.690336887963022
         434       -2.089156762008980  -5.142649325178652E-002
         435       -2.089156762008980   5.142649325178652E-002
         436   4.022830263753423E-001       -1.908367431807082
         437   4.022830263753423E-001        1.908367431807082
         438   1.517169013920651E-001       -1.955400537445632
         439   1.517169013920651E-001        1.955400537445632
         440       -2.023263634404996  -2.737970611739618E-001
         441       -2.023263634404996   2.737970611739618E-001
         442   7.143897968651563E-001       -1.741866552527753
         443   7.143897968651563E-001        1.741866552527753
         444       -1.930219330096376  -4.938379320961132E-001
         445       -1.930219330096376   4.938379320961132E-001
         446   2.273739029527044E-001       -1.861197471641896
         447   2.273739029527044E-001        1.861197471641896
         448   5.110304143292657E-001       -1.772410425736315
         449   5.110304143292657E-001        1.772410425736315
         450       -1.806655373328972  -7.022489200550560E-001
         451       -1.806655373328972   7.022489200550560E-001
         452   2.987397327439549E-001       -1.786163216499538
         453   2.987397327439549E-001        1.786163216499538
         454   6.899520313110402E-002       -1.793281963600488
         455   6.899520313110402E-002        1.793281963600488
         456       -1.656546007604536  -8.938631025948906E-001
         457       -1.656546007604536   8.938631025948906E-001
         458  -1.457738474638564E-001       -1.761830241858817
         459  -1.457738474638564E-001        1.761830241858817
         460       -1.482893966959584       -1.067497960853810
         461       -1.482893966959584        1.067497960853810
         462       -1.287105864880469       -1.223208210063373
         463       -1.287105864880469        1.223208210063373
         464  -3.589388468136334E-001       -1.689579015644061
         465  -3.589388468136334E-001        1.689579015644061
         466   3.113702231223982E-001       -1.618188247816950
         467   3.113702231223982E-001        1.618188247816950
         468   2.232387399140922E-001       -1.628884079970535
         469   2.232387399140922E-001        1.628884079970535
         470       -1.071122069204536       -1.362476511229878
         471       -1.071122069204536        1.362476511229878
         472  -6.128158450771730E-001       -1.589237093545130
         473  -6.128158450771730E-001        1.589237093545130
         474  -8.427105201131042E-001       -1.489201210047013
         475  -8.427105201131042E-001        1.489201210047013
         476   4.247259501842078E-001       -1.533056760374911
         477   4.247259501842078E-001        1.533056760374911
         478   5.378271839395572E-001       -1.447834440570579
         479   5.378271839395572E-001        1.447834440570579
         480   5.349979051431897E-002       -1.580917986016862
         481   5.349979051431897E-002        1.580917986016862
         482   6.443920924234998E-001       -1.352455419081283
         483   6.443920924234998E-001        1.352455419081283
         484  -4.412447560194288E-001       -1.525283962679780
         485  -4.412447560194288E-001        1.525283962679780
         486   7.388959129669637E-001       -1.245488366263087
         487   7.388959129669637E-001        1.245488366263087
         488  -1.297596264774198E-001       -1.524018143231826
         489  -1.297596264774198E-001        1.524018143231826
         490   8.176157708822321E-001       -1.132811586626790
         491   8.176157708822321E-001        1.132811586626790
         492  -3.339387007420961E-001       -1.454622393333512
         493  -3.339387007420961E-001        1.454622393333512
         494   8.829582229185069E-001       -1.018157018586546
         495   8.829582229185069E-001        1.018157018586546
         496   9.365563256817817E-001  -9.016466457558748E-001
         497   9.365563256817817E-001   9.016466457558748E-001
         498  -5.434118668585247E-001       -1.322249712386460
         499  -5.434118668585247E-001        1.322249712386460
         500  -7.234707221006953E-001       -1.234494354874716
         501  -7.234707221006953E-001        1.234494354874716
         502   9.792491058562686E-001  -7.827072570023972E-001
         503   9.792491058562686E-001   7.827072570023972E-001
         504  -8.047317574367088E-001       -1.154348697046381
         505  -8.047317574367088E-001        1.154348697046381
         506        1.013559038089865  -6.615173151275129E-001
         507        1.013559038089865   6.615173151275129E-001
         508        1.041520090895963  -5.432863446366989E-001
         509        1.041520090895963   5.432863446366989E-001
         510  -9.072736615534377E-001       -1.014748639053863
         511  -9.072736615534377E-001        1.014748639053863
         512        1.059386740440736  -4.311601079826578E-001
         513        1.059386740440736   4.311601079826578E-001
         514        1.066228117682639  -3.240829941799568E-001
         515        1.066228117682639   3.240829941799568E-001
         516        1.063187326954147  -2.219169863697438E-001
         517        1.063187326954147   2.219169863697438E-001
         518        1.010899695386457  -3.099570077555023E-001
         519        1.010899695386457   3.099570077555023E-001
         520        1.033835928250828  -2.252664390523653E-001
         521        1.033835928250828   2.252664390523653E-001
         522        1.050464430774837  -1.358565024238284E-001
         523        1.050464430774837   1.358565024238284E-001
         524        1.050086657487064  -1.260075597698653E-001
         525        1.050086657487064   1.260075597698653E-001
         526        1.058686105979288  -4.610425363285540E-002
         527        1.058686105979288   4.610425363285540E-002
         528   9.808932826110999E-001  -3.906293164062964E-001
         529   9.808932826110999E-001   3.906293164062964E-001
         530   9.445259215515472E-001  -4.671488024828949E-001
         531   9.445259215515472E-001   4.671488024828949E-001
         532        1.030323025055810  -3.661314949475317E-002
         533        1.030323025055810   3.661314949475317E-002
         534   9.024988960902278E-001  -5.392746635192349E-001
         535   9.024988960902278E-001   5.392746635192349E-001
         536   8.555164924506440E-001  -6.068963757967748E-001
         537   8.555164924506440E-001   6.068963757967748E-001
         538   8.041528933759677E-001  -6.701142548728037E-001
         539   8.041528933759677E-001   6.701142548728037E-001
         540   7.486641218622661E-001  -7.291140603984210E-001
         541   7.486641218622661E-001   7.291140603984210E-001
         542   6.890127532365177E-001  -7.838703960222084E-001
         543   6.890127532365177E-001   7.838703960222084E-001
         544   9.614479765116899E-001   0.000000000000000E+000
         545   9.452186450351815E-001  -7.950452321659632E-002
         546   9.452186450351815E-001   7.950452321659632E-002
         547   6.251522890417294E-001  -8.340022454947141E-001
         548   6.251522890417294E-001   8.340022454947141E-001
         549   9.145783539842896E-001  -1.554672154537886E-001
         550   9.145783539842896E-001   1.554672154537886E-001
         551   5.572781386812046E-001  -8.789168849759530E-001
         552   5.572781386812046E-001   8.789168849759530E-001
         553   8.786902378971127E-001  -2.266986443298873E-001
         554   8.786902378971127E-001   2.266986443298873E-001
         555   4.858608626374746E-001  -9.180191189175377E-001
         556   4.858608626374746E-001   9.180191189175377E-001
         557  -9.889243509405191E-001  -8.828294676547109E-001
         558  -9.889243509405191E-001   8.828294676547109E-001
         559   8.388952671350046E-001  -2.927900498880989E-001
         560   8.388952671350046E-001   2.927900498880989E-001
         561   4.115668467362756E-001  -9.508272575281088E-001
         562   4.115668467362756E-001   9.508272575281088E-001
         563   7.957692798041658E-001  -3.540673750977880E-001
         564   7.957692798041658E-001   3.540673750977880E-001
         565   3.351800924526096E-001  -9.770017408315602E-001
         566   3.351800924526096E-001   9.770017408315602E-001
         567   7.494329653800881E-001  -4.107764223259937E-001
         568   7.494329653800881E-001   4.107764223259937E-001
         569   2.575447285160198E-001  -9.963455899822249E-001
         570   2.575447285160198E-001   9.963455899822249E-001
         571   6.999252246713169E-001  -4.628067043160480E-001
         572   6.999252246713169E-001   4.628067043160480E-001
         573       -1.048929493542765  -7.370612349196457E-001
         574       -1.048929493542765   7.370612349196457E-001
         575   6.474574570358100E-001  -5.098357700418343E-001
         576   6.474574570358100E-001   5.098357700418343E-001
         577   5.924460331288841E-001  -5.515256865733579E-001
         578   5.924460331288841E-001   5.515256865733579E-001
         579   1.019257149863732E-001       -1.014384707229740
         580   1.019257149863732E-001        1.014384707229740
         581   5.354865315289941E-001  -5.875996155903880E-001
         582   5.354865315289941E-001   5.875996155903880E-001
         583   2.551812537775676E-002       -1.013256285984079
         584   2.551812537775676E-002        1.013256285984079
         585       -1.084796944705298  -5.824408017344360E-001
         586       -1.084796944705298   5.824408017344360E-001
         587   4.772875346021895E-001  -6.179588651535317E-001
         588   4.772875346021895E-001   6.179588651535317E-001
         589  -4.905952399050401E-002       -1.005617544126910
         590  -4.905952399050401E-002        1.005617544126910
         591  -1.212830575692365E-001  -9.917706743100352E-001
         592  -1.212830575692365E-001   9.917706743100352E-001
         593   3.597315411480932E-001  -6.619379924772407E-001
         594   3.597315411480932E-001   6.619379924772407E-001
         595       -1.089897226467163  -4.223282133121344E-001
         596       -1.089897226467163   4.223282133121344E-001
         597  -1.907392421450363E-001  -9.721412531972423E-001
         598  -1.907392421450363E-001   9.721412531972423E-001
         599   3.013048757238453E-001  -6.756274280591170E-001
         600   3.013048757238453E-001   6.756274280591170E-001
         601  -2.571319953541170E-001  -9.472898298697093E-001
         602  -2.571319953541170E-001   9.472898298697093E-001
         603   2.438153929496273E-001  -6.828930510650070E-001
         604   2.438153929496273E-001   6.828930510650070E-001
         605  -3.203271512228295E-001  -9.178818881335155E-001
         606  -3.203271512228295E-001   9.178818881335155E-001
         607   1.923687372221435E-001  -6.802923854316766E-001
         608   1.923687372221435E-001   6.802923854316766E-001
         609  -3.804039304326037E-001  -8.845566459582280E-001
         610  -3.804039304326037E-001   8.845566459582280E-001
         611   1.560314282022202E-001  -6.870167972001343E-001
         612   1.560314282022202E-001   6.870167972001343E-001
         613  -4.375727689101261E-001  -8.477863728175031E-001
         614  -4.375727689101261E-001   8.477863728175031E-001
         615   1.055738015026250E-001  -6.999606020688540E-001
         616   1.055738015026250E-001   6.999606020688540E-001
         617   5.168812550532198E-002  -7.046954119474059E-001
         618   5.168812550532198E-002   7.046954119474059E-001
         619   3.671648104653454E-001  -2.349960570809268E-002
         620   3.671648104653454E-001   2.349960570809268E-002
         621   3.652990104670621E-001  -4.667625963106325E-002
         622   3.652990104670621E-001   4.667625963106325E-002
         623   3.626055999679481E-001  -6.969443007388312E-002
         624   3.626055999679481E-001   6.969443007388312E-002
         625   3.589244090896161E-001  -9.288783073145589E-002
         626   3.589244090896161E-001   9.288783073145589E-002
         627   3.539288572313118E-001  -1.161344950861627E-001
         628   3.539288572313118E-001   1.161344950861627E-001
         629   3.476597661916466E-001  -1.392083077108962E-001
         630   3.476597661916466E-001   1.392083077108962E-001
         631   3.402270489037926E-001  -1.622263630787178E-001
         632   3.402270489037926E-001   1.622263630787178E-001
         633   3.313391735995616E-001  -1.854811210222448E-001
         634   3.313391735995616E-001   1.854811210222448E-001
         635   3.203391642906964E-001  -2.091767883166641E-001
         636   3.203391642906964E-001   2.091767883166641E-001
         637   3.069983817607501E-001  -2.345916747706659E-001
         638   3.069983817607501E-001   2.345916747706659E-001
         639   2.946566783217278E-001  -2.611181059563905E-001
         640   2.946566783217278E-001   2.611181059563905E-001
         641   2.833447594404599E-001  -2.218294396576621E-001
         642   2.833447594404599E-001   2.218294396576621E-001
         643   2.816277613984189E-001  -2.858382539134232E-001
         644   2.816277613984189E-001   2.858382539134232E-001
         645   2.668833561733343E-001  -3.095799247091249E-001
         646   2.668833561733343E-001   3.095799247091249E-001
         647   2.504898740431663E-001  -3.327232629977555E-001
         648   2.504898740431663E-001   3.327232629977555E-001
         649   2.325131058245119E-001  -3.555557009611281E-001
         650   2.325131058245119E-001   3.555557009611281E-001
         651   2.126842003370811E-001  -3.784818453194711E-001
         652   2.126842003370811E-001   3.784818453194711E-001
         653  -4.919525867036422E-001  -8.078696137373771E-001
         654  -4.919525867036422E-001   8.078696137373771E-001
         655   1.898122055545520E-001  -4.011658283655122E-001
         656   1.898122055545520E-001   4.011658283655122E-001
         657   1.643233543505849E-001  -4.214338405734300E-001
         658   1.643233543505849E-001   4.214338405734300E-001
         659  -1.877412411697227E-003  -7.040992146712017E-001
         660  -1.877412411697227E-003   7.040992146712017E-001
         661   1.379659495308895E-001  -4.394604932851800E-001
         662   1.379659495308895E-001   4.394604932851800E-001
         663       -1.054285432225752  -2.684394201280629E-001
         664       -1.054285432225752   2.684394201280629E-001
         665   1.108700730112673E-001  -4.553360645856470E-001
         666   1.108700730112673E-001   4.553360645856470E-001
         667  -5.433664634111566E-001  -7.650783526759114E-001
         668  -5.433664634111566E-001   7.650783526759114E-001
         669   8.522631769462580E-002  -4.681089817895546E-001
         670   8.522631769462580E-002   4.681089817895546E-001
         671   6.342150829556353E-002  -4.836561889144233E-001
         672   6.342150829556353E-002   4.836561889144233E-001
         673  -5.438239130114009E-002  -6.992719232824336E-001
         674  -5.438239130114009E-002   6.992719232824336E-001
         675   3.784328681807327E-002  -5.030425770976528E-001
         676   3.784328681807327E-002   5.030425770976528E-001
         677  -5.913363600194772E-001  -7.197025658047584E-001
         678  -5.913363600194772E-001   7.197025658047584E-001
         679   8.653885735464773E-003  -5.218153575260620E-001
         680   8.653885735464773E-003   5.218153575260620E-001
         681  -6.353190247230667E-001  -6.719964487959076E-001
         682  -6.353190247230667E-001   6.719964487959076E-001
         683  -2.282896569667486E-002  -5.397405191844020E-001
         684  -2.282896569667486E-002   5.397405191844020E-001
         685  -1.054999985412564E-001  -6.909592850695361E-001
         686  -1.054999985412564E-001   6.909592850695361E-001
         687  -5.647392548851118E-002  -5.572526810706360E-001
         688  -5.647392548851118E-002   5.572526810706360E-001
         689  -9.326704169476967E-002  -5.753680497129484E-001
         690  -9.326704169476967E-002   5.753680497129484E-001
         691  -2.151353959866028E-001  -7.598949043187584E-001
         692  -2.151353959866028E-001   7.598949043187584E-001
         693  -2.186026177272770E-001  -7.541687283451927E-001
         694  -2.186026177272770E-001   7.541687283451927E-001
         695  -2.242695133806900E-001  -7.444495716837298E-001
         696  -2.242695133806900E-001   7.444495716837298E-001
         697  -1.552337155175944E-001  -6.797816507493194E-001
         698  -1.552337155175944E-001   6.797816507493194E-001
         699  -2.313001577952057E-001  -7.328925761077688E-001
         700  -2.313001577952057E-001   7.328925761077688E-001
         701  -1.329223679411559E-001  -5.992560531849369E-001
         702  -1.329223679411559E-001   5.992560531849369E-001
         703  -1.367159355078118E-001  -5.500721652483434E-001
         704  -1.367159355078118E-001   5.500721652483434E-001
         705  -2.450208010990358E-001  -7.202992909778048E-001
         706  -2.450208010990358E-001   7.202992909778048E-001
         707  -1.684298671097137E-001  -6.277645838958170E-001
         708  -1.684298671097137E-001   6.277645838958170E-001
         709  -2.264091213815440E-001  -6.989847419836576E-001
         710  -2.264091213815440E-001   6.989847419836576E-001
         711  -2.020070572439174E-001  -6.689773653284269E-001
         712  -2.020070572439174E-001   6.689773653284269E-001
         713  -2.007080473575244E-001  -6.564782068064660E-001
         714  -2.007080473575244E-001   6.564782068064660E-001
         715  -2.671685162843629E-001  -7.051047649113785E-001
         716  -2.671685162843629E-001   7.051047649113785E-001
         717  -2.923580515473643E-001  -6.895119581743575E-001
         718  -2.923580515473643E-001   6.895119581743575E-001
         719  -2.489641892114987E-001  -6.462484529640383E-001
         720  -2.489641892114987E-001   6.462484529640383E-001
         721  -6.748918572990155E-001  -6.221755874648155E-001
         722  -6.748918572990155E-001   6.221755874648155E-001
         723  -3.188637699234915E-001  -6.732414613222157E-001
         724  -3.188637699234915E-001   6.732414613222157E-001
         725  -2.973195041906339E-001  -6.272428598317905E-001
         726  -2.973195041906339E-001   6.272428598317905E-001
         727  -3.459653672428631E-001  -6.564153554806015E-001
         728  -3.459653672428631E-001   6.564153554806015E-001
         729  -7.097433312458433E-001  -5.704779682248879E-001
         730  -7.097433312458433E-001   5.704779682248879E-001
         731  -3.725227368582020E-001  -6.397632570893570E-001
         732  -3.725227368582020E-001   6.397632570893570E-001
         733  -3.448677095600413E-001  -6.061152754728265E-001
         734  -3.448677095600413E-001   6.061152754728265E-001
         735  -3.967068124075766E-001  -6.234877549817848E-001
         736  -3.967068124075766E-001   6.234877549817848E-001
         737  -4.174702778765339E-001  -6.018892026976346E-001
         738  -4.174702778765339E-001   6.018892026976346E-001
         739  -3.930177851701361E-001  -5.835168484121153E-001
         740  -3.930177851701361E-001   5.835168484121153E-001
         741  -4.320990017230922E-001  -5.823598653948994E-001
         742  -4.320990017230922E-001   5.823598653948994E-001
         743  -7.395604381532799E-001  -5.172010600874819E-001
         744  -7.395604381532799E-001   5.172010600874819E-001
         745  -4.563425890526188E-001  -5.684642195820410E-001
         746  -4.563425890526188E-001   5.684642195820410E-001
         747  -4.863717541764432E-001  -5.483362211688332E-001
         748  -4.863717541764432E-001   5.483362211688332E-001
         749  -5.154519840934119E-001  -5.248901772167695E-001
         750  -5.154519840934119E-001   5.248901772167695E-001
         751  -4.825722717614546E-001  -5.107631330047525E-001
         752  -4.825722717614546E-001   5.107631330047525E-001
         753  -5.438981091261566E-001  -4.993370882763081E-001
         754  -5.438981091261566E-001   4.993370882763081E-001
         755  -5.180095580163979E-001  -4.747371934965656E-001
         756  -5.180095580163979E-001   4.747371934965656E-001
         757  -5.716657865893031E-001  -4.717229166685441E-001
         758  -5.716657865893031E-001   4.717229166685441E-001
         759  -9.841035303809897E-001  -1.549631223496208E-001
         760  -9.841035303809897E-001   1.549631223496208E-001
         761  -7.818739336664670E-001  -4.074460952316216E-001
         762  -7.818739336664670E-001   4.074460952316216E-001
         763  -5.513402743783622E-001  -4.378995718576720E-001
         764  -5.513402743783622E-001   4.378995718576720E-001
         765  -5.986834576491986E-001  -4.418649521963865E-001
         766  -5.986834576491986E-001   4.418649521963865E-001
         767  -5.824072261076683E-001  -4.001722943504344E-001
         768  -5.824072261076683E-001   4.001722943504344E-001
         769  -6.255152088316074E-001  -4.088761202848334E-001
         770  -6.255152088316074E-001   4.088761202848334E-001
         771  -7.892811365527794E-001  -3.533904553113821E-001
         772  -7.892811365527794E-001   3.533904553113821E-001
         773  -6.113722459003060E-001  -3.619303429161108E-001
         774  -6.113722459003060E-001   3.619303429161108E-001
         775  -6.557852854095506E-001  -3.726213678161087E-001
         776  -6.557852854095506E-001   3.726213678161087E-001
         777  -7.950667820420234E-001  -3.191547024208181E-001
         778  -7.950667820420234E-001   3.191547024208181E-001
         779  -6.871498630222503E-001  -3.382522377218509E-001
         780  -6.871498630222503E-001   3.382522377218509E-001
         781  -6.386526605212048E-001  -3.229311130832080E-001
         782  -6.386526605212048E-001   3.229311130832080E-001
         783  -8.170968427305778E-001  -2.747698408577081E-001
         784  -8.170968427305778E-001   2.747698408577081E-001
         785  -7.159907691942852E-001  -3.019182284070199E-001
         786  -7.159907691942852E-001   3.019182284070199E-001
         787  -6.646865740479848E-001  -2.833694698227518E-001
         788  -6.646865740479848E-001   2.833694698227518E-001
         789  -7.415087818093165E-001  -2.621183699785640E-001
         790  -7.415087818093165E-001   2.621183699785640E-001
         791  -8.298976385742245E-001  -2.230605698774517E-001
         792  -8.298976385742245E-001   2.230605698774517E-001
         793  -6.895928534979425E-001  -2.428605541483725E-001
         794  -6.895928534979425E-001   2.428605541483725E-001
         795  -9.241620895419156E-001  -8.569741310029902E-002
         796  -9.241620895419156E-001   8.569741310029902E-002
         797  -7.631936380848990E-001  -2.205150601103378E-001
         798  -7.631936380848990E-001   2.205150601103378E-001
         799  -7.134037636504014E-001  -2.013191674557628E-001
         800  -7.134037636504014E-001   2.013191674557628E-001
         801  -8.365863791538113E-001  -1.714165161976256E-001
         802  -8.365863791538113E-001   1.714165161976256E-001
         803  -7.821878386740271E-001  -1.776412830781984E-001
         804  -7.821878386740271E-001   1.776412830781984E-001
         805  -7.362458266947406E-001  -1.588237722114227E-001
         806  -7.362458266947406E-001   1.588237722114227E-001
         807  -8.389497776967732E-001  -1.208198772973401E-001
         808  -8.389497776967732E-001   1.208198772973401E-001
         809  -7.984707940648822E-001  -1.329727236395559E-001
         810  -7.984707940648822E-001   1.329727236395559E-001
         811  -7.585484589622853E-001  -1.155222572121662E-001
         812  -7.585484589622853E-001   1.155222572121662E-001
         813  -8.817244287599304E-001  -3.160299879820114E-002
         814  -8.817244287599304E-001   3.160299879820114E-002
         815  -8.385982734056889E-001  -7.121787380830418E-002
         816  -8.385982734056889E-001   7.121787380830418E-002
         817  -8.108814463125279E-001  -8.671468724071067E-002
         818  -8.108814463125279E-001   8.671468724071067E-002
         819  -7.811603265435179E-001  -7.124085351762521E-002
         820  -7.811603265435179E-001   7.124085351762521E-002
         821  -8.173857468636413E-001  -4.156875848823396E-002
         822  -8.173857468636413E-001   4.156875848823396E-002
         823  -8.394207914052503E-001  -1.722304515945228E-002
         824  -8.394207914052503E-001   1.722304515945228E-002
         825  -8.339198524839693E-001   0.000000000000000E+000
         826  -8.203572514054260E-001   0.000000000000000E+000
         827  -8.035826691434935E-001  -2.491184393748734E-002
         828  -8.035826691434935E-001   2.491184393748734E-002



           - AUTOVALORES DIFERENTES E REAIS e positivos - 
          REAL
           1   9.614479765116899E-001
           2        3.016574597684031
           3        3.388343911930360
           4        4.119898603635583
           5        7.162587742436878
           6       44.646523739508050
**** singularity in row  198
