Exemplo de barra bidimensional          
 80
 84
 49
  1    .000       .000
  2    .050       .000
  3    .100       .000
  4    .150       .000
  5    .200       .000
  6    .250       .000
  7    .300       .000
  8    .350       .000
  9    .400       .000
 10    .450       .000
 11    .500       .000
 12    .550       .000
 13    .600       .000
 14    .650       .000
 15    .700       .000
 16    .750       .000
 17    .800       .000
 18    .850       .000
 19    .900       .000
 20    .950       .000
 21   1.000       .000
 22   1.000       .000
 23   1.000       .050
 24   1.000       .100
 25   1.000       .150
 26   1.000       .200
 27   1.000       .250
 28   1.000       .300
 29   1.000       .350
 30   1.000       .400
 31   1.000       .450
 32   1.000       .500
 33   1.000       .550
 34   1.000       .600
 35   1.000       .650
 36   1.000       .700
 37   1.000       .750
 38   1.000       .800
 39   1.000       .850
 40   1.000       .900
 41   1.000       .950
 42   1.000      1.000
 43   1.000      1.000
 44    .950      1.000
 45    .900      1.000
 46    .850      1.000
 47    .800      1.000
 48    .750      1.000
 49    .700      1.000
 50    .650      1.000
 51    .600      1.000
 52    .550      1.000
 53    .500      1.000
 54    .450      1.000
 55    .400      1.000
 56    .350      1.000
 57    .300      1.000
 58    .250      1.000
 59    .200      1.000
 60    .150      1.000
 61    .100      1.000
 62    .050      1.000
 63    .000      1.000
 64    .000      1.000
 65    .000       .950
 66    .000       .900
 67    .000       .850
 68    .000       .800
 69    .000       .750
 70    .000       .700
 71    .000       .650
 72    .000       .600
 73    .000       .550
 74    .000       .500
 75    .000       .450
 76    .000       .400
 77    .000       .350
 78    .000       .300
 79    .000       .250
 80    .000       .200
 81    .000       .150
 82    .000       .100
 83    .000       .050
 84    .000       .000
 85  .07143     .07143
 86  .21429     .07143
 87  .35714     .07143
 88  .50000     .07143
 89  .64286     .07143
 90  .78571     .07143
 91  .92857     .07143
 92  .07143     .21429
 93  .21429     .21429
 94  .35714     .21429
 95  .50000     .21429
 96  .64286     .21429
 97  .78571     .21429
 98  .92857     .21429
 99  .07143     .35714
100  .21429     .35714
101  .35714     .35714
102  .50000     .35714
103  .64286     .35714
104  .78571     .35714
105  .92857     .35714
106  .07143     .50000
107  .21429     .50000
108  .35714     .50000
109  .50000     .50000
110  .64286     .50000
111  .78571     .50000
112  .92857     .50000
113  .07143     .64286
114  .21429     .64286
115  .35714     .64286
116  .50000     .64286
117  .64286     .64286
118  .78571     .64286
119  .92857     .64286
120  .07143     .78571
121  .21429     .78571
122  .35714     .78571
123  .50000     .78571
124  .64286     .78571
125  .78571     .78571
126  .92857     .78571
127  .07143     .92857
128  .21429     .92857
129  .35714     .92857
130  .50000     .92857
131  .64286     .92857
132  .78571     .92857
133  .92857     .92857
   1   84     .000
   1    0     .000
   1    0     .000
   1    0     .000
   1    0     .000
   1    0     .000
   1    0     .000
   1    0     .000
   1    0     .000
   1    0     .000
   1    0     .000
   1    0     .000
   1    0     .000
   1    0     .000
   1    0     .000
   1    0     .000
   1    0     .000
   1    0     .000
   1    0     .000
   1    0     .000
   1   22     .000
   1   21     .000
   1    0     .000
   1    0     .000
   1    0     .000
   1    0     .000
   1    0     .000
   1    0     .000
   1    0     .000
   1    0     .000
   1    0     .000
   1    0     .000
   1    0     .000
   1    0     .000
   1    0     .000
   1    0     .000
   1    0     .000
   1    0     .000
   1    0     .000
   1    0     .000
   1    0     .000
   1   43     .000
   1   42     .000
   1    0     .000
   1    0     .000
   1    0     .000
   1    0     .000
   1    0     .000
   1    0     .000
   1    0     .000
   1    0     .000
   1    0     .000
   1    0     .000
   1    0     .000
   1    0     .000
   1    0     .000
   1    0     .000
   1    0     .000
   1    0     .000
   1    0     .000
   1    0     .000
   1    0     .000
   1   64     .000
   0   63     0.00
   0    0     0.00
   0    0     0.00
   0    0     0.00
   0    0     0.00
   0    0     0.00
   0    0     0.00
   0    0     0.00
   0    0     0.00
   0    0     0.00
   0    0     0.00
   0    0     0.00
   0    0     0.00
   0    0     0.00
   0    0     0.00
   0    0     0.00
   0    0     0.00
   0    0     0.00
   0    0     0.00
   0    0     0.00
   0    1     0.00
  1    2
  2    3
  3    4
  4    5
  5    6
  6    7
  7    8
  8    9
  9   10
 10   11
 11   12
 12   13
 13   14
 14   15
 15   16
 16   17
 17   18
 18   19
 19   20
 20   21
 22   23
 23   24
 24   25
 25   26
 26   27
 27   28
 28   29
 29   30
 30   31
 31   32
 32   33
 33   34
 34   35
 35   36
 36   37
 37   38
 38   39
 39   40
 40   41
 41   42
 43   44
 44   45
 45   46
 46   47
 47   48
 48   49
 49   50
 50   51
 51   52
 52   53
 53   54
 54   55
 55   56
 56   57
 57   58
 58   59
 59   60
 60   61
 61   62
 62   63
 64   65
 65   66
 66   67
 67   68
 68   69
 69   70
 70   71
 71   72
 72   73
 73   74
 74   75
 75   76
 76   77
 77   78
 78   79
 79   80
 80   81
 81   82
 82   83
 83   84
