 ************************************************************************************************************************
                         Exem


data

  number of boundary elements= 80

  number of functional nodes= 84

  number of internal source points where the funct. is calculated= 49




  coordinates of the source points of the boundary el ements

    point          x                  y
        1       .0000000E+00       .0000000E+00
        2       .5000000E-01       .0000000E+00
        3       .1000000E+00       .0000000E+00
        4       .1500000E+00       .0000000E+00
        5       .2000000E+00       .0000000E+00
        6       .2500000E+00       .0000000E+00
        7       .3000000E+00       .0000000E+00
        8       .3500000E+00       .0000000E+00
        9       .4000000E+00       .0000000E+00
       10       .4500000E+00       .0000000E+00
       11       .5000000E+00       .0000000E+00
       12       .5500000E+00       .0000000E+00
       13       .6000000E+00       .0000000E+00
       14       .6500000E+00       .0000000E+00
       15       .7000000E+00       .0000000E+00
       16       .7500000E+00       .0000000E+00
       17       .8000000E+00       .0000000E+00
       18       .8500000E+00       .0000000E+00
       19       .9000000E+00       .0000000E+00
       20       .9500000E+00       .0000000E+00
       21       .1000000E+01       .0000000E+00
       22       .1000000E+01       .0000000E+00
       23       .1000000E+01       .5000000E-01
       24       .1000000E+01       .1000000E+00
       25       .1000000E+01       .1500000E+00
       26       .1000000E+01       .2000000E+00
       27       .1000000E+01       .2500000E+00
       28       .1000000E+01       .3000000E+00
       29       .1000000E+01       .3500000E+00
       30       .1000000E+01       .4000000E+00
       31       .1000000E+01       .4500000E+00
       32       .1000000E+01       .5000000E+00
       33       .1000000E+01       .5500000E+00
       34       .1000000E+01       .6000000E+00
       35       .1000000E+01       .6500000E+00
       36       .1000000E+01       .7000000E+00
       37       .1000000E+01       .7500000E+00
       38       .1000000E+01       .8000000E+00
       39       .1000000E+01       .8500000E+00
       40       .1000000E+01       .9000000E+00
       41       .1000000E+01       .9500000E+00
       42       .1000000E+01       .1000000E+01
       43       .1000000E+01       .1000000E+01
       44       .9500000E+00       .1000000E+01
       45       .9000000E+00       .1000000E+01
       46       .8500000E+00       .1000000E+01
       47       .8000000E+00       .1000000E+01
       48       .7500000E+00       .1000000E+01
       49       .7000000E+00       .1000000E+01
       50       .6500000E+00       .1000000E+01
       51       .6000000E+00       .1000000E+01
       52       .5500000E+00       .1000000E+01
       53       .5000000E+00       .1000000E+01
       54       .4500000E+00       .1000000E+01
       55       .4000000E+00       .1000000E+01
       56       .3500000E+00       .1000000E+01
       57       .3000000E+00       .1000000E+01
       58       .2500000E+00       .1000000E+01
       59       .2000000E+00       .1000000E+01
       60       .1500000E+00       .1000000E+01
       61       .1000000E+00       .1000000E+01
       62       .5000000E-01       .1000000E+01
       63       .0000000E+00       .1000000E+01
       64       .0000000E+00       .1000000E+01
       65       .0000000E+00       .9500000E+00
       66       .0000000E+00       .9000000E+00
       67       .0000000E+00       .8500000E+00
       68       .0000000E+00       .8000000E+00
       69       .0000000E+00       .7500000E+00
       70       .0000000E+00       .7000000E+00
       71       .0000000E+00       .6500000E+00
       72       .0000000E+00       .6000000E+00
       73       .0000000E+00       .5500000E+00
       74       .0000000E+00       .5000000E+00
       75       .0000000E+00       .4500000E+00
       76       .0000000E+00       .4000000E+00
       77       .0000000E+00       .3500000E+00
       78       .0000000E+00       .3000000E+00
       79       .0000000E+00       .2500000E+00
       80       .0000000E+00       .2000000E+00
       81       .0000000E+00       .1500000E+00
       82       .0000000E+00       .1000000E+00
       83       .0000000E+00       .5000000E-01
       84       .0000000E+00       .0000000E+00
       85       .7143000E-01       .7143000E-01
       86       .2142900E+00       .7143000E-01
       87       .3571400E+00       .7143000E-01
       88       .5000000E+00       .7143000E-01
       89       .6428600E+00       .7143000E-01
       90       .7857100E+00       .7143000E-01
       91       .9285700E+00       .7143000E-01
       92       .7143000E-01       .2142900E+00
       93       .2142900E+00       .2142900E+00
       94       .3571400E+00       .2142900E+00
       95       .5000000E+00       .2142900E+00
       96       .6428600E+00       .2142900E+00
       97       .7857100E+00       .2142900E+00
       98       .9285700E+00       .2142900E+00
       99       .7143000E-01       .3571400E+00
      100       .2142900E+00       .3571400E+00
      101       .3571400E+00       .3571400E+00
      102       .5000000E+00       .3571400E+00
      103       .6428600E+00       .3571400E+00
      104       .7857100E+00       .3571400E+00
      105       .9285700E+00       .3571400E+00
      106       .7143000E-01       .5000000E+00
      107       .2142900E+00       .5000000E+00
      108       .3571400E+00       .5000000E+00
      109       .5000000E+00       .5000000E+00
      110       .6428600E+00       .5000000E+00
      111       .7857100E+00       .5000000E+00
      112       .9285700E+00       .5000000E+00
      113       .7143000E-01       .6428600E+00
      114       .2142900E+00       .6428600E+00
      115       .3571400E+00       .6428600E+00
      116       .5000000E+00       .6428600E+00
      117       .6428600E+00       .6428600E+00
      118       .7857100E+00       .6428600E+00
      119       .9285700E+00       .6428600E+00
      120       .7143000E-01       .7857100E+00
      121       .2142900E+00       .7857100E+00
      122       .3571400E+00       .7857100E+00
      123       .5000000E+00       .7857100E+00
      124       .6428600E+00       .7857100E+00
      125       .7857100E+00       .7857100E+00
      126       .9285700E+00       .7857100E+00
      127       .7143000E-01       .9285700E+00
      128       .2142900E+00       .9285700E+00
      129       .3571400E+00       .9285700E+00
      130       .5000000E+00       .9285700E+00
      131       .6428600E+00       .9285700E+00
      132       .7857100E+00       .9285700E+00
      133       .9285700E+00       .9285700E+00


  boundary conditions

     node      code     prescribed value
       1        1         84          .0000000E+00
       2        1          0          .0000000E+00
       3        1          0          .0000000E+00
       4        1          0          .0000000E+00
       5        1          0          .0000000E+00
       6        1          0          .0000000E+00
       7        1          0          .0000000E+00
       8        1          0          .0000000E+00
       9        1          0          .0000000E+00
      10        1          0          .0000000E+00
      11        1          0          .0000000E+00
      12        1          0          .0000000E+00
      13        1          0          .0000000E+00
      14        1          0          .0000000E+00
      15        1          0          .0000000E+00
      16        1          0          .0000000E+00
      17        1          0          .0000000E+00
      18        1          0          .0000000E+00
      19        1          0          .0000000E+00
      20        1          0          .0000000E+00
      21        1         22          .0000000E+00
      22        1         21          .0000000E+00
      23        1          0          .0000000E+00
      24        1          0          .0000000E+00
      25        1          0          .0000000E+00
      26        1          0          .0000000E+00
      27        1          0          .0000000E+00
      28        1          0          .0000000E+00
      29        1          0          .0000000E+00
      30        1          0          .0000000E+00
      31        1          0          .0000000E+00
      32        1          0          .0000000E+00
      33        1          0          .0000000E+00
      34        1          0          .0000000E+00
      35        1          0          .0000000E+00
      36        1          0          .0000000E+00
      37        1          0          .0000000E+00
      38        1          0          .0000000E+00
      39        1          0          .0000000E+00
      40        1          0          .0000000E+00
      41        1          0          .0000000E+00
      42        1         43          .0000000E+00
      43        1         42          .0000000E+00
      44        1          0          .0000000E+00
      45        1          0          .0000000E+00
      46        1          0          .0000000E+00
      47        1          0          .0000000E+00
      48        1          0          .0000000E+00
      49        1          0          .0000000E+00
      50        1          0          .0000000E+00
      51        1          0          .0000000E+00
      52        1          0          .0000000E+00
      53        1          0          .0000000E+00
      54        1          0          .0000000E+00
      55        1          0          .0000000E+00
      56        1          0          .0000000E+00
      57        1          0          .0000000E+00
      58        1          0          .0000000E+00
      59        1          0          .0000000E+00
      60        1          0          .0000000E+00
      61        1          0          .0000000E+00
      62        1          0          .0000000E+00
      63        1         64          .0000000E+00
      64        0         63          .0000000E+00
      65        0          0          .0000000E+00
      66        0          0          .0000000E+00
      67        0          0          .0000000E+00
      68        0          0          .0000000E+00
      69        0          0          .0000000E+00
      70        0          0          .0000000E+00
      71        0          0          .0000000E+00
      72        0          0          .0000000E+00
      73        0          0          .0000000E+00
      74        0          0          .0000000E+00
      75        0          0          .0000000E+00
      76        0          0          .0000000E+00
      77        0          0          .0000000E+00
      78        0          0          .0000000E+00
      79        0          0          .0000000E+00
      80        0          0          .0000000E+00
      81        0          0          .0000000E+00
      82        0          0          .0000000E+00
      83        0          0          .0000000E+00
      84        0          1          .0000000E+00


  incidence of geometric nodes

      first node      second node

       1          1       2
       2          2       3
       3          3       4
       4          4       5
       5          5       6
       6          6       7
       7          7       8
       8          8       9
       9          9      10
      10         10      11
      11         11      12
      12         12      13
      13         13      14
      14         14      15
      15         15      16
      16         16      17
      17         17      18
      18         18      19
      19         19      20
      20         20      21
      21         22      23
      22         23      24
      23         24      25
      24         25      26
      25         26      27
      26         27      28
      27         28      29
      28         29      30
      29         30      31
      30         31      32
      31         32      33
      32         33      34
      33         34      35
      34         35      36
      35         36      37
      36         37      38
      37         38      39
      38         39      40
      39         40      41
      40         41      42
      41         43      44
      42         44      45
      43         45      46
      44         46      47
      45         47      48
      46         48      49
      47         49      50
      48         50      51
      49         51      52
      50         52      53
      51         53      54
      52         54      55
      53         55      56
      54         56      57
      55         57      58
      56         58      59
      57         59      60
      58         60      61
      59         61      62
      60         62      63
      61         64      65
      62         65      66
      63         66      67
      64         67      68
      65         68      69
      66         69      70
      67         70      71
      68         71      72
      69         72      73
      70         73      74
      71         74      75
      72         75      76
      73         76      77
      74         77      78
      75         78      79
      76         79      80
      77         80      81
      78         81      82
      79         82      83
      80         83      84
 NOVAS COORDENADAS DOS NOS DUPLOS
      .0010      .0000
      .0500      .0000
      .1000      .0000
      .1500      .0000
      .2000      .0000
      .2500      .0000
      .3000      .0000
      .3500      .0000
      .4000      .0000
      .4500      .0000
      .5000      .0000
      .5500      .0000
      .6000      .0000
      .6500      .0000
      .7000      .0000
      .7500      .0000
      .8000      .0000
      .8500      .0000
      .9000      .0000
      .9500      .0000
      .9990      .0000
     1.0000      .0010
     1.0000      .0500
     1.0000      .1000
     1.0000      .1500
     1.0000      .2000
     1.0000      .2500
     1.0000      .3000
     1.0000      .3500
     1.0000      .4000
     1.0000      .4500
     1.0000      .5000
     1.0000      .5500
     1.0000      .6000
     1.0000      .6500
     1.0000      .7000
     1.0000      .7500
     1.0000      .8000
     1.0000      .8500
     1.0000      .9000
     1.0000      .9500
     1.0000      .9990
      .9990     1.0000
      .9500     1.0000
      .9000     1.0000
      .8500     1.0000
      .8000     1.0000
      .7500     1.0000
      .7000     1.0000
      .6500     1.0000
      .6000     1.0000
      .5500     1.0000
      .5000     1.0000
      .4500     1.0000
      .4000     1.0000
      .3500     1.0000
      .3000     1.0000
      .2500     1.0000
      .2000     1.0000
      .1500     1.0000
      .1000     1.0000
      .0500     1.0000
      .0010     1.0000
      .0000      .9990
      .0000      .9500
      .0000      .9000
      .0000      .8500
      .0000      .8000
      .0000      .7500
      .0000      .7000
      .0000      .6500
      .0000      .6000
      .0000      .5500
      .0000      .5000
      .0000      .4500
      .0000      .4000
      .0000      .3500
      .0000      .3000
      .0000      .2500
      .0000      .2000
      .0000      .1500
      .0000      .1000
      .0000      .0500
      .0000      .0010
   
 VALORES DE DFI  ************************************
      1   .0000
      2   .0000
      3   .0000
      4   .0000
      5   .0000
      6   .0000
      7   .0000
      8   .0000
      9   .0000
     10   .0000
     11   .0000
     12   .0000
     13   .0000
     14   .0000
     15   .0000
     16   .0000
     17   .0000
     18   .0000
     19   .0000
     20   .0000
     21   .0000
     22   .0000
     23   .0000
     24   .0000
     25   .0000
     26   .0000
     27   .0000
     28   .0000
     29   .0000
     30   .0000
     31   .0000
     32   .0000
     33   .0000
     34   .0000
     35   .0000
     36   .0000
     37   .0000
     38   .0000
     39   .0000
     40   .0000
     41   .0000
     42   .0000
     43   .0000
     44   .0000
     45   .0000
     46   .0000
     47   .0000
     48   .0000
     49   .0000
     50   .0000
     51   .0000
     52   .0000
     53   .0000
     54   .0000
     55   .0000
     56   .0000
     57   .0000
     58   .0000
     59   .0000
     60   .0000
     61   .0000
     62   .0000
     63   .0000
     64   .0000
     65   .0000
     66   .0000
     67   .0000
     68   .0000
     69   .0000
     70   .0000
     71   .0000
     72   .0000
     73   .0000
     74   .0000
     75   .0000
     76   .0000
     77   .0000
     78   .0000
     79   .0000
     80   .0000
     81   .0000
     82   .0000
     83   .0000
     84   .0000
     85   .0000
     86   .0000
     87   .0000
     88   .0000
     89   .0000
     90   .0000
     91   .0000
     92   .0000
     93   .0000
     94   .0000
     95   .0000
     96   .0000
     97   .0000
     98   .0000
     99   .0000
    100   .0000
    101   .0000
    102   .0000
    103   .0000
    104   .0000
    105   .0000
    106   .0000
    107   .0000
    108   .0000
    109   .0000
    110   .0000
    111   .0000
    112   .0000
    113   .0000
    114   .0000
    115   .0000
    116   .0000
    117   .0000
    118   .0000
    119   .0000
    120   .0000
    121   .0000
    122   .0000
    123   .0000
    124   .0000
    125   .0000
    126   .0000
    127   .0000
    128   .0000
    129   .0000
    130   .0000
    131   .0000
    132   .0000
    133   .0000
   
 VALORES DE WR_POS ORIGINAIS ************************
      1    .00000
      2    .00000
      3    .00000
      4    .00000
      5    .00000
      6    .00000
      7    .00000
      8    .00000
      9    .00000
     10    .00000
     11    .00000
     12    .00000
     13    .00000
     14    .00000
     15    .00000
     16    .00000
     17    .00000
     18    .00000
     19    .00000
     20    .00000
     21    .00000
     22    .00000
     23    .00000
     24    .00000
     25    .00000
     26    .00000
     27    .00000
     28    .00000
     29    .00000
     30    .00000
     31    .00000
     32    .00000
     33    .00000
     34    .00000
     35    .00000
     36    .00000
     37    .00000
     38    .00000
     39    .00000
     40    .00000
     41    .00000
     42    .00000
     43    .00000
     44    .00000
     45    .00000
     46    .00000
     47    .00000
     48    .00000
     49    .00000
     50    .00000
     51    .00000
     52    .00000
     53    .00000
     54    .00000
     55    .00000
     56    .00000
     57    .00000
     58    .00000
     59    .00000
     60    .00000
     61    .00000
     62    .00000
     63    .00000
     64    .00000
     65    .00000
     66    .00000
     67    .00000
     68    .00000
     69    .00000
     70    .00000
     71    .00000
     72    .00000
     73    .00000
     74    .00000
     75    .00000
     76    .00000
     77    .00000
     78    .00000
     79    .00000
     80    .00000
     81    .00000
     82    .00000
     83    .00000
     84    .00000
     85    .00000
     86    .00000
     87    .00000
     88    .00000
     89    .00000
     90    .00000
     91    .00000
     92    .00000
     93    .00000
     94    .00000
     95    .00000
     96    .00000
     97    .00000
     98    .00000
     99    .00000
    100    .00000
    101    .00000
    102    .00000
    103    .00000
    104    .00000
    105    .00000
    106    .00000
    107    .00000
    108    .00000
    109    .00000
    110    .00000
    111    .00000
    112    .00000
    113    .00000
    114    .00000
    115    .00000
    116    .00000
    117    .00000
    118    .00000
    119    .00000
    120    .00000
    121    .00000
    122    .00000
    123    .00000
    124    .00000
    125    .00000
    126    .00000
    127    .00000
    128    .00000
    129    .00000
    130    .00000
    131    .00000
    132    .00000
    133    .00000
    134    .00000
    135    .00000
    136    .00000
    137    .00000
    138    .00000
    139    .00000
    140    .00000
    141    .00000
    142    .00000
    143    .00000
    144    .00000
    145    .00000
    146    .00000
    147    .00000
    148    .00000
    149    .00000
    150    .00000
    151    .00000
    152    .00000
    153    .00000
    154    .00000
    155    .00000
    156    .00000
    157    .00000
    158    .00000
    159    .00000
    160    .00000
    161    .00000
    162    .00000
    163    .00000
    164    .00000
    165    .00000
    166    .00000
    167    .00000
    168    .00000
    169    .00000
    170    .00000
    171    .00000
    172    .00000
    173    .00000
    174    .00000
    175    .00000
    176    .00000
    177    .00000
    178    .00000
    179    .00000
    180    .00000
    181    .00000
    182    .00000
    183    .00000
    184    .00000
    185    .00000
    186    .00000
    187    .00000
    188    .00000
    189    .00000
    190    .00000
    191    .00000
    192    .00000
    193    .00000
    194    .00000
    195    .00000
    196    .00000
    197    .00000
    198    .00000
    199    .00000
    200    .00000
    201    .00000
    202    .00000
    203    .00000
    204    .00000
    205    .00000
    206    .00000
    207    .00000
    208    .00000
    209    .00000
    210    .00000
    211    .00000
    212    .00000
    213    .00000
    214    .00000
    215    .00000
    216    .00000
    217    .00000
    218    .00000
    219    .00000
    220    .00000
    221    .00000
    222    .00000
    223    .00000
    224    .00000
    225    .00000
    226    .00000
    227    .00000
    228    .00000
    229    .00000
    230    .00000
    231    .00000
    232    .00000
    233    .00000
    234    .00000
    235    .00000
    236    .00000
    237    .00000
    238    .00000
    239    .00000
    240    .00000
    241    .00000
    242    .00000
    243    .00000
    244    .00000
    245    .00000
    246    .00000
    247    .00000
    248    .00000
    249    .00000
    250    .00000
    251    .00000
    252    .00000
    253    .00000
    254    .00000
    255    .00000
    256    .00000
    257    .00000
    258    .00000
    259    .00000
    260    .00000
    261    .00000
    262    .00000
    263    .00000
    264    .00000
    265    .00000
    266    .00000
    267    .00000
    268    .00000
    269    .00000
    270    .00000
    271    .00000
    272    .00000
    273    .00000
    274    .00000
    275    .00000
    276    .00000
    277    .00000
    278    .00000
    279    .00000
    280    .00000
    281    .00000
    282    .00000
    283    .00000
    284    .00000
    285    .00000
    286    .00000
    287    .00000
    288    .00000
    289    .00000
    290    .00000
    291    .00000
    292    .00000
    293    .00000
    294    .00000
    295    .00000
    296    .00000
    297    .00000
    298    .00000
    299    .00000
    300    .00000
    301    .00000
    302    .00000
    303    .00000
    304    .00000
    305    .00000
    306    .00000
    307    .00000
    308    .00000
    309    .00000
    310    .00000
    311    .00000
    312    .00000
    313    .00000
    314    .00000
    315    .00000
    316    .00000
    317    .00000
    318    .00000
    319    .00000
    320    .00000
    321    .00000
    322    .00000
    323    .00000
    324    .00000
    325    .00000
    326    .00000
    327    .00000
    328    .00000
    329    .00000
    330    .00000
    331    .00000
    332    .00000
    333    .00000
    334    .00000
    335    .00000
    336    .00000
    337    .00000
    338    .00000
    339    .00000
    340    .00000
    341    .00000
    342    .00000
    343    .00000
    344    .00000
    345    .00000
    346    .00000
    347    .00000
    348    .00000
    349    .00000
    350    .00000
    351    .00000
    352    .00000
    353    .00000
    354    .00000
    355    .00000
    356    .00000
    357    .00000
    358    .00000
    359    .00000
    360    .00000
    361    .00000
    362    .00000
    363    .00000
    364    .00000
    365    .00000
    366    .00000
    367    .00000
    368    .00000
    369    .00000
    370    .00000
    371    .00000
    372    .00000
    373    .00000
    374    .00000
    375    .00000
    376    .00000
    377    .00000
    378    .00000
    379    .00000
    380    .00000
    381    .00000
    382    .00000
    383    .00000
    384    .00000
    385    .00000
    386    .00000
    387    .00000
    388    .00000
    389    .00000
    390    .00000
    391    .00000
    392    .00000
    393    .00000
    394    .00000
    395    .00000
    396    .00000
    397    .00000
    398    .00000
    399    .00000
    400    .00000
    401    .00000
    402    .00000
    403    .00000
    404    .00000
    405    .00000
    406    .00000
    407    .00000
    408    .00000
    409    .00000
    410    .00000
    411    .00000
    412    .00000
    413    .00000
    414    .00000
    415    .00000
    416    .00000
    417    .00000
    418    .00000
    419    .00000
    420    .00000
    421    .00000
    422    .00000
    423    .00000
    424    .00000
    425    .00000
    426    .00000
    427    .00000
    428    .00000
    429    .00000
    430    .00000
    431    .00000
    432    .00000
    433    .00000
    434    .00000
    435    .00000
    436    .00000
    437    .00000
    438    .00000
    439    .00000
    440    .00000
    441    .00000
    442    .00000
    443    .00000
    444    .00000
    445    .00000
    446    .00000
    447    .00000
    448    .00000
   
 VALORES DE WRA  ************************************
 WRA ORIGINAL POSSUIA         448 NUM., REDUZIDO PARA         208 NUM.
      1    .74116
      2   1.16156
      3    .92785
      4   1.03815
      5    .98145
      6   1.00940
      7    .99533
      8   1.00234
      9    .99883
     10   1.00059
     11    .99971
     12   1.00015
     13    .99993
     14   1.00004
     15    .99998
     16   1.00001
     17   1.00000
     18   1.00000
     19   1.00000
     20   1.00000
     21   1.00000
     22   1.00000
     23   1.00000
     24   1.00000
     25   1.00000
     26   1.00000
     27   1.00000
     28   1.00000
     29   1.00000
     30   1.00000
     31   1.00000
     32   1.00000
     33   1.00000
     34   1.00000
     35   1.00000
     36   1.00000
     37   1.00000
     38   1.00000
     39   1.00000
     40   1.00000
     41   1.00000
     42   1.00000
     43   1.00000
     44   1.00000
     45   1.00000
     46   1.00000
     47   1.00000
     48   1.00000
     49   1.00000
     50   1.00000
     51   1.00000
     52   1.00000
     53   1.00000
     54   1.00000
     55   1.00000
     56   1.00000
     57   1.00000
     58   1.00000
     59   1.00000
     60   1.00000
     61   1.00000
     62   1.00000
     63   1.00000
     64   1.00000
     65   1.00000
     66   1.00000
     67   1.00000
     68   1.00000
     69   1.00000
     70   1.00000
     71   1.00000
     72   1.00000
     73   1.00000
     74   1.00000
     75   1.00000
     76   1.00000
     77   1.00000
     78   1.00000
     79   1.00000
     80   1.00000
     81   1.00000
     82   1.00000
     83   1.00000
     84   1.00000
     85   1.00000
     86   1.00000
     87   1.00000
     88   1.00000
     89   1.00000
     90   1.00000
     91   1.00000
     92   1.00000
     93   1.00000
     94   1.00000
     95   1.00000
     96   1.00000
     97   1.00000
     98   1.00000
     99   1.00000
    100   1.00000
    101   1.00000
    102   1.00000
    103   1.00000
    104   1.00000
    105   1.00000
    106   1.00000
    107   1.00000
    108   1.00000
    109   1.00000
    110   1.00000
    111   1.00000
    112   1.00000
    113   1.00000
    114   1.00000
    115   1.00000
    116   1.00000
    117   1.00000
    118   1.00000
    119   1.00000
    120   1.00000
    121   1.00000
    122   1.00000
    123   1.00000
    124   1.00000
    125   1.00000
    126   1.00000
    127   1.00000
    128   1.00000
    129   1.00000
    130   1.00000
    131   1.00000
    132   1.00000
    133   1.00000
    134   1.00000
    135   1.00000
    136   1.00000
    137   1.00000
    138   1.00000
    139   1.00000
    140   1.00000
    141   1.00000
    142   1.00000
    143   1.00000
    144   1.00000
    145   1.00000
    146   1.00000
    147   1.00000
    148   1.00000
    149   1.00000
    150   1.00000
    151   1.00000
    152   1.00000
    153   1.00000
    154   1.00000
    155   1.00000
    156   1.00000
    157   1.00000
    158   1.00000
    159   1.00000
    160   1.00000
    161   1.00000
    162   1.00000
    163   1.00000
    164   1.00000
    165   1.00000
    166   1.00000
    167   1.00000
    168   1.00000
    169   1.00000
    170   1.00000
    171   1.00000
    172   1.00000
    173   1.00000
    174   1.00000
    175   1.00000
    176   1.00000
    177   1.00000
    178   1.00000
    179   1.00000
    180   1.00000
    181   1.00000
    182   1.00000
    183   1.00000
    184   1.00000
    185   1.00000
    186   1.00000
    187   1.00000
    188   1.00000
    189   1.00000
    190   1.00000
    191   1.00000
    192   1.00000
    193   1.00000
    194   1.00000
    195   1.00000
    196   1.00000
    197   1.00000
    198   1.00000
    199   1.00000
    200   1.00000
    201   1.00000
    202   1.00000
    203   1.00000
    204   1.00000
    205   1.00000
    206   1.00000
    207   1.00000
    208   1.00000



           - AUTOVALORES - 
          REAL     IMAGINARIO
           1       -9.633137511275685   0.000000000000000E+000
           2        1.820422589920201       -1.835541436385051
           3        1.820422589920201        1.835541436385051
           4        2.043278327730609       -1.591039896953569
           5        2.043278327730609        1.591039896953569
           6        2.219532127039073       -1.311766551324226
           7        2.219532127039073        1.311766551324226
           8        2.346494767052587       -1.008571378018572
           9        2.346494767052587        1.008571378018572
          10        1.552575187086538       -2.030216523995956
          11        1.552575187086538        2.030216523995956
          12        2.422704858582176  -6.915929294642307E-001
          13        2.422704858582176   6.915929294642307E-001
          14        2.447001036790510  -3.693829772361172E-001
          15        2.447001036790510   3.693829772361172E-001
          16   8.590737576696162E-001       -2.391696170007903
          17   8.590737576696162E-001        2.391696170007903
          18   5.381975307254663E-001       -2.478572571141046
          19   5.381975307254663E-001        2.478572571141046
          20        1.261163643728166       -2.097388279690927
          21        1.261163643728166        2.097388279690927
          22   2.054982172762162E-001       -2.502068091822765
          23   2.054982172762162E-001        2.502068091822765
          24        2.379865852118334   0.000000000000000E+000
          25        2.340812234906721  -8.299984152928183E-002
          26        2.340812234906721   8.299984152928183E-002
          27  -1.268371345849743E-001       -2.465692619472604
          28  -1.268371345849743E-001        2.465692619472604
          29        2.185063317192768  -3.573987312211976E-001
          30        2.185063317192768   3.573987312211976E-001
          31  -4.479455359587075E-001       -2.371987185262238
          32  -4.479455359587075E-001        2.371987185262238
          33        2.030944202095711  -6.283858638762407E-001
          34        2.030944202095711   6.283858638762407E-001
          35  -7.476420496338213E-001       -2.224372897415521
          36  -7.476420496338213E-001        2.224372897415521
          37        1.837831816249978  -8.723851283249156E-001
          38        1.837831816249978   8.723851283249156E-001
          39       -1.016509095397828       -2.027549525233368
          40       -1.016509095397828        2.027549525233368
          41        1.608002650623843       -1.082627831788509
          42        1.608002650623843        1.082627831788509
          43       -1.246151891199412       -1.787555554253667
          44       -1.246151891199412        1.787555554253667
          45        1.348084429426559       -1.247771232720668
          46        1.348084429426559        1.247771232720668
          47       -1.429509670567700       -1.511704264836038
          48       -1.429509670567700        1.511704264836038
          49        1.074828999169334       -1.358238406867489
          50        1.074828999169334        1.358238406867489
          51       -1.561195242059639       -1.208480195021771
          52       -1.561195242059639        1.208480195021771
          53   8.077740208366520E-001       -1.416594470646110
          54   8.077740208366520E-001        1.416594470646110
          55   5.561329896462467E-001       -1.434265375220803
          56   5.561329896462467E-001        1.434265375220803
          57       -1.637779043542517  -8.875159152925335E-001
          58       -1.637779043542517   8.875159152925335E-001
          59        1.228160187584059  -7.476753194971396E-002
          60        1.228160187584059   7.476753194971396E-002
          61   3.195743553103678E-001       -1.424386352278086
          62   3.195743553103678E-001        1.424386352278086
          63       -1.657529513868075  -5.596561422739098E-001
          64       -1.657529513868075   5.596561422739098E-001
          65       -1.616970506406416  -2.338468942284529E-001
          66       -1.616970506406416   2.338468942284529E-001
          67   1.046900933152628E-001       -1.391819967125887
          68   1.046900933152628E-001        1.391819967125887
          69       -1.480551729335546  -7.871563908564402E-002
          70       -1.480551729335546   7.871563908564402E-002
          71       -1.393093566276809  -3.894286659027437E-001
          72       -1.393093566276809   3.894286659027437E-001
          73   3.529666907236585E-001       -1.233801310035094
          74   3.529666907236585E-001        1.233801310035094
          75  -7.589619899049938E-002       -1.327859531489501
          76  -7.589619899049938E-002        1.327859531489501
          77   1.356752569510852E-001       -1.273768604754898
          78   1.356752569510852E-001        1.273768604754898
          79       -1.243676857854575  -6.308622579702454E-001
          80       -1.243676857854575   6.308622579702454E-001
          81  -1.252122503787966E-001       -1.291407955432524
          82  -1.252122503787966E-001        1.291407955432524
          83        1.132193409206757  -1.465304792495061E-001
          84        1.132193409206757   1.465304792495061E-001
          85        1.081292085768140  -3.652813013076710E-001
          86        1.081292085768140   3.652813013076710E-001
          87        1.000162927177830  -5.676797672315028E-001
          88        1.000162927177830   5.676797672315028E-001
          89  -2.613103698119442E-001       -1.265732005182981
          90  -2.613103698119442E-001        1.265732005182981
          91   8.804857179405243E-001  -7.536506555285284E-001
          92   8.804857179405243E-001   7.536506555285284E-001
          93   7.183313188110868E-001  -9.145672868022065E-001
          94   7.183313188110868E-001   9.145672868022065E-001
          95  -3.688209154335772E-001       -1.229369955798462
          96  -3.688209154335772E-001        1.229369955798462
          97       -1.057454371494174  -8.384760183501532E-001
          98       -1.057454371494174   8.384760183501532E-001
          99        1.085399040562249  -9.175783366581478E-002
         100        1.085399040562249   9.175783366581478E-002
         101  -8.468338291224674E-001       -1.005151506946236
         102  -8.468338291224674E-001        1.005151506946236
         103  -6.150342383922364E-001       -1.126474917149349
         104  -6.150342383922364E-001        1.126474917149349
         105  -4.441052947329177E-001       -1.175920907204711
         106  -4.441052947329177E-001        1.175920907204711
         107   9.711672483341174E-001  -4.246930393845557E-001
         108   9.711672483341174E-001   4.246930393845557E-001
         109   8.759759687904773E-001  -5.892961985392194E-001
         110   8.759759687904773E-001   5.892961985392194E-001
         111   5.232017390263599E-001  -9.627928206727419E-001
         112   5.232017390263599E-001   9.627928206727419E-001
         113        1.015857011651635   0.000000000000000E+000
         114   9.871913747796337E-001  -1.918841800969999E-001
         115   9.871913747796337E-001   1.918841800969999E-001
         116   7.543893477377808E-001  -7.290903609300241E-001
         117   7.543893477377808E-001   7.290903609300241E-001
         118   8.843476324784754E-001  -4.544343757265893E-001
         119   8.843476324784754E-001   4.544343757265893E-001
         120   8.106744852832692E-001  -6.059818102101224E-001
         121   8.106744852832692E-001   6.059818102101224E-001
         122   9.167266845968645E-001  -2.955458985813174E-001
         123   9.167266845968645E-001   2.955458985813174E-001
         124   9.021133782355850E-001  -3.324480002750508E-001
         125   9.021133782355850E-001   3.324480002750508E-001
         126   9.395359271794175E-001  -1.427280709755953E-001
         127   9.395359271794175E-001   1.427280709755953E-001
         128   9.485527110439033E-001   0.000000000000000E+000
         129   7.057723284628396E-001  -7.485780490506170E-001
         130   7.057723284628396E-001   7.485780490506170E-001
         131   6.214692552683985E-001  -8.455546918901645E-001
         132   6.214692552683985E-001   8.455546918901645E-001
         133   5.656353181068218E-001  -8.872863980858825E-001
         134   5.656353181068218E-001   8.872863980858825E-001
         135       -1.359094310606526   0.000000000000000E+000
         136   4.647341697960533E-001  -9.583006098934176E-001
         137   4.647341697960533E-001   9.583006098934176E-001
         138   7.997476214022016E-001  -4.403757684760442E-001
         139   7.997476214022016E-001   4.403757684760442E-001
         140   2.858894371254065E-001       -1.015529521094818
         141   2.858894371254065E-001        1.015529521094818
         142   3.595014785027739E-001  -9.696262862277137E-001
         143   3.595014785027739E-001   9.696262862277137E-001
         144  -5.912612627905767E-001       -1.070513959271993
         145  -5.912612627905767E-001        1.070513959271993
         146   6.679833514871856E-001  -6.088717157020828E-001
         147   6.679833514871856E-001   6.088717157020828E-001
         148   5.800291141729634E-001  -7.143472973684623E-001
         149   5.800291141729634E-001   7.143472973684623E-001
         150   1.121499761511130E-001       -1.044222630112245
         151   1.121499761511130E-001        1.044222630112245
         152   1.895839102724081E-001       -1.005572187119833
         153   1.895839102724081E-001        1.005572187119833
         154   4.745370207977046E-001  -7.976102282866610E-001
         155   4.745370207977046E-001   7.976102282866610E-001
         156   6.408926614032008E-001  -5.016932658049920E-001
         157   6.408926614032008E-001   5.016932658049920E-001
         158   7.123716136101190E-001  -3.390244499254654E-001
         159   7.123716136101190E-001   3.390244499254654E-001
         160   7.419238634671491E-001  -1.999155330007581E-001
         161   7.419238634671491E-001   1.999155330007581E-001
         162   7.578630748785202E-001  -6.700277807676186E-002
         163   7.578630748785202E-001   6.700277807676186E-002
         164   3.539402268071322E-001  -8.531640869434090E-001
         165   3.539402268071322E-001   8.531640869434090E-001
         166  -5.610650287820876E-002       -1.046310153866771
         167  -5.610650287820876E-002        1.046310153866771
         168   2.292466276880434E-002       -1.016941291249699
         169   2.292466276880434E-002        1.016941291249699
         170       -1.280677405371338   0.000000000000000E+000
         171   5.174463115852723E-001  -6.114348472743890E-001
         172   5.174463115852723E-001   6.114348472743890E-001
         173   2.207531910697206E-001  -8.838888862029308E-001
         174   2.207531910697206E-001   8.838888862029308E-001
         175  -2.152660204283539E-001       -1.026987599881090
         176  -2.152660204283539E-001        1.026987599881090
         177   6.608256244181722E-001  -6.616805370922758E-002
         178   6.608256244181722E-001   6.616805370922758E-002
         179   6.306474782803802E-001  -1.932172559316416E-001
         180   6.306474782803802E-001   1.932172559316416E-001
         181  -1.415725030829617E-001       -1.002556354717618
         182  -1.415725030829617E-001        1.002556354717618
         183   3.907398410074203E-001  -6.919862268848741E-001
         184   3.907398410074203E-001   6.919862268848741E-001
         185  -7.245418273495485E-001  -9.325572130325714E-001
         186  -7.245418273495485E-001   9.325572130325714E-001
         187   5.763878651862235E-001  -3.067137484882507E-001
         188   5.763878651862235E-001   3.067137484882507E-001
         189   8.380567887321658E-002  -8.919871326456554E-001
         190   8.380567887321658E-002   8.919871326456554E-001
         191  -3.657162799028741E-001  -9.892630593766427E-001
         192  -3.657162799028741E-001   9.892630593766427E-001
         193   5.046926632235839E-001  -4.055192948813588E-001
         194   5.046926632235839E-001   4.055192948813588E-001
         195   2.555103654890883E-001  -7.494981113383863E-001
         196   2.555103654890883E-001   7.494981113383863E-001
         197  -3.016013036899203E-001  -9.617227195782214E-001
         198  -3.016013036899203E-001   9.617227195782214E-001
         199   4.179424061017946E-001  -4.899300475861946E-001
         200   4.179424061017946E-001   4.899300475861946E-001
         201  -8.385787076316298E-001  -7.925006542855773E-001
         202  -8.385787076316298E-001   7.925006542855773E-001
         203  -5.030979975866441E-001  -9.293014571323227E-001
         204  -5.030979975866441E-001   9.293014571323227E-001
         205  -5.152065208935386E-002  -8.767690975548124E-001
         206  -5.152065208935386E-002   8.767690975548124E-001
         207   1.126537399367473E-001  -7.835791431208683E-001
         208   1.126537399367473E-001   7.835791431208683E-001
         209   3.174558191218125E-001  -5.583822760526225E-001
         210   3.174558191218125E-001   5.583822760526225E-001
         211  -4.514929158242890E-001  -8.921530408479921E-001
         212  -4.514929158242890E-001   8.921530408479921E-001
         213  -9.270781425240544E-001  -6.465443162956757E-001
         214  -9.270781425240544E-001   6.465443162956757E-001
         215  -6.238792169504536E-001  -8.450216144429524E-001
         216  -6.238792169504536E-001   8.450216144429524E-001
         217       -1.149425408402928  -1.434551530588062E-001
         218       -1.149425408402928   1.434551530588062E-001
         219       -1.026383214021940  -4.598713566300455E-001
         220       -1.026383214021940   4.598713566300455E-001
         221       -1.133521920350075   0.000000000000000E+000
         222       -1.110952028982507  -1.696616291578484E-001
         223       -1.110952028982507   1.696616291578484E-001
         224  -9.366952523443092E-001  -5.632857266228736E-001
         225  -9.366952523443092E-001   5.632857266228736E-001
         226       -1.029729953543280  -3.604297587288685E-001
         227       -1.029729953543280   3.604297587288685E-001
         228       -1.042063920995396  -3.251261353362008E-001
         229       -1.042063920995396   3.251261353362008E-001
         230  -8.555528259063325E-001  -6.415909838354186E-001
         231  -8.555528259063325E-001   6.415909838354186E-001
         232  -9.408671220256474E-001  -5.016849941355381E-001
         233  -9.408671220256474E-001   5.016849941355381E-001
         234       -1.058614974139571  -1.932144306943888E-001
         235       -1.058614974139571   1.932144306943888E-001
         236  -7.389703832312792E-001  -7.403103855033130E-001
         237  -7.389703832312792E-001   7.403103855033130E-001
         238  -3.479851228742864E-002  -7.924223543666236E-001
         239  -3.479851228742864E-002   7.924223543666236E-001
         240       -1.053363302093426  -3.699373938559486E-002
         241       -1.053363302093426   3.699373938559486E-002
         242  -8.267580885717947E-001  -6.230618234644190E-001
         243  -8.267580885717947E-001   6.230618234644190E-001
         244  -5.762605073408684E-001  -7.970915292072642E-001
         245  -5.762605073408684E-001   7.970915292072642E-001
         246  -7.437417552650096E-001  -6.918099762771098E-001
         247  -7.437417552650096E-001   6.918099762771098E-001
         248       -1.022579270419161  -1.132400100252302E-001
         249       -1.022579270419161   1.132400100252302E-001
         250  -6.715359903774754E-001  -7.189957409714283E-001
         251  -6.715359903774754E-001   7.189957409714283E-001
         252  -2.130312044745577E-001  -8.012705234863500E-001
         253  -2.130312044745577E-001   8.012705234863500E-001
         254  -9.606390366492887E-001  -2.639154253408542E-001
         255  -9.606390366492887E-001   2.639154253408542E-001
         256  -8.841432713202058E-001  -4.247882287695107E-001
         257  -8.841432713202058E-001   4.247882287695107E-001
         258  -7.859073087961337E-001  -5.649710782822975E-001
         259  -7.859073087961337E-001   5.649710782822975E-001
         260   2.052356682926646E-001  -6.086304072899740E-001
         261   2.052356682926646E-001   6.086304072899740E-001
         262  -3.496949423334350E-001  -7.789488692432689E-001
         263  -3.496949423334350E-001   7.789488692432689E-001
         264  -5.828932055450991E-001  -7.097711038614908E-001
         265  -5.828932055450991E-001   7.097711038614908E-001
         266  -6.542477751174620E-001  -6.485884313050285E-001
         267  -6.542477751174620E-001   6.485884313050285E-001
         268  -4.520979592822779E-001  -7.440248982743918E-001
         269  -4.520979592822779E-001   7.440248982743918E-001
         270  -3.224005325270618E-001  -7.465762397226751E-001
         271  -3.224005325270618E-001   7.465762397226751E-001
         272   8.352477058392824E-002  -6.392139166258353E-001
         273   8.352477058392824E-002   6.392139166258353E-001
         274  -5.369557912196532E-001  -6.749055512127958E-001
         275  -5.369557912196532E-001   6.749055512127958E-001
         276  -4.691687697722308E-002  -6.495895754917296E-001
         277  -4.691687697722308E-002   6.495895754917296E-001
         278  -5.507982091537926E-001  -6.285289500566864E-001
         279  -5.507982091537926E-001   6.285289500566864E-001
         280  -4.597534645253376E-001  -6.723587147810617E-001
         281  -4.597534645253376E-001   6.723587147810617E-001
         282  -4.747040680888922E-001  -6.618645256303524E-001
         283  -4.747040680888922E-001   6.618645256303524E-001
         284  -5.642810687425279E-001  -5.968297555491084E-001
         285  -5.642810687425279E-001   5.968297555491084E-001
         286  -4.146648023343983E-001  -6.457294354582881E-001
         287  -4.146648023343983E-001   6.457294354582881E-001
         288  -6.021980166623564E-001  -5.458932185298080E-001
         289  -6.021980166623564E-001   5.458932185298080E-001
         290  -8.155070395654461E-001  -2.831375774894431E-001
         291  -8.155070395654461E-001   2.831375774894431E-001
         292  -6.598201879640202E-001  -4.783665298336888E-001
         293  -6.598201879640202E-001   4.783665298336888E-001
         294  -6.498589382159221E-001  -4.794440033528600E-001
         295  -6.498589382159221E-001   4.794440033528600E-001
         296  -7.395522164166508E-001  -3.746493728566214E-001
         297  -7.395522164166508E-001   3.746493728566214E-001
         298  -8.077042404489211E-001  -1.971136145612208E-001
         299  -8.077042404489211E-001   1.971136145612208E-001
         300  -6.816745160541247E-001  -3.938352960459852E-001
         301  -6.816745160541247E-001   3.938352960459852E-001
         302  -8.166178066282998E-001  -6.073759508661470E-002
         303  -8.166178066282998E-001   6.073759508661470E-002
         304  -7.128218966792842E-001  -3.239735502581307E-001
         305  -7.128218966792842E-001   3.239735502581307E-001
         306  -7.322080698204776E-001  -2.617282341753640E-001
         307  -7.322080698204776E-001   2.617282341753640E-001
         308  -7.525251333400429E-001  -2.033331518345195E-001
         309  -7.525251333400429E-001   2.033331518345195E-001
         310  -7.615802259409221E-001  -1.448967556527613E-001
         311  -7.615802259409221E-001   1.448967556527613E-001
         312  -7.605610007514182E-001  -9.215592754940460E-002
         313  -7.605610007514182E-001   9.215592754940460E-002
         314  -3.520108668563229E-001  -6.249273048818420E-001
         315  -3.520108668563229E-001   6.249273048818420E-001
         316  -1.870153484786900E-001  -6.305069525755930E-001
         317  -1.870153484786900E-001   6.305069525755930E-001
         318  -7.187723644997707E-001   0.000000000000000E+000
         319  -2.949064891495878E-001  -5.993375303340996E-001
         320  -2.949064891495878E-001   5.993375303340996E-001
         321  -2.418742028627076E-001  -5.340660184222583E-001
         322  -2.418742028627076E-001   5.340660184222583E-001
         323  -6.153981905083328E-001  -5.461262936886317E-002
         324  -6.153981905083328E-001   5.461262936886317E-002
         325  -5.842447920142799E-001  -1.198041723191489E-001
         326  -5.842447920142799E-001   1.198041723191489E-001
         327  -6.056119347196879E-001   0.000000000000000E+000
         328  -5.331083764024578E-001  -1.478744748810380E-001
         329  -5.331083764024578E-001   1.478744748810380E-001
         330  -5.112621994868890E-001   0.000000000000000E+000
         331  -4.896849355205564E-001  -1.220360879517383E-001
         332  -4.896849355205564E-001   1.220360879517383E-001
         333  -1.844535072400220E-001  -4.367836639068870E-001
         334  -1.844535072400220E-001   4.367836639068870E-001
         335  -4.358040276039151E-001  -9.996325094284764E-002
         336  -4.358040276039151E-001   9.996325094284764E-002
         337  -1.669982986612928E-002  -3.917765318301935E-001
         338  -1.669982986612928E-002   3.917765318301935E-001
         339   3.354413421497233E-001  -2.877879189134968E-002
         340   3.354413421497233E-001   2.877879189134968E-002
         341   3.163909723299114E-001  -8.982627889484364E-002
         342   3.163909723299114E-001   8.982627889484364E-002
         343   2.856687797128871E-001  -1.502693740767954E-001
         344   2.856687797128871E-001   1.502693740767954E-001
         345  -3.507013739187378E-001  -1.639463194930562E-001
         346  -3.507013739187378E-001   1.639463194930562E-001
         347   2.447999109074628E-001  -2.057956408141851E-001
         348   2.447999109074628E-001   2.057956408141851E-001
         349   1.967428097232390E-001  -2.530528839934000E-001
         350   1.967428097232390E-001   2.530528839934000E-001
         351   1.420443271256587E-001  -2.891136285094084E-001
         352   1.420443271256587E-001   2.891136285094084E-001
         353   8.125725481182813E-002  -3.146806859221456E-001
         354   8.125725481182813E-002   3.146806859221456E-001
         355   1.384205481478518E-002  -3.309317320048973E-001
         356   1.384205481478518E-002   3.309317320048973E-001
         357   2.166800477112421E-001  -3.413994806638612E-002
         358   2.166800477112421E-001   3.413994806638612E-002
         359   2.183489704215485E-001   0.000000000000000E+000
         360   2.109979530612823E-001  -1.646259682373433E-002
         361   2.109979530612823E-001   1.646259682373433E-002
         362   2.116628135617341E-001  -6.823676721772166E-002
         363   2.116628135617341E-001   6.823676721772166E-002
         364   2.073658345593535E-001  -4.977455001398149E-002
         365   2.073658345593535E-001   4.977455001398149E-002
         366   2.038925277753921E-001  -1.018171587262379E-001
         367   2.038925277753921E-001   1.018171587262379E-001
         368   1.996204435246892E-001  -8.365389327896876E-002
         369   1.996204435246892E-001   8.365389327896876E-002
         370   1.941792283172378E-001  -1.306091515819542E-001
         371   1.941792283172378E-001   1.306091515819542E-001
         372   1.876115290294493E-001  -1.175662346026635E-001
         373   1.876115290294493E-001   1.175662346026635E-001
         374   1.739997168626886E-001  -1.503571451543200E-001
         375   1.739997168626886E-001   1.503571451543200E-001
         376   1.724596828445878E-001  -1.536727233282436E-001
         377   1.724596828445878E-001   1.536727233282436E-001
         378   1.547681628594633E-001  -1.751205291875062E-001
         379   1.547681628594633E-001   1.751205291875062E-001
         380   1.478524042859476E-001  -1.804695094858585E-001
         381   1.478524042859476E-001   1.804695094858585E-001
         382   1.277632475328272E-001  -1.941176567762437E-001
         383   1.277632475328272E-001   1.941176567762437E-001
         384   1.177491218216234E-001  -2.036608455417984E-001
         385   1.177491218216234E-001   2.036608455417984E-001
         386   9.396928407467318E-002  -2.117505265358918E-001
         387   9.396928407467318E-002   2.117505265358918E-001
         388   8.377169500901283E-002  -2.251156459391282E-001
         389   8.377169500901283E-002   2.251156459391282E-001
         390  -5.995231448496706E-002  -3.269208605730027E-001
         391  -5.995231448496706E-002   3.269208605730027E-001
         392   5.732826269489530E-002  -2.251336548174855E-001
         393   5.732826269489530E-002   2.251336548174855E-001
         394   4.611879377880360E-002  -2.447559014967744E-001
         395   4.611879377880360E-002   2.447559014967744E-001
         396  -1.198779757555350E-001  -3.329648401444827E-001
         397  -1.198779757555350E-001   3.329648401444827E-001
         398   4.563671476262451E-003  -2.626832612876601E-001
         399   4.563671476262451E-003   2.626832612876601E-001
         400   1.939939720612698E-002  -2.316620831463305E-001
         401   1.939939720612698E-002   2.316620831463305E-001
         402  -4.132613685417214E-002  -2.778272498199308E-001
         403  -4.132613685417214E-002   2.778272498199308E-001
         404  -2.893968220900902E-001  -2.146091381581375E-001
         405  -2.893968220900902E-001   2.146091381581375E-001
         406  -1.178989477038129E-001  -3.096722450205932E-001
         407  -1.178989477038129E-001   3.096722450205932E-001
         408  -9.502866903278862E-002  -2.889901419235469E-001
         409  -9.502866903278862E-002   2.889901419235469E-001
         410  -1.747029163685431E-001  -2.885343309385656E-001
         411  -1.747029163685431E-001   2.885343309385656E-001
         412  -2.315039458482658E-001  -2.559016596934442E-001
         413  -2.315039458482658E-001   2.559016596934442E-001
         414  -4.397939097326273E-002  -2.275721869835044E-001
         415  -4.397939097326273E-002   2.275721869835044E-001
         416  -1.466681016313575E-001  -2.728573173032577E-001
         417  -1.466681016313575E-001   2.728573173032577E-001
         418  -8.137250828471809E-002  -2.293333930353656E-001
         419  -8.137250828471809E-002   2.293333930353656E-001
         420  -1.247711651855478E-001  -2.224156799421731E-001
         421  -1.247711651855478E-001   2.224156799421731E-001
         422  -1.823513676512681E-001  -2.292867004249860E-001
         423  -1.823513676512681E-001   2.292867004249860E-001
         424  -1.710134471780653E-001  -2.081825619959907E-001
         425  -1.710134471780653E-001   2.081825619959907E-001
         426  -2.075541720713318E-001  -1.913730574882742E-001
         427  -2.075541720713318E-001   1.913730574882742E-001
         428  -2.201746140077640E-001  -1.777599291007840E-001
         429  -2.201746140077640E-001   1.777599291007840E-001
         430  -2.376425999112046E-001  -1.528883327027399E-001
         431  -2.376425999112046E-001   1.528883327027399E-001
         432  -2.451355852001890E-001  -1.324017914457736E-001
         433  -2.451355852001890E-001   1.324017914457736E-001
         434  -3.247880149667568E-001   0.000000000000000E+000
         435  -2.620013148224687E-001  -1.012298640017580E-001
         436  -2.620013148224687E-001   1.012298640017580E-001
         437  -2.616708828689454E-001  -8.158003144905970E-002
         438  -2.616708828689454E-001   8.158003144905970E-002
         439  -2.797965442959423E-001  -3.913328067163376E-002
         440  -2.797965442959423E-001   3.913328067163376E-002
         441  -2.689238361318040E-001  -2.895154456226650E-002
         442  -2.689238361318040E-001   2.895154456226650E-002
         443  -2.281542998309413E-001   0.000000000000000E+000
         444  -1.186032820963502E-003   0.000000000000000E+000
         445  -3.041406546939408E-004  -1.114900218787838E-003
         446  -3.041406546939408E-004   1.114900218787838E-003
         447   9.061246477460878E-004  -6.113337250086535E-004
         448   9.061246477460878E-004   6.113337250086535E-004



           - AUTOVALORES DIFERENTES E REAIS e positivos - 
          REAL
           1   2.183489704215485E-001
           2   9.485527110439033E-001
           3        1.015857011651635
           4        2.379865852118334
