 ************************************************************************************************************************
                         Exem


data

  number of boundary elements= 80

  number of functional nodes= 84

  number of internal source points where the funct. is calculated= 49




  coordinates of the source points of the boundary el ements

    point          x                  y
        1       .0000000E+00       .0000000E+00
        2       .5000000E-01       .0000000E+00
        3       .1000000E+00       .0000000E+00
        4       .1500000E+00       .0000000E+00
        5       .2000000E+00       .0000000E+00
        6       .2500000E+00       .0000000E+00
        7       .3000000E+00       .0000000E+00
        8       .3500000E+00       .0000000E+00
        9       .4000000E+00       .0000000E+00
       10       .4500000E+00       .0000000E+00
       11       .5000000E+00       .0000000E+00
       12       .5500000E+00       .0000000E+00
       13       .6000000E+00       .0000000E+00
       14       .6500000E+00       .0000000E+00
       15       .7000000E+00       .0000000E+00
       16       .7500000E+00       .0000000E+00
       17       .8000000E+00       .0000000E+00
       18       .8500000E+00       .0000000E+00
       19       .9000000E+00       .0000000E+00
       20       .9500000E+00       .0000000E+00
       21       .1000000E+01       .0000000E+00
       22       .1000000E+01       .0000000E+00
       23       .1000000E+01       .5000000E-01
       24       .1000000E+01       .1000000E+00
       25       .1000000E+01       .1500000E+00
       26       .1000000E+01       .2000000E+00
       27       .1000000E+01       .2500000E+00
       28       .1000000E+01       .3000000E+00
       29       .1000000E+01       .3500000E+00
       30       .1000000E+01       .4000000E+00
       31       .1000000E+01       .4500000E+00
       32       .1000000E+01       .5000000E+00
       33       .1000000E+01       .5500000E+00
       34       .1000000E+01       .6000000E+00
       35       .1000000E+01       .6500000E+00
       36       .1000000E+01       .7000000E+00
       37       .1000000E+01       .7500000E+00
       38       .1000000E+01       .8000000E+00
       39       .1000000E+01       .8500000E+00
       40       .1000000E+01       .9000000E+00
       41       .1000000E+01       .9500000E+00
       42       .1000000E+01       .1000000E+01
       43       .1000000E+01       .1000000E+01
       44       .9500000E+00       .1000000E+01
       45       .9000000E+00       .1000000E+01
       46       .8500000E+00       .1000000E+01
       47       .8000000E+00       .1000000E+01
       48       .7500000E+00       .1000000E+01
       49       .7000000E+00       .1000000E+01
       50       .6500000E+00       .1000000E+01
       51       .6000000E+00       .1000000E+01
       52       .5500000E+00       .1000000E+01
       53       .5000000E+00       .1000000E+01
       54       .4500000E+00       .1000000E+01
       55       .4000000E+00       .1000000E+01
       56       .3500000E+00       .1000000E+01
       57       .3000000E+00       .1000000E+01
       58       .2500000E+00       .1000000E+01
       59       .2000000E+00       .1000000E+01
       60       .1500000E+00       .1000000E+01
       61       .1000000E+00       .1000000E+01
       62       .5000000E-01       .1000000E+01
       63       .0000000E+00       .1000000E+01
       64       .0000000E+00       .1000000E+01
       65       .0000000E+00       .9500000E+00
       66       .0000000E+00       .9000000E+00
       67       .0000000E+00       .8500000E+00
       68       .0000000E+00       .8000000E+00
       69       .0000000E+00       .7500000E+00
       70       .0000000E+00       .7000000E+00
       71       .0000000E+00       .6500000E+00
       72       .0000000E+00       .6000000E+00
       73       .0000000E+00       .5500000E+00
       74       .0000000E+00       .5000000E+00
       75       .0000000E+00       .4500000E+00
       76       .0000000E+00       .4000000E+00
       77       .0000000E+00       .3500000E+00
       78       .0000000E+00       .3000000E+00
       79       .0000000E+00       .2500000E+00
       80       .0000000E+00       .2000000E+00
       81       .0000000E+00       .1500000E+00
       82       .0000000E+00       .1000000E+00
       83       .0000000E+00       .5000000E-01
       84       .0000000E+00       .0000000E+00
       85       .7143000E-01       .7143000E-01
       86       .2142900E+00       .7143000E-01
       87       .3571400E+00       .7143000E-01
       88       .5000000E+00       .7143000E-01
       89       .6428600E+00       .7143000E-01
       90       .7857100E+00       .7143000E-01
       91       .9285700E+00       .7143000E-01
       92       .7143000E-01       .2142900E+00
       93       .2142900E+00       .2142900E+00
       94       .3571400E+00       .2142900E+00
       95       .5000000E+00       .2142900E+00
       96       .6428600E+00       .2142900E+00
       97       .7857100E+00       .2142900E+00
       98       .9285700E+00       .2142900E+00
       99       .7143000E-01       .3571400E+00
      100       .2142900E+00       .3571400E+00
      101       .3571400E+00       .3571400E+00
      102       .5000000E+00       .3571400E+00
      103       .6428600E+00       .3571400E+00
      104       .7857100E+00       .3571400E+00
      105       .9285700E+00       .3571400E+00
      106       .7143000E-01       .5000000E+00
      107       .2142900E+00       .5000000E+00
      108       .3571400E+00       .5000000E+00
      109       .5000000E+00       .5000000E+00
      110       .6428600E+00       .5000000E+00
      111       .7857100E+00       .5000000E+00
      112       .9285700E+00       .5000000E+00
      113       .7143000E-01       .6428600E+00
      114       .2142900E+00       .6428600E+00
      115       .3571400E+00       .6428600E+00
      116       .5000000E+00       .6428600E+00
      117       .6428600E+00       .6428600E+00
      118       .7857100E+00       .6428600E+00
      119       .9285700E+00       .6428600E+00
      120       .7143000E-01       .7857100E+00
      121       .2142900E+00       .7857100E+00
      122       .3571400E+00       .7857100E+00
      123       .5000000E+00       .7857100E+00
      124       .6428600E+00       .7857100E+00
      125       .7857100E+00       .7857100E+00
      126       .9285700E+00       .7857100E+00
      127       .7143000E-01       .9285700E+00
      128       .2142900E+00       .9285700E+00
      129       .3571400E+00       .9285700E+00
      130       .5000000E+00       .9285700E+00
      131       .6428600E+00       .9285700E+00
      132       .7857100E+00       .9285700E+00
      133       .9285700E+00       .9285700E+00


  boundary conditions

     node      code     prescribed value
       1        1         84          .0000000E+00
       2        1          0          .0000000E+00
       3        1          0          .0000000E+00
       4        1          0          .0000000E+00
       5        1          0          .0000000E+00
       6        1          0          .0000000E+00
       7        1          0          .0000000E+00
       8        1          0          .0000000E+00
       9        1          0          .0000000E+00
      10        1          0          .0000000E+00
      11        1          0          .0000000E+00
      12        1          0          .0000000E+00
      13        1          0          .0000000E+00
      14        1          0          .0000000E+00
      15        1          0          .0000000E+00
      16        1          0          .0000000E+00
      17        1          0          .0000000E+00
      18        1          0          .0000000E+00
      19        1          0          .0000000E+00
      20        1          0          .0000000E+00
      21        1         22          .0000000E+00
      22        1         21          .0000000E+00
      23        1          0          .0000000E+00
      24        1          0          .0000000E+00
      25        1          0          .0000000E+00
      26        1          0          .0000000E+00
      27        1          0          .0000000E+00
      28        1          0          .0000000E+00
      29        1          0          .0000000E+00
      30        1          0          .0000000E+00
      31        1          0          .0000000E+00
      32        1          0          .0000000E+00
      33        1          0          .0000000E+00
      34        1          0          .0000000E+00
      35        1          0          .0000000E+00
      36        1          0          .0000000E+00
      37        1          0          .0000000E+00
      38        1          0          .0000000E+00
      39        1          0          .0000000E+00
      40        1          0          .0000000E+00
      41        1          0          .0000000E+00
      42        1         43          .0000000E+00
      43        1         42          .0000000E+00
      44        1          0          .0000000E+00
      45        1          0          .0000000E+00
      46        1          0          .0000000E+00
      47        1          0          .0000000E+00
      48        1          0          .0000000E+00
      49        1          0          .0000000E+00
      50        1          0          .0000000E+00
      51        1          0          .0000000E+00
      52        1          0          .0000000E+00
      53        1          0          .0000000E+00
      54        1          0          .0000000E+00
      55        1          0          .0000000E+00
      56        1          0          .0000000E+00
      57        1          0          .0000000E+00
      58        1          0          .0000000E+00
      59        1          0          .0000000E+00
      60        1          0          .0000000E+00
      61        1          0          .0000000E+00
      62        1          0          .0000000E+00
      63        1         64          .0000000E+00
      64        0         63          .0000000E+00
      65        0          0          .0000000E+00
      66        0          0          .0000000E+00
      67        0          0          .0000000E+00
      68        0          0          .0000000E+00
      69        0          0          .0000000E+00
      70        0          0          .0000000E+00
      71        0          0          .0000000E+00
      72        0          0          .0000000E+00
      73        0          0          .0000000E+00
      74        0          0          .0000000E+00
      75        0          0          .0000000E+00
      76        0          0          .0000000E+00
      77        0          0          .0000000E+00
      78        0          0          .0000000E+00
      79        0          0          .0000000E+00
      80        0          0          .0000000E+00
      81        0          0          .0000000E+00
      82        0          0          .0000000E+00
      83        0          0          .0000000E+00
      84        0          1          .0000000E+00


  incidence of geometric nodes

      first node      second node

       1          1       2
       2          2       3
       3          3       4
       4          4       5
       5          5       6
       6          6       7
       7          7       8
       8          8       9
       9          9      10
      10         10      11
      11         11      12
      12         12      13
      13         13      14
      14         14      15
      15         15      16
      16         16      17
      17         17      18
      18         18      19
      19         19      20
      20         20      21
      21         22      23
      22         23      24
      23         24      25
      24         25      26
      25         26      27
      26         27      28
      27         28      29
      28         29      30
      29         30      31
      30         31      32
      31         32      33
      32         33      34
      33         34      35
      34         35      36
      35         36      37
      36         37      38
      37         38      39
      38         39      40
      39         40      41
      40         41      42
      41         43      44
      42         44      45
      43         45      46
      44         46      47
      45         47      48
      46         48      49
      47         49      50
      48         50      51
      49         51      52
      50         52      53
      51         53      54
      52         54      55
      53         55      56
      54         56      57
      55         57      58
      56         58      59
      57         59      60
      58         60      61
      59         61      62
      60         62      63
      61         64      65
      62         65      66
      63         66      67
      64         67      68
      65         68      69
      66         69      70
      67         70      71
      68         71      72
      69         72      73
      70         73      74
      71         74      75
      72         75      76
      73         76      77
      74         77      78
      75         78      79
      76         79      80
      77         80      81
      78         81      82
      79         82      83
      80         83      84
 NOVAS COORDENADAS DOS NOS DUPLOS
      .0010      .0000
      .0500      .0000
      .1000      .0000
      .1500      .0000
      .2000      .0000
      .2500      .0000
      .3000      .0000
      .3500      .0000
      .4000      .0000
      .4500      .0000
      .5000      .0000
      .5500      .0000
      .6000      .0000
      .6500      .0000
      .7000      .0000
      .7500      .0000
      .8000      .0000
      .8500      .0000
      .9000      .0000
      .9500      .0000
      .9990      .0000
     1.0000      .0010
     1.0000      .0500
     1.0000      .1000
     1.0000      .1500
     1.0000      .2000
     1.0000      .2500
     1.0000      .3000
     1.0000      .3500
     1.0000      .4000
     1.0000      .4500
     1.0000      .5000
     1.0000      .5500
     1.0000      .6000
     1.0000      .6500
     1.0000      .7000
     1.0000      .7500
     1.0000      .8000
     1.0000      .8500
     1.0000      .9000
     1.0000      .9500
     1.0000      .9990
      .9990     1.0000
      .9500     1.0000
      .9000     1.0000
      .8500     1.0000
      .8000     1.0000
      .7500     1.0000
      .7000     1.0000
      .6500     1.0000
      .6000     1.0000
      .5500     1.0000
      .5000     1.0000
      .4500     1.0000
      .4000     1.0000
      .3500     1.0000
      .3000     1.0000
      .2500     1.0000
      .2000     1.0000
      .1500     1.0000
      .1000     1.0000
      .0500     1.0000
      .0010     1.0000
      .0000      .9990
      .0000      .9500
      .0000      .9000
      .0000      .8500
      .0000      .8000
      .0000      .7500
      .0000      .7000
      .0000      .6500
      .0000      .6000
      .0000      .5500
      .0000      .5000
      .0000      .4500
      .0000      .4000
      .0000      .3500
      .0000      .3000
      .0000      .2500
      .0000      .2000
      .0000      .1500
      .0000      .1000
      .0000      .0500
      .0000      .0010
   
 VALORES DE DFI  ************************************
      1   .0000
      2   .0000
      3   .0000
      4   .0000
      5   .0000
      6   .0000
      7   .0000
      8   .0000
      9   .0000
     10   .0000
     11   .0000
     12   .0000
     13   .0000
     14   .0000
     15   .0000
     16   .0000
     17   .0000
     18   .0000
     19   .0000
     20   .0000
     21   .0000
     22   .0000
     23   .0000
     24   .0000
     25   .0000
     26   .0000
     27   .0000
     28   .0000
     29   .0000
     30   .0000
     31   .0000
     32   .0000
     33   .0000
     34   .0000
     35   .0000
     36   .0000
     37   .0000
     38   .0000
     39   .0000
     40   .0000
     41   .0000
     42   .0000
     43   .0000
     44   .0000
     45   .0000
     46   .0000
     47   .0000
     48   .0000
     49   .0000
     50   .0000
     51   .0000
     52   .0000
     53   .0000
     54   .0000
     55   .0000
     56   .0000
     57   .0000
     58   .0000
     59   .0000
     60   .0000
     61   .0000
     62   .0000
     63   .0000
     64   .0000
     65   .0000
     66   .0000
     67   .0000
     68   .0000
     69   .0000
     70   .0000
     71   .0000
     72   .0000
     73   .0000
     74   .0000
     75   .0000
     76   .0000
     77   .0000
     78   .0000
     79   .0000
     80   .0000
     81   .0000
     82   .0000
     83   .0000
     84   .0000
     85   .0000
     86   .0000
     87   .0000
     88   .0000
     89   .0000
     90   .0000
     91   .0000
     92   .0000
     93   .0000
     94   .0000
     95   .0000
     96   .0000
     97   .0000
     98   .0000
     99   .0000
    100   .0000
    101   .0000
    102   .0000
    103   .0000
    104   .0000
    105   .0000
    106   .0000
    107   .0000
    108   .0000
    109   .0000
    110   .0000
    111   .0000
    112   .0000
    113   .0000
    114   .0000
    115   .0000
    116   .0000
    117   .0000
    118   .0000
    119   .0000
    120   .0000
    121   .0000
    122   .0000
    123   .0000
    124   .0000
    125   .0000
    126   .0000
    127   .0000
    128   .0000
    129   .0000
    130   .0000
    131   .0000
    132   .0000
    133   .0000
   
 VALORES DE WR_POS ORIGINAIS ************************
      1    .00000
      2    .00000
      3    .00000
      4    .00000
      5    .00000
      6    .00000
      7    .00000
      8    .00000
      9    .00000
     10    .00000
     11    .00000
     12    .00000
     13    .00000
     14    .00000
     15    .00000
     16    .00000
     17    .00000
     18    .00000
     19    .00000
     20    .00000
     21    .00000
     22    .00000
     23    .00000
     24    .00000
     25    .00000
     26    .00000
     27    .00000
     28    .00000
     29    .00000
     30    .00000
     31    .00000
     32    .00000
     33    .00000
     34    .00000
     35    .00000
     36    .00000
     37    .00000
     38    .00000
     39    .00000
     40    .00000
     41    .00000
     42    .00000
     43    .00000
     44    .00000
     45    .00000
     46    .00000
     47    .00000
     48    .00000
     49    .00000
     50    .00000
     51    .00000
     52    .00000
     53    .00000
     54    .00000
     55    .00000
     56    .00000
     57    .00000
     58    .00000
     59    .00000
     60    .00000
     61    .00000
     62    .00000
     63    .00000
     64    .00000
     65    .00000
     66    .00000
     67    .00000
     68    .00000
     69    .00000
     70    .00000
     71    .00000
     72    .00000
     73    .00000
     74    .00000
     75    .00000
     76    .00000
     77    .00000
     78    .00000
     79    .00000
     80    .00000
     81    .00000
     82    .00000
     83    .00000
     84    .00000
     85    .00000
     86    .00000
     87    .00000
     88    .00000
     89    .00000
     90    .00000
     91    .00000
     92    .00000
     93    .00000
     94    .00000
     95    .00000
     96    .00000
     97    .00000
     98    .00000
     99    .00000
    100    .00000
    101    .00000
    102    .00000
    103    .00000
    104    .00000
    105    .00000
    106    .00000
    107    .00000
    108    .00000
    109    .00000
    110    .00000
    111    .00000
    112    .00000
    113    .00000
    114    .00000
    115    .00000
    116    .00000
    117    .00000
    118    .00000
    119    .00000
    120    .00000
    121    .00000
    122    .00000
    123    .00000
    124    .00000
    125    .00000
    126    .00000
    127    .00000
    128    .00000
    129    .00000
    130    .00000
    131    .00000
    132    .00000
    133    .00000
    134    .00000
    135    .00000
    136    .00000
    137    .00000
    138    .00000
    139    .00000
    140    .00000
    141    .00000
    142    .00000
    143    .00000
    144    .00000
    145    .00000
    146    .00000
    147    .00000
    148    .00000
    149    .00000
    150    .00000
    151    .00000
    152    .00000
    153    .00000
    154    .00000
    155    .00000
    156    .00000
    157    .00000
    158    .00000
    159    .00000
    160    .00000
    161    .00000
    162    .00000
    163    .00000
    164    .00000
    165    .00000
    166    .00000
    167    .00000
    168    .00000
    169    .00000
    170    .00000
    171    .00000
    172    .00000
    173    .00000
    174    .00000
    175    .00000
    176    .00000
    177    .00000
    178    .00000
    179    .00000
    180    .00000
    181    .00000
    182    .00000
    183    .00000
    184    .00000
    185    .00000
    186    .00000
    187    .00000
    188    .00000
    189    .00000
    190    .00000
    191    .00000
    192    .00000
    193    .00000
    194    .00000
    195    .00000
    196    .00000
    197    .00000
    198    .00000
    199    .00000
    200    .00000
    201    .00000
    202    .00000
    203    .00000
    204    .00000
    205    .00000
    206    .00000
    207    .00000
    208    .00000
    209    .00000
    210    .00000
    211    .00000
    212    .00000
    213    .00000
    214    .00000
    215    .00000
    216    .00000
    217    .00000
    218    .00000
    219    .00000
    220    .00000
    221    .00000
    222    .00000
    223    .00000
    224    .00000
    225    .00000
    226    .00000
    227    .00000
    228    .00000
    229    .00000
    230    .00000
    231    .00000
    232    .00000
    233    .00000
    234    .00000
    235    .00000
    236    .00000
    237    .00000
    238    .00000
    239    .00000
    240    .00000
    241    .00000
    242    .00000
    243    .00000
    244    .00000
    245    .00000
    246    .00000
    247    .00000
    248    .00000
    249    .00000
    250    .00000
    251    .00000
    252    .00000
    253    .00000
    254    .00000
    255    .00000
    256    .00000
    257    .00000
    258    .00000
    259    .00000
    260    .00000
    261    .00000
    262    .00000
    263    .00000
    264    .00000
    265    .00000
    266    .00000
    267    .00000
    268    .00000
    269    .00000
    270    .00000
    271    .00000
    272    .00000
    273    .00000
    274    .00000
    275    .00000
    276    .00000
    277    .00000
    278    .00000
    279    .00000
    280    .00000
    281    .00000
    282    .00000
    283    .00000
    284    .00000
    285    .00000
    286    .00000
    287    .00000
    288    .00000
    289    .00000
    290    .00000
    291    .00000
    292    .00000
    293    .00000
    294    .00000
    295    .00000
    296    .00000
    297    .00000
    298    .00000
    299    .00000
    300    .00000
    301    .00000
    302    .00000
    303    .00000
    304    .00000
    305    .00000
    306    .00000
    307    .00000
    308    .00000
    309    .00000
    310    .00000
    311    .00000
    312    .00000
    313    .00000
    314    .00000
    315    .00000
    316    .00000
    317    .00000
    318    .00000
    319    .00000
    320    .00000
    321    .00000
    322    .00000
    323    .00000
    324    .00000
    325    .00000
    326    .00000
    327    .00000
    328    .00000
    329    .00000
    330    .00000
    331    .00000
    332    .00000
    333    .00000
    334    .00000
    335    .00000
    336    .00000
    337    .00000
    338    .00000
    339    .00000
    340    .00000
    341    .00000
    342    .00000
    343    .00000
    344    .00000
    345    .00000
    346    .00000
    347    .00000
    348    .00000
    349    .00000
    350    .00000
    351    .00000
    352    .00000
    353    .00000
    354    .00000
    355    .00000
    356    .00000
    357    .00000
    358    .00000
    359    .00000
    360    .00000
    361    .00000
    362    .00000
    363    .00000
    364    .00000
    365    .00000
    366    .00000
    367    .00000
    368    .00000
    369    .00000
    370    .00000
    371    .00000
    372    .00000
    373    .00000
    374    .00000
    375    .00000
    376    .00000
    377    .00000
    378    .00000
    379    .00000
    380    .00000
    381    .00000
    382    .00000
    383    .00000
    384    .00000
    385    .00000
    386    .00000
    387    .00000
    388    .00000
    389    .00000
    390    .00000
    391    .00000
    392    .00000
    393    .00000
    394    .00000
    395    .00000
    396    .00000
    397    .00000
    398    .00000
    399    .00000
    400    .00000
    401    .00000
    402    .00000
    403    .00000
    404    .00000
    405    .00000
    406    .00000
    407    .00000
    408    .00000
    409    .00000
    410    .00000
    411    .00000
    412    .00000
    413    .00000
    414    .00000
    415    .00000
    416    .00000
    417    .00000
    418    .00000
    419    .00000
    420    .00000
    421    .00000
    422    .00000
    423    .00000
    424    .00000
    425    .00000
    426    .00000
    427    .00000
    428    .00000
    429    .00000
    430    .00000
    431    .00000
    432    .00000
    433    .00000
    434    .00000
    435    .00000
    436    .00000
    437    .00000
    438    .00000
    439    .00000
    440    .00000
    441    .00000
    442    .00000
    443    .00000
    444    .00000
    445    .00000
    446    .00000
    447    .00000
    448    .00000
   
 VALORES DE WRA  ************************************
 WRA ORIGINAL POSSUIA         448 NUM., REDUZIDO PARA         207 NUM.
      1    .04796
      2   4.56605
      3    .46798
      4   1.46179
      5    .82710
      6   1.09957
      7    .95365
      8   1.02401
      9    .98821
     10   1.00595
     11    .99704
     12   1.00148
     13    .99926
     14   1.00037
     15    .99981
     16   1.00009
     17    .99995
     18   1.00002
     19    .99999
     20   1.00001
     21   1.00000
     22   1.00000
     23   1.00000
     24   1.00000
     25   1.00000
     26   1.00000
     27   1.00000
     28   1.00000
     29   1.00000
     30   1.00000
     31   1.00000
     32   1.00000
     33   1.00000
     34   1.00000
     35   1.00000
     36   1.00000
     37   1.00000
     38   1.00000
     39   1.00000
     40   1.00000
     41   1.00000
     42   1.00000
     43   1.00000
     44   1.00000
     45   1.00000
     46   1.00000
     47   1.00000
     48   1.00000
     49   1.00000
     50   1.00000
     51   1.00000
     52   1.00000
     53   1.00000
     54   1.00000
     55   1.00000
     56   1.00000
     57   1.00000
     58   1.00000
     59   1.00000
     60   1.00000
     61   1.00000
     62   1.00000
     63   1.00000
     64   1.00000
     65   1.00000
     66   1.00000
     67   1.00000
     68   1.00000
     69   1.00000
     70   1.00000
     71   1.00000
     72   1.00000
     73   1.00000
     74   1.00000
     75   1.00000
     76   1.00000
     77   1.00000
     78   1.00000
     79   1.00000
     80   1.00000
     81   1.00000
     82   1.00000
     83   1.00000
     84   1.00000
     85   1.00000
     86   1.00000
     87   1.00000
     88   1.00000
     89   1.00000
     90   1.00000
     91   1.00000
     92   1.00000
     93   1.00000
     94   1.00000
     95   1.00000
     96   1.00000
     97   1.00000
     98   1.00000
     99   1.00000
    100   1.00000
    101   1.00000
    102   1.00000
    103   1.00000
    104   1.00000
    105   1.00000
    106   1.00000
    107   1.00000
    108   1.00000
    109   1.00000
    110   1.00000
    111   1.00000
    112   1.00000
    113   1.00000
    114   1.00000
    115   1.00000
    116   1.00000
    117   1.00000
    118   1.00000
    119   1.00000
    120   1.00000
    121   1.00000
    122   1.00000
    123   1.00000
    124   1.00000
    125   1.00000
    126   1.00000
    127   1.00000
    128   1.00000
    129   1.00000
    130   1.00000
    131   1.00000
    132   1.00000
    133   1.00000
    134   1.00000
    135   1.00000
    136   1.00000
    137   1.00000
    138   1.00000
    139   1.00000
    140   1.00000
    141   1.00000
    142   1.00000
    143   1.00000
    144   1.00000
    145   1.00000
    146   1.00000
    147   1.00000
    148   1.00000
    149   1.00000
    150   1.00000
    151   1.00000
    152   1.00000
    153   1.00000
    154   1.00000
    155   1.00000
    156   1.00000
    157   1.00000
    158   1.00000
    159   1.00000
    160   1.00000
    161   1.00000
    162   1.00000
    163   1.00000
    164   1.00000
    165   1.00000
    166   1.00000
    167   1.00000
    168   1.00000
    169   1.00000
    170   1.00000
    171   1.00000
    172   1.00000
    173   1.00000
    174   1.00000
    175   1.00000
    176   1.00000
    177   1.00000
    178   1.00000
    179   1.00000
    180   1.00000
    181   1.00000
    182   1.00000
    183   1.00000
    184   1.00000
    185   1.00000
    186   1.00000
    187   1.00000
    188   1.00000
    189   1.00000
    190   1.00000
    191   1.00000
    192   1.00000
    193   1.00000
    194   1.00000
    195   1.00000
    196   1.00000
    197   1.00000
    198   1.00000
    199   1.00000
    200   1.00000
    201   1.00000
    202   1.00000
    203   1.00000
    204   1.00000
    205   1.00000
    206   1.00000
    207   1.00000



           - AUTOVALORES - 
          REAL     IMAGINARIO
           1     -165.321390651595100     -510.381194536373700
           2     -165.321390651595100      510.381194536373700
           3      434.672606499486400     -315.432931371677000
           4      434.672606499486400      315.432931371677000
           5     -536.138084713795900   0.000000000000000E+000
           6        4.984051850252468  -1.961107180735824E-001
           7        4.984051850252468   1.961107180735824E-001
           8        4.899808388862656       -1.049381867530473
           9        4.899808388862656        1.049381867530473
          10        4.885804447427619  -6.186940101174228E-001
          11        4.885804447427619   6.186940101174228E-001
          12        4.609121230983011       -1.871048115422285
          13        4.609121230983011        1.871048115422285
          14        4.640011633156247       -1.372565790452702
          15        4.640011633156247        1.372565790452702
          16        4.148479773712085       -2.589790241478219
          17        4.148479773712085        2.589790241478219
          18        4.244838391631662       -2.038731343884150
          19        4.244838391631662        2.038731343884150
          20        3.602874192557360       -3.153792332407425
          21        3.602874192557360        3.153792332407425
          22        3.092262092824374       -3.638653963482048
          23        3.092262092824374        3.638653963482048
          24        2.460771606133812       -4.095013204706808
          25        2.460771606133812        4.095013204706808
          26        3.739558531099920       -2.446387859687918
          27        3.739558531099920        2.446387859687918
          28        3.480089440656413       -2.871886238640590
          29        3.480089440656413        2.871886238640590
          30        1.720770466047313       -4.403011632842455
          31        1.720770466047313        4.403011632842455
          32        2.946492483015677       -3.271027867076351
          33        2.946492483015677        3.271027867076351
          34        2.530864233049468       -3.674126815092241
          35        2.530864233049468        3.674126815092241
          36        1.884321164436437       -4.067263180086443
          37        1.884321164436437        4.067263180086443
          38   9.453246969076627E-001       -4.520163268057754
          39   9.453246969076627E-001        4.520163268057754
          40        1.142335483710361       -4.290590412857263
          41        1.142335483710361        4.290590412857263
          42   1.983878407587139E-001       -4.427391249522075
          43   1.983878407587139E-001        4.427391249522075
          44   3.659316496116110E-001       -4.369976122148530
          45   3.659316496116110E-001        4.369976122148530
          46        3.124903415564045       -1.505332820485753
          47        3.124903415564045        1.505332820485753
          48        3.286263344248535  -8.324875461104292E-001
          49        3.286263344248535   8.324875461104292E-001
          50        2.779298919957345       -2.161101165045078
          51        2.779298919957345        2.161101165045078
          52        3.249277336725622  -2.106634469902657E-001
          53        3.249277336725622   2.106634469902657E-001
          54        2.250255510418405       -2.675584429466839
          55        2.250255510418405        2.675584429466839
          56  -9.356479402325091E-001       -4.209417228272498
          57  -9.356479402325091E-001        4.209417228272498
          58        1.668804949055651       -3.044841621711018
          59        1.668804949055651        3.044841621711018
          60  -5.561581467035814E-001       -4.065546651867961
          61  -5.561581467035814E-001        4.065546651867961
          62       -1.637213460198836       -3.963694304047993
          63       -1.637213460198836        3.963694304047993
          64        1.020408451609109       -3.296048284861667
          65        1.020408451609109        3.296048284861667
          66       -2.301108268212069       -3.526049515595380
          67       -2.301108268212069        3.526049515595380
          68       -4.168200056059444  -4.345612819052983E-001
          69       -4.168200056059444   4.345612819052983E-001
          70       -3.959432593133405       -1.267904488929867
          71       -3.959432593133405        1.267904488929867
          72       -3.550927716364797       -1.998013006831776
          73       -3.550927716364797        1.998013006831776
          74       -2.822574835161165       -2.915350755217773
          75       -2.822574835161165        2.915350755217773
          76   3.150326648056232E-001       -3.390817009467230
          77   3.150326648056232E-001        3.390817009467230
          78       -3.872538348019200  -3.733373903210098E-001
          79       -3.872538348019200   3.733373903210098E-001
          80       -3.698421298392058       -1.097375831163738
          81       -3.698421298392058        1.097375831163738
          82       -3.024713832758559       -2.434418832131724
          83       -3.024713832758559        2.434418832131724
          84       -3.364677936816366       -1.756510195145207
          85       -3.364677936816366        1.756510195145207
          86       -1.068662192421903       -3.575675816518057
          87       -1.068662192421903        3.575675816518057
          88       -2.919809786972041       -2.291398404685012
          89       -2.919809786972041        2.291398404685012
          90  -4.059193834809656E-001       -3.332508663649949
          91  -4.059193834809656E-001        3.332508663649949
          92       -2.321699341307468       -2.788907686358736
          93       -2.321699341307468        2.788907686358736
          94       -1.460174381825531       -3.160647707255236
          95       -1.460174381825531        3.160647707255236
          96       -1.084605457309070       -3.157167687298002
          97       -1.084605457309070        3.157167687298002
          98       -1.795725857297105       -2.868994578491724
          99       -1.795725857297105        2.868994578491724
         100       -1.556937963056329       -2.992937877993263
         101       -1.556937963056329        2.992937877993263
         102       -2.221615438904162       -2.433107289410884
         103       -2.221615438904162        2.433107289410884
         104       -2.517271299369981       -1.868071532919728
         105       -2.517271299369981        1.868071532919728
         106  -9.498012460502048E-001       -2.665731839969211
         107  -9.498012460502048E-001        2.665731839969211
         108  -1.074660900051807E-001       -2.549177887427866
         109  -1.074660900051807E-001        2.549177887427866
         110       -2.634567826918696       -1.252985081540057
         111       -2.634567826918696        1.252985081540057
         112       -2.541079765743310  -6.202047328813286E-001
         113       -2.541079765743310   6.202047328813286E-001
         114  -8.205116673737534E-001       -1.942960972774445
         115  -8.205116673737534E-001        1.942960972774445
         116       -2.333545005321983   0.000000000000000E+000
         117        1.352573494319631  -7.196071466559717E-001
         118        1.352573494319631   7.196071466559717E-001
         119        1.499022022171978  -1.500649712667454E-001
         120        1.499022022171978   1.500649712667454E-001
         121        1.450293953039182  -4.442162864932749E-001
         122        1.450293953039182   4.442162864932749E-001
         123        1.204343567538881  -9.675992423486175E-001
         124        1.204343567538881   9.675992423486175E-001
         125        1.007929108661830       -1.181508794288935
         126        1.007929108661830        1.181508794288935
         127       -2.044782132549453   0.000000000000000E+000
         128   7.694814034894885E-001       -1.353487926475041
         129   7.694814034894885E-001        1.353487926475041
         130       -1.921634846942744  -4.948335503406948E-001
         131       -1.921634846942744   4.948335503406948E-001
         132   4.974407920224192E-001       -1.475251892280272
         133   4.974407920224192E-001        1.475251892280272
         134        1.308587753428338  -1.157046221905267E-001
         135        1.308587753428338   1.157046221905267E-001
         136        1.255849093859436  -3.386030836024529E-001
         137        1.255849093859436   3.386030836024529E-001
         138   2.009451557375065E-001       -1.538023850585047
         139   2.009451557375065E-001        1.538023850585047
         140        1.143829750786180  -5.449223337574954E-001
         141        1.143829750786180   5.449223337574954E-001
         142  -7.036744468306087E-001       -1.553735582295196
         143  -7.036744468306087E-001        1.553735582295196
         144       -1.741236409581988  -4.830362768067869E-001
         145       -1.741236409581988   4.830362768067869E-001
         146  -1.106335521914139E-001       -1.531189162039666
         147  -1.106335521914139E-001        1.531189162039666
         148  -4.325260654749865E-001       -1.457554239239053
         149  -4.325260654749865E-001        1.457554239239053
         150       -1.642558198581810  -3.368956659503568E-001
         151       -1.642558198581810   3.368956659503568E-001
         152       -1.650773998521474   0.000000000000000E+000
         153       -1.612222003926906  -1.430020180799942E-001
         154       -1.612222003926906   1.430020180799942E-001
         155  -6.609920854059517E-001       -1.343234854284827
         156  -6.609920854059517E-001        1.343234854284827
         157   9.676767605244004E-001  -7.576533400677337E-001
         158   9.676767605244004E-001   7.576533400677337E-001
         159   8.064460406783125E-001  -9.528749160820790E-001
         160   8.064460406783125E-001   9.528749160820790E-001
         161   6.186699413147165E-001       -1.095618740639227
         162   6.186699413147165E-001        1.095618740639227
         163   4.074671201183788E-001       -1.195173805210118
         164   4.074671201183788E-001        1.195173805210118
         165   1.797708538633648E-001       -1.250203673338901
         166   1.797708538633648E-001        1.250203673338901
         167  -6.842763175585469E-001       -1.214714736741911
         168  -6.842763175585469E-001        1.214714736741911
         169  -5.528212081149314E-002       -1.259363710902554
         170  -5.528212081149314E-002        1.259363710902554
         171   9.633796818298652E-001  -5.293354072449509E-001
         172   9.633796818298652E-001   5.293354072449509E-001
         173   8.189693817247313E-001  -7.451217228958781E-001
         174   8.189693817247313E-001   7.451217228958781E-001
         175        1.057303817906718   0.000000000000000E+000
         176        1.042706816578066  -1.597887330973320E-001
         177        1.042706816578066   1.597887330973320E-001
         178   9.881961575573670E-001  -3.607250839268094E-001
         179   9.881961575573670E-001   3.607250839268094E-001
         180   9.915437659154613E-001  -3.195381321422479E-001
         181   9.915437659154613E-001   3.195381321422479E-001
         182   6.885929331595794E-001  -8.424205220376946E-001
         183   6.885929331595794E-001   8.424205220376946E-001
         184   9.905573522974049E-001  -1.875083549753252E-001
         185   9.905573522974049E-001   1.875083549753252E-001
         186   9.090684275695220E-001  -4.677156840429672E-001
         187   9.090684275695220E-001   4.677156840429672E-001
         188   9.946806890520957E-001   0.000000000000000E+000
         189   5.556990233789797E-001  -9.274048856925704E-001
         190   5.556990233789797E-001   9.274048856925704E-001
         191   8.099356039579608E-001  -6.061370132181894E-001
         192   8.099356039579608E-001   6.061370132181894E-001
         193   8.798447696822092E-001  -3.768888029155650E-001
         194   8.798447696822092E-001   3.768888029155650E-001
         195   8.083172875675759E-001  -5.293915592712688E-001
         196   8.083172875675759E-001   5.293915592712688E-001
         197   9.384262889591017E-001   0.000000000000000E+000
         198   9.083675730910304E-001  -1.633649588411753E-001
         199   9.083675730910304E-001   1.633649588411753E-001
         200   9.094638081062960E-001  -9.333760307207714E-002
         201   9.094638081062960E-001   9.333760307207714E-002
         202   6.921474711031506E-001  -7.286838375586224E-001
         203   6.921474711031506E-001   7.286838375586224E-001
         204   7.118001556916657E-001  -6.668803637605300E-001
         205   7.118001556916657E-001   6.668803637605300E-001
         206   4.168624411887764E-001       -1.002630890996691
         207   4.168624411887764E-001        1.002630890996691
         208   8.375083212116741E-001  -3.155783789936247E-001
         209   8.375083212116741E-001   3.155783789936247E-001
         210   5.569147431480015E-001  -8.335972926220595E-001
         211   5.569147431480015E-001   8.335972926220595E-001
         212   5.926573721930604E-001  -7.837540727457565E-001
         213   5.926573721930604E-001   7.837540727457565E-001
         214   2.667181344544657E-001       -1.066293900999236
         215   2.667181344544657E-001        1.066293900999236
         216   7.518170073643863E-001  -4.571336348589937E-001
         217   7.518170073643863E-001   4.571336348589937E-001
         218   8.386472319362837E-001   0.000000000000000E+000
         219   4.536133720367637E-001  -8.730181071741938E-001
         220   4.536133720367637E-001   8.730181071741938E-001
         221   4.060411559503712E-001  -9.172524064979667E-001
         222   4.060411559503712E-001   9.172524064979667E-001
         223   1.051058292965279E-001       -1.111819482962456
         224   1.051058292965279E-001        1.111819482962456
         225   6.397367441447761E-001  -5.837619267761062E-001
         226   6.397367441447761E-001   5.837619267761062E-001
         227  -3.077127335608313E-001       -1.166151458908358
         228  -3.077127335608313E-001        1.166151458908358
         229  -6.592393228763027E-002       -1.136788082285057
         230  -6.592393228763027E-002        1.136788082285057
         231   3.050688891048968E-001  -9.306055159374183E-001
         232   3.050688891048968E-001   9.306055159374183E-001
         233   2.455956991742005E-001  -9.748032580219237E-001
         234   2.455956991742005E-001   9.748032580219237E-001
         235  -7.041349650272144E-001       -1.096458062034770
         236  -7.041349650272144E-001        1.096458062034770
         237  -4.876449122526697E-001       -1.128972263659530
         238  -4.876449122526697E-001        1.128972263659530
         239   5.000543494716774E-001  -6.855428344548198E-001
         240   5.000543494716774E-001   6.855428344548198E-001
         241   1.570702444309985E-001  -9.616126461210917E-001
         242   1.570702444309985E-001   9.616126461210917E-001
         243   8.254695243381333E-002       -1.006676744517622
         244   8.254695243381333E-002        1.006676744517622
         245       -1.391260815473416   0.000000000000000E+000
         246  -4.783915437611354E-001       -1.067913715190944
         247  -4.783915437611354E-001        1.067913715190944
         248   9.505170671391783E-003  -9.741580972524611E-001
         249   9.505170671391783E-003   9.741580972524611E-001
         250  -7.935857005367186E-002       -1.013257982917077
         251  -7.935857005367186E-002        1.013257982917077
         252  -6.929571451188995E-001       -1.013454950394018
         253  -6.929571451188995E-001        1.013454950394018
         254  -7.156121671602168E-001  -9.976446275348471E-001
         255  -7.156121671602168E-001   9.976446275348471E-001
         256       -1.099849466344054  -6.354086440313707E-001
         257       -1.099849466344054   6.354086440313707E-001
         258       -1.295798190117455  -1.570150228564670E-001
         259       -1.295798190117455   1.570150228564670E-001
         260       -1.162693298474998  -5.284177935745712E-001
         261       -1.162693298474998   5.284177935745712E-001
         262       -1.267186655344139  -2.411000565302408E-001
         263       -1.267186655344139   2.411000565302408E-001
         264       -1.210982414582325  -4.328569385564901E-001
         265       -1.210982414582325   4.328569385564901E-001
         266       -1.238405168108166  -3.346354175873925E-001
         267       -1.238405168108166   3.346354175873925E-001
         268  -5.949088781744820E-001  -9.807298214263337E-001
         269  -5.949088781744820E-001   9.807298214263337E-001
         270  -9.115122706532326E-001  -8.263134250596810E-001
         271  -9.115122706532326E-001   8.263134250596810E-001
         272  -8.364141419519269E-001  -8.846517255092226E-001
         273  -8.364141419519269E-001   8.846517255092226E-001
         274  -9.964899619022923E-001  -7.350516181436453E-001
         275  -9.964899619022923E-001   7.350516181436453E-001
         276  -9.933473603347675E-001  -7.202643312714393E-001
         277  -9.933473603347675E-001   7.202643312714393E-001
         278  -7.882797995115374E-001  -8.995975573243406E-001
         279  -7.882797995115374E-001   8.995975573243406E-001
         280  -7.214392544915269E-001  -9.064618674426526E-001
         281  -7.214392544915269E-001   9.064618674426526E-001
         282  -2.384202221884462E-001  -9.937078794290947E-001
         283  -2.384202221884462E-001   9.937078794290947E-001
         284  -1.420740103044606E-001  -9.671482288260823E-001
         285  -1.420740103044606E-001   9.671482288260823E-001
         286       -1.075996746955726  -5.450817296530696E-001
         287       -1.075996746955726   5.450817296530696E-001
         288       -1.217902212438850  -9.056766918118245E-002
         289       -1.217902212438850   9.056766918118245E-002
         290  -3.950778973334192E-001  -9.494170687953929E-001
         291  -3.950778973334192E-001   9.494170687953929E-001
         292  -2.938123980896667E-001  -9.364413559756333E-001
         293  -2.938123980896667E-001   9.364413559756333E-001
         294       -1.168679025740244  -2.851819712071214E-001
         295       -1.168679025740244   2.851819712071214E-001
         296  -6.853094582461788E-001  -8.424840996404472E-001
         297  -6.853094582461788E-001   8.424840996404472E-001
         298  -5.498729874630302E-001  -8.840346212644713E-001
         299  -5.498729874630302E-001   8.840346212644713E-001
         300       -1.093617716492072  -3.801199285442924E-001
         301       -1.093617716492072   3.801199285442924E-001
         302  -4.388127062557359E-001  -8.819154835213662E-001
         303  -4.388127062557359E-001   8.819154835213662E-001
         304   1.441110696093149E-001  -7.871283344812777E-001
         305   1.441110696093149E-001   7.871283344812777E-001
         306  -7.522629626237363E-001  -7.640441937016220E-001
         307  -7.522629626237363E-001   7.640441937016220E-001
         308  -6.844560909541764E-001  -7.846434301840158E-001
         309  -6.844560909541764E-001   7.846434301840158E-001
         310  -5.737593323245861E-001  -8.042322931281497E-001
         311  -5.737593323245861E-001   8.042322931281497E-001
         312  -3.729871675168675E-002  -7.934948812841924E-001
         313  -3.729871675168675E-002   7.934948812841924E-001
         314   1.981134876780122E-001  -6.548082458961428E-001
         315   1.981134876780122E-001   6.548082458961428E-001
         316   2.563750611266826E-001  -5.960204809909599E-001
         317   2.563750611266826E-001   5.960204809909599E-001
         318   1.393656984910399E-001  -6.850994281916611E-001
         319   1.393656984910399E-001   6.850994281916611E-001
         320   3.180526224917288E-001  -5.251559363390888E-001
         321   3.180526224917288E-001   5.251559363390888E-001
         322   5.294027345422731E-002  -7.137449914661519E-001
         323   5.294027345422731E-002   7.137449914661519E-001
         324   3.698805477996969E-001  -4.465635165942247E-001
         325   3.698805477996969E-001   4.465635165942247E-001
         326  -4.925858803506311E-002  -7.427562159374018E-001
         327  -4.925858803506311E-002   7.427562159374018E-001
         328   4.091289757802907E-001  -3.639667620771131E-001
         329   4.091289757802907E-001   3.639667620771131E-001
         330  -1.547230609803151E-001  -7.550284183479843E-001
         331  -1.547230609803151E-001   7.550284183479843E-001
         332  -2.079451394084451E-001  -7.634500326561986E-001
         333  -2.079451394084451E-001   7.634500326561986E-001
         334   4.356784954829372E-001  -2.824142693833170E-001
         335   4.356784954829372E-001   2.824142693833170E-001
         336  -2.737183825058493E-001  -7.405533583371076E-001
         337  -2.737183825058493E-001   7.405533583371076E-001
         338   4.502666496406934E-001  -2.055395491983653E-001
         339   4.502666496406934E-001   2.055395491983653E-001
         340   4.546009258079107E-001  -1.344284142990059E-001
         341   4.546009258079107E-001   1.344284142990059E-001
         342   4.506799050789989E-001  -6.875202190966442E-002
         343   4.506799050789989E-001   6.875202190966442E-002
         344   4.356726315176330E-001  -4.170149115477874E-003
         345   4.356726315176330E-001   4.170149115477874E-003
         346   4.119768451789519E-001  -4.636831139037897E-002
         347   4.119768451789519E-001   4.636831139037897E-002
         348   3.900454113824995E-001  -9.996217791420610E-002
         349   3.900454113824995E-001   9.996217791420610E-002
         350   3.654919171325468E-001  -1.485275762529514E-001
         351   3.654919171325468E-001   1.485275762529514E-001
         352   3.382720934633763E-001  -1.923332455797703E-001
         353   3.382720934633763E-001   1.923332455797703E-001
         354   3.090911691413737E-001  -2.322678013802572E-001
         355   3.090911691413737E-001   2.322678013802572E-001
         356   2.785359636487768E-001  -2.697762634628458E-001
         357   2.785359636487768E-001   2.697762634628458E-001
         358   2.472599810898536E-001  -3.064380933654979E-001
         359   2.472599810898536E-001   3.064380933654979E-001
         360   2.195219190155608E-001  -3.385275807572369E-001
         361   2.195219190155608E-001   3.385275807572369E-001
         362   2.684779515050735E-001   0.000000000000000E+000
         363  -7.293219903817199E-001  -7.143819862072075E-001
         364  -7.293219903817199E-001   7.143819862072075E-001
         365  -3.603469084041491E-001  -7.133034869290701E-001
         366  -3.603469084041491E-001   7.133034869290701E-001
         367  -7.953075794055096E-001  -6.439305760089000E-001
         368  -7.953075794055096E-001   6.439305760089000E-001
         369  -6.960825752964310E-001  -6.893577163330066E-001
         370  -6.960825752964310E-001   6.893577163330066E-001
         371  -3.911286747862215E-001  -6.951570122920074E-001
         372  -3.911286747862215E-001   6.951570122920074E-001
         373   1.357151534708329E-001  -3.736612084413518E-001
         374   1.357151534708329E-001   3.736612084413518E-001
         375  -8.336693424838497E-001  -5.761562096249746E-001
         376  -8.336693424838497E-001   5.761562096249746E-001
         377  -4.863793616611637E-001  -6.614557986649944E-001
         378  -4.863793616611637E-001   6.614557986649944E-001
         379  -8.700908857693448E-001  -4.911295142633873E-001
         380  -8.700908857693448E-001   4.911295142633873E-001
         381  -7.283042075437050E-001  -5.942481657620409E-001
         382  -7.283042075437050E-001   5.942481657620409E-001
         383  -9.040168272861772E-001  -4.271360420017190E-001
         384  -9.040168272861772E-001   4.271360420017190E-001
         385  -5.794352026816356E-001  -6.041963075941508E-001
         386  -5.794352026816356E-001   6.041963075941508E-001
         387  -7.490993221894320E-001  -5.122906432896796E-001
         388  -7.490993221894320E-001   5.122906432896796E-001
         389  -6.869923042870587E-001  -5.474250414814875E-001
         390  -6.869923042870587E-001   5.474250414814875E-001
         391  -5.050138958926651E-001  -5.860979905960163E-001
         392  -5.050138958926651E-001   5.860979905960163E-001
         393  -7.680510824174847E-001  -4.553339235601032E-001
         394  -7.680510824174847E-001   4.553339235601032E-001
         395  -9.534071225447067E-001  -2.782039255783241E-001
         396  -9.534071225447067E-001   2.782039255783241E-001
         397  -9.168550380591019E-001  -3.065914641138764E-001
         398  -9.168550380591019E-001   3.065914641138764E-001
         399  -8.057369159606470E-001  -3.585368173052032E-001
         400  -8.057369159606470E-001   3.585368173052032E-001
         401  -8.713226893625907E-001  -2.834087490437137E-001
         402  -8.713226893625907E-001   2.834087490437137E-001
         403  -9.678172801519830E-001  -1.185975037024088E-001
         404  -9.678172801519830E-001   1.185975037024088E-001
         405  -9.257985319355577E-001  -1.606199576509854E-001
         406  -9.257985319355577E-001   1.606199576509854E-001
         407  -9.540124936194520E-001  -2.664268102066623E-002
         408  -9.540124936194520E-001   2.664268102066623E-002
         409  -8.987829110512295E-001  -1.398964736167609E-001
         410  -8.987829110512295E-001   1.398964736167609E-001
         411  -9.030339220430953E-001   0.000000000000000E+000
         412  -8.860547147705704E-001  -9.102536313338488E-002
         413  -8.860547147705704E-001   9.102536313338488E-002
         414   8.543550990660302E-002  -3.897671667560047E-001
         415   8.543550990660302E-002   3.897671667560047E-001
         416   3.285096390181080E-002  -4.016133823824306E-001
         417   3.285096390181080E-002   4.016133823824306E-001
         418  -5.860496121371692E-001  -4.704849777719190E-001
         419  -5.860496121371692E-001   4.704849777719190E-001
         420  -2.183845320508444E-002  -4.083151941780512E-001
         421  -2.183845320508444E-002   4.083151941780512E-001
         422  -6.702403194009492E-001  -3.357389503699660E-001
         423  -6.702403194009492E-001   3.357389503699660E-001
         424  -7.665606471164442E-001  -1.205229582938419E-001
         425  -7.665606471164442E-001   1.205229582938419E-001
         426  -7.205578299305268E-001  -1.654764645180121E-001
         427  -7.205578299305268E-001   1.654764645180121E-001
         428  -7.834697140835073E-002  -4.093117387694432E-001
         429  -7.834697140835073E-002   4.093117387694432E-001
         430  -6.814958987222418E-001   0.000000000000000E+000
         431  -6.197283741334904E-001  -8.748550053676589E-002
         432  -6.197283741334904E-001   8.748550053676589E-002
         433  -5.506902129128679E-001  -1.978571025294812E-001
         434  -5.506902129128679E-001   1.978571025294812E-001
         435  -5.969399192291228E-001   0.000000000000000E+000
         436  -4.732359684630153E-001  -2.751433411637309E-001
         437  -4.732359684630153E-001   2.751433411637309E-001
         438  -5.271359586944995E-002   0.000000000000000E+000
         439  -1.360939172955599E-001  -4.041748869674121E-001
         440  -1.360939172955599E-001   4.041748869674121E-001
         441  -3.940758461206892E-001  -3.264647219098182E-001
         442  -3.940758461206892E-001   3.264647219098182E-001
         443  -1.942483752595687E-001  -3.934117038588096E-001
         444  -1.942483752595687E-001   3.934117038588096E-001
         445  -2.541592459740649E-001  -3.788001128102804E-001
         446  -2.541592459740649E-001   3.788001128102804E-001
         447  -3.202417740086899E-001  -3.585834015763005E-001
         448  -3.202417740086899E-001   3.585834015763005E-001



           - AUTOVALORES DIFERENTES E REAIS e positivos - 
          REAL
           1   2.684779515050735E-001
           2   8.386472319362837E-001
           3   9.384262889591017E-001
           4   9.946806890520957E-001
           5        1.057303817906718
