 ************************************************************************************************************************
                         Exem


data

  number of boundary elements= 80

  number of functional nodes= 84

  number of internal source points where the funct. is calculated= 80




  coordinates of the source points of the boundary el ements

    point          x                  y
        1       .0000000E+00       .0000000E+00
        2       .5000000E-01       .0000000E+00
        3       .1000000E+00       .0000000E+00
        4       .1500000E+00       .0000000E+00
        5       .2000000E+00       .0000000E+00
        6       .2500000E+00       .0000000E+00
        7       .3000000E+00       .0000000E+00
        8       .3500000E+00       .0000000E+00
        9       .4000000E+00       .0000000E+00
       10       .4500000E+00       .0000000E+00
       11       .5000000E+00       .0000000E+00
       12       .5500000E+00       .0000000E+00
       13       .6000000E+00       .0000000E+00
       14       .6500000E+00       .0000000E+00
       15       .7000000E+00       .0000000E+00
       16       .7500000E+00       .0000000E+00
       17       .8000000E+00       .0000000E+00
       18       .8500000E+00       .0000000E+00
       19       .9000000E+00       .0000000E+00
       20       .9500000E+00       .0000000E+00
       21       .1000000E+01       .0000000E+00
       22       .1000000E+01       .0000000E+00
       23       .1000000E+01       .5000000E-01
       24       .1000000E+01       .1000000E+00
       25       .1000000E+01       .1500000E+00
       26       .1000000E+01       .2000000E+00
       27       .1000000E+01       .2500000E+00
       28       .1000000E+01       .3000000E+00
       29       .1000000E+01       .3500000E+00
       30       .1000000E+01       .4000000E+00
       31       .1000000E+01       .4500000E+00
       32       .1000000E+01       .5000000E+00
       33       .1000000E+01       .5500000E+00
       34       .1000000E+01       .6000000E+00
       35       .1000000E+01       .6500000E+00
       36       .1000000E+01       .7000000E+00
       37       .1000000E+01       .7500000E+00
       38       .1000000E+01       .8000000E+00
       39       .1000000E+01       .8500000E+00
       40       .1000000E+01       .9000000E+00
       41       .1000000E+01       .9500000E+00
       42       .1000000E+01       .1000000E+01
       43       .1000000E+01       .1000000E+01
       44       .9500000E+00       .1000000E+01
       45       .9000000E+00       .1000000E+01
       46       .8500000E+00       .1000000E+01
       47       .8000000E+00       .1000000E+01
       48       .7500000E+00       .1000000E+01
       49       .7000000E+00       .1000000E+01
       50       .6500000E+00       .1000000E+01
       51       .6000000E+00       .1000000E+01
       52       .5500000E+00       .1000000E+01
       53       .5000000E+00       .1000000E+01
       54       .4500000E+00       .1000000E+01
       55       .4000000E+00       .1000000E+01
       56       .3500000E+00       .1000000E+01
       57       .3000000E+00       .1000000E+01
       58       .2500000E+00       .1000000E+01
       59       .2000000E+00       .1000000E+01
       60       .1500000E+00       .1000000E+01
       61       .1000000E+00       .1000000E+01
       62       .5000000E-01       .1000000E+01
       63       .0000000E+00       .1000000E+01
       64       .0000000E+00       .1000000E+01
       65       .0000000E+00       .9500000E+00
       66       .0000000E+00       .9000000E+00
       67       .0000000E+00       .8500000E+00
       68       .0000000E+00       .8000000E+00
       69       .0000000E+00       .7500000E+00
       70       .0000000E+00       .7000000E+00
       71       .0000000E+00       .6500000E+00
       72       .0000000E+00       .6000000E+00
       73       .0000000E+00       .5500000E+00
       74       .0000000E+00       .5000000E+00
       75       .0000000E+00       .4500000E+00
       76       .0000000E+00       .4000000E+00
       77       .0000000E+00       .3500000E+00
       78       .0000000E+00       .3000000E+00
       79       .0000000E+00       .2500000E+00
       80       .0000000E+00       .2000000E+00
       81       .0000000E+00       .1500000E+00
       82       .0000000E+00       .1000000E+00
       83       .0000000E+00       .5000000E-01
       84       .0000000E+00       .0000000E+00
       85       .1500000E+00       .1500000E+00
       86       .2500000E+00       .1500000E+00
       87       .3500000E+00       .1500000E+00
       88       .5000000E+00       .1500000E+00
       89       .6500000E+00       .1500000E+00
       90       .7500000E+00       .1500000E+00
       91       .8500000E+00       .1500000E+00
       92       .1500000E+00       .2500000E+00
       93       .2500000E+00       .2500000E+00
       94       .3500000E+00       .2500000E+00
       95       .5000000E+00       .2500000E+00
       96       .6500000E+00       .2500000E+00
       97       .7500000E+00       .2500000E+00
       98       .8500000E+00       .2500000E+00
       99       .1500000E+00       .3500000E+00
      100       .2500000E+00       .3500000E+00
      101       .3500000E+00       .3500000E+00
      102       .5000000E+00       .3500000E+00
      103       .6500000E+00       .3500000E+00
      104       .7500000E+00       .3500000E+00
      105       .8500000E+00       .3500000E+00
      106       .1500000E+00       .5000000E+00
      107       .2500000E+00       .5000000E+00
      108       .3500000E+00       .5000000E+00
      109       .6500000E+00       .5000000E+00
      110       .7500000E+00       .5000000E+00
      111       .8500000E+00       .5000000E+00
      112       .1500000E+00       .6500000E+00
      113       .2500000E+00       .6500000E+00
      114       .3500000E+00       .6500000E+00
      115       .5000000E+00       .6500000E+00
      116       .6500000E+00       .6500000E+00
      117       .7500000E+00       .6500000E+00
      118       .8500000E+00       .6500000E+00
      119       .1500000E+00       .7500000E+00
      120       .2500000E+00       .7500000E+00
      121       .3500000E+00       .7500000E+00
      122       .5000000E+00       .7500000E+00
      123       .6500000E+00       .7500000E+00
      124       .7500000E+00       .7500000E+00
      125       .8500000E+00       .7500000E+00
      126       .1500000E+00       .8500000E+00
      127       .2500000E+00       .8500000E+00
      128       .3500000E+00       .8500000E+00
      129       .5000000E+00       .8500000E+00
      130       .6500000E+00       .8500000E+00
      131       .7000000E+00       .8500000E+00
      132       .8500000E+00       .8500000E+00
      133       .9000000E-01       .9000000E-01
      134       .9000000E-01       .3000000E+00
      135       .9000000E-01       .7000000E+00
      136       .9000000E-01       .9100000E+00
      137       .3000000E+00       .9000000E-01
      138       .3000000E+00       .3000000E+00
      139       .3000000E+00       .7000000E+00
      140       .3000000E+00       .9100000E+00
      141       .7000000E+00       .9000000E-01
      142       .7000000E+00       .3000000E+00
      143       .7000000E+00       .7000000E+00
      144       .7000000E+00       .9100000E+00
      145       .9100000E+00       .9000000E-01
      146       .9100000E+00       .3000000E+00
      147       .9100000E+00       .7000000E+00
      148       .9100000E+00       .9100000E+00
      149       .2000000E+00       .2000000E+00
      150       .2000000E+00       .4200000E+00
      151       .2000000E+00       .5800000E+00
      152       .2000000E+00       .8000000E+00
      153       .4200000E+00       .2000000E+00
      154       .4200000E+00       .4200000E+00
      155       .4200000E+00       .5800000E+00
      156       .4200000E+00       .8000000E+00
      157       .5800000E+00       .2000000E+00
      158       .5800000E+00       .4200000E+00
      159       .5800000E+00       .5800000E+00
      160       .5800000E+00       .8000000E+00
      161       .8000000E+00       .2000000E+00
      162       .8000000E+00       .4200000E+00
      163       .8000000E+00       .5800000E+00
      164       .8000000E+00       .8000000E+00


  boundary conditions

     node      code     prescribed value
       1        1         84          .0000000E+00
       2        1          0          .0000000E+00
       3        1          0          .0000000E+00
       4        1          0          .0000000E+00
       5        1          0          .0000000E+00
       6        1          0          .0000000E+00
       7        1          0          .0000000E+00
       8        1          0          .0000000E+00
       9        1          0          .0000000E+00
      10        1          0          .0000000E+00
      11        1          0          .0000000E+00
      12        1          0          .0000000E+00
      13        1          0          .0000000E+00
      14        1          0          .0000000E+00
      15        1          0          .0000000E+00
      16        1          0          .0000000E+00
      17        1          0          .0000000E+00
      18        1          0          .0000000E+00
      19        1          0          .0000000E+00
      20        1          0          .0000000E+00
      21        1         22          .0000000E+00
      22        1         21          .0000000E+00
      23        1          0          .0000000E+00
      24        1          0          .0000000E+00
      25        1          0          .0000000E+00
      26        1          0          .0000000E+00
      27        1          0          .0000000E+00
      28        1          0          .0000000E+00
      29        1          0          .0000000E+00
      30        1          0          .0000000E+00
      31        1          0          .0000000E+00
      32        1          0          .0000000E+00
      33        1          0          .0000000E+00
      34        1          0          .0000000E+00
      35        1          0          .0000000E+00
      36        1          0          .0000000E+00
      37        1          0          .0000000E+00
      38        1          0          .0000000E+00
      39        1          0          .0000000E+00
      40        1          0          .0000000E+00
      41        1          0          .0000000E+00
      42        1         43          .0000000E+00
      43        1         42          .0000000E+00
      44        1          0          .0000000E+00
      45        1          0          .0000000E+00
      46        1          0          .0000000E+00
      47        1          0          .0000000E+00
      48        1          0          .0000000E+00
      49        1          0          .0000000E+00
      50        1          0          .0000000E+00
      51        1          0          .0000000E+00
      52        1          0          .0000000E+00
      53        1          0          .0000000E+00
      54        1          0          .0000000E+00
      55        1          0          .0000000E+00
      56        1          0          .0000000E+00
      57        1          0          .0000000E+00
      58        1          0          .0000000E+00
      59        1          0          .0000000E+00
      60        1          0          .0000000E+00
      61        1          0          .0000000E+00
      62        1          0          .0000000E+00
      63        1         64          .0000000E+00
      64        0         63          .0000000E+00
      65        0          0          .0000000E+00
      66        0          0          .0000000E+00
      67        0          0          .0000000E+00
      68        0          0          .0000000E+00
      69        0          0          .0000000E+00
      70        0          0          .0000000E+00
      71        0          0          .0000000E+00
      72        0          0          .0000000E+00
      73        0          0          .0000000E+00
      74        0          0          .0000000E+00
      75        0          0          .0000000E+00
      76        0          0          .0000000E+00
      77        0          0          .0000000E+00
      78        0          0          .0000000E+00
      79        0          0          .0000000E+00
      80        0          0          .0000000E+00
      81        0          0          .0000000E+00
      82        0          0          .0000000E+00
      83        0          0          .0000000E+00
      84        0          1          .0000000E+00


  incidence of geometric nodes

      first node      second node

       1          1       2
       2          2       3
       3          3       4
       4          4       5
       5          5       6
       6          6       7
       7          7       8
       8          8       9
       9          9      10
      10         10      11
      11         11      12
      12         12      13
      13         13      14
      14         14      15
      15         15      16
      16         16      17
      17         17      18
      18         18      19
      19         19      20
      20         20      21
      21         22      23
      22         23      24
      23         24      25
      24         25      26
      25         26      27
      26         27      28
      27         28      29
      28         29      30
      29         30      31
      30         31      32
      31         32      33
      32         33      34
      33         34      35
      34         35      36
      35         36      37
      36         37      38
      37         38      39
      38         39      40
      39         40      41
      40         41      42
      41         43      44
      42         44      45
      43         45      46
      44         46      47
      45         47      48
      46         48      49
      47         49      50
      48         50      51
      49         51      52
      50         52      53
      51         53      54
      52         54      55
      53         55      56
      54         56      57
      55         57      58
      56         58      59
      57         59      60
      58         60      61
      59         61      62
      60         62      63
      61         64      65
      62         65      66
      63         66      67
      64         67      68
      65         68      69
      66         69      70
      67         70      71
      68         71      72
      69         72      73
      70         73      74
      71         74      75
      72         75      76
      73         76      77
      74         77      78
      75         78      79
      76         79      80
      77         80      81
      78         81      82
      79         82      83
      80         83      84
 NOVAS COORDENADAS DOS NOS DUPLOS
      .0010      .0000
      .0500      .0000
      .1000      .0000
      .1500      .0000
      .2000      .0000
      .2500      .0000
      .3000      .0000
      .3500      .0000
      .4000      .0000
      .4500      .0000
      .5000      .0000
      .5500      .0000
      .6000      .0000
      .6500      .0000
      .7000      .0000
      .7500      .0000
      .8000      .0000
      .8500      .0000
      .9000      .0000
      .9500      .0000
      .9990      .0000
     1.0000      .0010
     1.0000      .0500
     1.0000      .1000
     1.0000      .1500
     1.0000      .2000
     1.0000      .2500
     1.0000      .3000
     1.0000      .3500
     1.0000      .4000
     1.0000      .4500
     1.0000      .5000
     1.0000      .5500
     1.0000      .6000
     1.0000      .6500
     1.0000      .7000
     1.0000      .7500
     1.0000      .8000
     1.0000      .8500
     1.0000      .9000
     1.0000      .9500
     1.0000      .9990
      .9990     1.0000
      .9500     1.0000
      .9000     1.0000
      .8500     1.0000
      .8000     1.0000
      .7500     1.0000
      .7000     1.0000
      .6500     1.0000
      .6000     1.0000
      .5500     1.0000
      .5000     1.0000
      .4500     1.0000
      .4000     1.0000
      .3500     1.0000
      .3000     1.0000
      .2500     1.0000
      .2000     1.0000
      .1500     1.0000
      .1000     1.0000
      .0500     1.0000
      .0010     1.0000
      .0000      .9990
      .0000      .9500
      .0000      .9000
      .0000      .8500
      .0000      .8000
      .0000      .7500
      .0000      .7000
      .0000      .6500
      .0000      .6000
      .0000      .5500
      .0000      .5000
      .0000      .4500
      .0000      .4000
      .0000      .3500
      .0000      .3000
      .0000      .2500
      .0000      .2000
      .0000      .1500
      .0000      .1000
      .0000      .0500
      .0000      .0010
   
 VALORES DE DFI  ************************************
      1   .0000
      2   .0000
      3   .0000
      4   .0000
      5   .0000
      6   .0000
      7   .0000
      8   .0000
      9   .0000
     10   .0000
     11   .0000
     12   .0000
     13   .0000
     14   .0000
     15   .0000
     16   .0000
     17   .0000
     18   .0000
     19   .0000
     20   .0000
     21   .0000
     22   .0000
     23   .0000
     24   .0000
     25   .0000
     26   .0000
     27   .0000
     28   .0000
     29   .0000
     30   .0000
     31   .0000
     32   .0000
     33   .0000
     34   .0000
     35   .0000
     36   .0000
     37   .0000
     38   .0000
     39   .0000
     40   .0000
     41   .0000
     42   .0000
     43   .0000
     44   .0000
     45   .0000
     46   .0000
     47   .0000
     48   .0000
     49   .0000
     50   .0000
     51   .0000
     52   .0000
     53   .0000
     54   .0000
     55   .0000
     56   .0000
     57   .0000
     58   .0000
     59   .0000
     60   .0000
     61   .0000
     62   .0000
     63   .0000
     64   .0000
     65   .0000
     66   .0000
     67   .0000
     68   .0000
     69   .0000
     70   .0000
     71   .0000
     72   .0000
     73   .0000
     74   .0000
     75   .0000
     76   .0000
     77   .0000
     78   .0000
     79   .0000
     80   .0000
     81   .0000
     82   .0000
     83   .0000
     84   .0000
     85   .0000
     86   .0000
     87   .0000
     88   .0000
     89   .0000
     90   .0000
     91   .0000
     92   .0000
     93   .0000
     94   .0000
     95   .0000
     96   .0000
     97   .0000
     98   .0000
     99   .0000
    100   .0000
    101   .0000
    102   .0000
    103   .0000
    104   .0000
    105   .0000
    106   .0000
    107   .0000
    108   .0000
    109   .0000
    110   .0000
    111   .0000
    112   .0000
    113   .0000
    114   .0000
    115   .0000
    116   .0000
    117   .0000
    118   .0000
    119   .0000
    120   .0000
    121   .0000
    122   .0000
    123   .0000
    124   .0000
    125   .0000
    126   .0000
    127   .0000
    128   .0000
    129   .0000
    130   .0000
    131   .0000
    132   .0000
    133   .0000
    134   .0000
    135   .0000
    136   .0000
    137   .0000
    138   .0000
    139   .0000
    140   .0000
    141   .0000
    142   .0000
    143   .0000
    144   .0000
    145   .0000
    146   .0000
    147   .0000
    148   .0000
    149   .0000
    150   .0000
    151   .0000
    152   .0000
    153   .0000
    154   .0000
    155   .0000
    156   .0000
    157   .0000
    158   .0000
    159   .0000
    160   .0000
    161   .0000
    162   .0000
    163   .0000
    164   .0000
   
 VALORES DE WR_POS ORIGINAIS ************************
      1   1.27283
      2   1.27283
      3   1.05662
      4   1.05662
      5    .82802
      6    .82802
      7   1.47327
      8   1.47327
      9   1.65480
     10   1.65480
     11    .59064
     12    .59064
     13   1.81459
     14   1.81459
     15    .34837
     16    .34837
     17   1.95015
     18   1.95015
     19    .10530
     20    .10530
     21   2.05942
     22   2.05942
     23    .00000
     24    .00000
     25    .00000
     26    .00000
     27    .00000
     28    .00000
     29    .00000
     30    .00000
     31    .00000
     32    .00000
     33    .00000
     34    .00000
     35    .00000
     36    .00000
     37    .00000
     38    .00000
     39    .00000
     40    .00000
     41    .00000
     42    .00000
     43    .00000
     44    .00000
     45    .00000
     46    .00000
     47    .00000
     48    .00000
     49    .00000
     50    .00000
     51    .00000
     52    .00000
     53    .00000
     54    .00000
     55    .00000
     56    .00000
     57    .00000
     58    .00000
     59    .00000
     60    .00000
     61    .00000
     62    .00000
     63    .00000
     64    .00000
     65    .00000
     66    .00000
     67    .00000
     68    .00000
     69    .00000
     70    .00000
     71    .00000
     72    .00000
     73    .00000
     74    .00000
     75    .00000
     76    .00000
     77    .00000
     78    .00000
     79    .00000
     80    .00000
     81    .00000
     82    .00000
     83    .00000
     84    .00000
     85    .00000
     86    .00000
     87    .00000
     88    .00000
     89    .00000
     90    .00000
     91    .00000
     92    .00000
     93    .00000
     94    .00000
     95    .00000
     96    .00000
     97    .00000
     98    .00000
     99    .00000
    100    .00000
    101    .00000
    102    .00000
    103    .00000
    104    .00000
    105    .00000
    106    .00000
    107    .00000
    108    .00000
    109    .00000
    110    .00000
    111    .00000
    112    .00000
    113    .00000
    114    .00000
    115    .00000
    116    .00000
    117    .00000
    118    .00000
    119    .00000
    120    .00000
    121    .00000
    122    .00000
    123    .00000
    124    .00000
    125    .00000
    126    .00000
    127    .00000
    128    .00000
    129    .00000
    130    .00000
    131    .00000
    132    .00000
    133    .00000
    134    .00000
    135    .00000
    136    .00000
    137    .00000
    138    .00000
    139    .00000
    140    .00000
    141    .00000
    142    .00000
    143    .00000
    144    .00000
    145    .00000
    146    .00000
    147    .00000
    148    .00000
    149    .00000
    150    .00000
    151    .00000
    152    .00000
    153    .00000
    154    .00000
    155    .00000
    156    .00000
    157    .00000
    158    .00000
    159    .00000
    160    .00000
    161    .00000
    162    .00000
    163    .00000
    164    .00000
    165    .00000
    166    .00000
    167    .00000
    168    .00000
    169    .00000
    170    .00000
    171    .00000
    172    .00000
    173    .00000
    174    .00000
    175    .00000
    176    .00000
    177    .00000
    178    .00000
    179    .00000
    180    .00000
    181    .00000
    182    .00000
    183    .00000
    184    .00000
    185    .00000
    186    .00000
    187    .00000
    188    .00000
    189    .00000
    190    .00000
    191    .00000
    192    .00000
    193    .00000
    194    .00000
    195    .00000
    196    .00000
    197    .00000
    198    .00000
    199    .00000
    200    .00000
    201    .00000
    202    .00000
    203    .00000
    204    .00000
    205    .00000
    206    .00000
    207    .00000
    208    .00000
    209    .00000
    210    .00000
    211    .00000
    212    .00000
    213    .00000
    214    .00000
    215    .00000
    216    .00000
    217    .00000
    218    .00000
    219    .00000
    220    .00000
    221    .00000
    222    .00000
    223    .00000
    224    .00000
    225    .00000
    226    .00000
    227    .00000
    228    .00000
    229    .00000
    230    .00000
    231    .00000
    232    .00000
    233    .00000
    234    .00000
    235    .00000
    236    .00000
    237    .00000
    238    .00000
    239    .00000
    240    .00000
    241    .00000
    242    .00000
    243    .00000
    244    .00000
    245    .00000
    246    .00000
    247    .00000
    248    .00000
    249    .00000
    250    .00000
    251    .00000
    252    .00000
    253    .00000
    254    .00000
    255    .00000
    256    .00000
    257    .00000
    258    .00000
    259    .00000
    260    .00000
    261    .00000
    262    .00000
    263    .00000
    264    .00000
    265    .00000
    266    .00000
    267    .00000
    268    .00000
    269    .00000
    270    .00000
    271    .00000
    272    .00000
    273    .00000
    274    .00000
    275    .00000
    276    .00000
    277    .00000
    278    .00000
    279    .00000
    280    .00000
    281    .00000
    282    .00000
    283    .00000
    284    .00000
    285    .00000
    286    .00000
    287    .00000
    288    .00000
    289    .00000
    290    .00000
    291    .00000
    292    .00000
    293    .00000
    294    .00000
    295    .00000
    296    .00000
    297    .00000
    298    .00000
    299    .00000
    300    .00000
    301    .00000
    302    .00000
    303    .00000
    304    .00000
    305    .00000
    306    .00000
    307    .00000
    308    .00000
    309    .00000
    310    .00000
    311    .00000
    312    .00000
    313    .00000
    314    .00000
    315    .00000
    316    .00000
    317    .00000
    318    .00000
    319    .00000
    320    .00000
    321    .00000
    322    .00000
    323    .00000
    324    .00000
    325    .00000
    326    .00000
    327    .00000
    328    .00000
    329    .00000
    330    .00000
    331    .00000
    332    .00000
    333    .00000
    334    .00000
    335    .00000
    336    .00000
    337    .00000
    338    .00000
    339    .00000
    340    .00000
    341    .00000
    342    .00000
    343    .00000
    344    .00000
    345    .00000
    346    .00000
    347    .00000
    348    .00000
    349    .00000
    350    .00000
    351    .00000
    352    .00000
    353    .00000
    354    .00000
    355    .00000
    356    .00000
    357    .00000
    358    .00000
    359    .00000
    360    .00000
    361    .00000
    362    .00000
    363    .00000
    364    .00000
    365    .00000
    366    .00000
    367    .00000
    368    .00000
    369    .00000
    370    .00000
    371    .00000
    372    .00000
    373    .00000
    374    .00000
    375    .00000
    376    .00000
    377    .00000
    378    .00000
    379    .00000
    380    .00000
    381    .00000
    382    .00000
    383    .00000
    384    .00000
    385    .00000
    386    .00000
    387    .00000
    388    .00000
    389    .00000
    390    .00000
    391    .00000
    392    .00000
    393    .00000
    394    .00000
    395    .00000
    396    .00000
    397    .00000
    398    .00000
    399    .00000
    400    .00000
    401    .00000
    402    .00000
    403    .00000
    404    .00000
    405    .00000
    406    .00000
    407    .00000
    408    .00000
    409    .00000
    410    .00000
    411    .00000
    412    .00000
    413    .00000
    414    .00000
    415    .00000
    416    .00000
    417    .00000
    418    .00000
    419    .00000
    420    .00000
    421    .00000
    422    .00000
    423    .00000
    424    .00000
    425    .00000
    426    .00000
    427    .00000
    428    .00000
    429    .00000
    430    .00000
    431    .00000
    432    .00000
    433    .00000
    434    .00000
    435    .00000
    436    .00000
    437    .00000
    438    .00000
    439    .00000
    440    .00000
    441    .00000
    442    .00000
    443    .00000
    444    .00000
    445    .00000
    446    .00000
    447    .00000
    448    .00000
    449    .00000
    450    .00000
    451    .00000
    452    .00000
    453    .00000
    454    .00000
    455    .00000
    456    .00000
    457    .00000
    458    .00000
    459    .00000
    460    .00000
    461    .00000
    462    .00000
    463    .00000
    464    .00000
    465    .00000
    466    .00000
    467    .00000
    468    .00000
    469    .00000
    470    .00000
    471    .00000
    472    .00000
    473    .00000
    474    .00000
    475    .00000
    476    .00000
    477    .00000
    478    .00000
    479    .00000
    480    .00000
    481    .00000
    482    .00000
    483    .00000
    484    .00000
    485    .00000
    486    .00000
    487    .00000
    488    .00000
    489    .00000
    490    .00000
    491    .00000
    492    .00000
    493    .00000
    494    .00000
    495    .00000
    496    .00000
    497    .00000
    498    .00000
    499    .00000
    500    .00000
    501    .00000
    502    .00000
    503    .00000
    504    .00000
    505    .00000
    506    .00000
    507    .00000
    508    .00000
    509    .00000
    510    .00000
    511    .00000
    512    .00000
    513    .00000
    514    .00000
    515    .00000
    516    .00000
    517    .00000
    518    .00000
    519    .00000
    520    .00000
    521    .00000
    522    .00000
    523    .00000
    524    .00000
    525    .00000
    526    .00000
    527    .00000
    528    .00000
    529    .00000
    530    .00000
    531    .00000
    532    .00000
    533    .00000
    534    .00000
    535    .00000
    536    .00000
    537    .00000
    538    .00000
    539    .00000
    540    .00000
    541    .00000
    542    .00000
    543    .00000
    544    .00000
    545    .00000
    546    .00000
    547    .00000
    548    .00000
    549    .00000
    550    .00000
    551    .00000
    552    .00000
    553    .00000
    554    .00000
    555    .00000
    556    .00000
    557    .00000
    558    .00000
    559    .00000
    560    .00000
    561    .00000
    562    .00000
    563    .00000
    564    .00000
    565    .00000
    566    .00000
    567    .00000
    568    .00000
    569    .00000
    570    .00000
    571    .00000
    572    .00000
   
 VALORES DE WRA  ************************************
 WRA ORIGINAL POSSUIA         572 NUM., REDUZIDO PARA         263 NUM.
      1    .88637
      2   1.06217
      3    .97029
      4   1.01519
      5    .99249
      6   1.00378
      7    .99812
      8   1.00094
      9    .99953
     10   1.00024
     11    .99988
     12   1.00006
     13    .99997
     14   1.00001
     15    .99999
     16   1.00000
     17   1.00000
     18   1.00000
     19   1.00000
     20   1.00000
     21   1.00000
     22   1.00000
     23   1.00000
     24   1.00000
     25   1.00000
     26   1.00000
     27   1.00000
     28   1.00000
     29   1.00000
     30   1.00000
     31   1.00000
     32   1.00000
     33   1.00000
     34   1.00000
     35   1.00000
     36   1.00000
     37   1.00000
     38   1.00000
     39   1.00000
     40   1.00000
     41   1.00000
     42   1.00000
     43   1.00000
     44   1.00000
     45   1.00000
     46   1.00000
     47   1.00000
     48   1.00000
     49   1.00000
     50   1.00000
     51   1.00000
     52   1.00000
     53   1.00000
     54   1.00000
     55   1.00000
     56   1.00000
     57   1.00000
     58   1.00000
     59   1.00000
     60   1.00000
     61   1.00000
     62   1.00000
     63   1.00000
     64   1.00000
     65   1.00000
     66   1.00000
     67   1.00000
     68   1.00000
     69   1.00000
     70   1.00000
     71   1.00000
     72   1.00000
     73   1.00000
     74   1.00000
     75   1.00000
     76   1.00000
     77   1.00000
     78   1.00000
     79   1.00000
     80   1.00000
     81   1.00000
     82   1.00000
     83   1.00000
     84   1.00000
     85   1.00000
     86   1.00000
     87   1.00000
     88   1.00000
     89   1.00000
     90   1.00000
     91   1.00000
     92   1.00000
     93   1.00000
     94   1.00000
     95   1.00000
     96   1.00000
     97   1.00000
     98   1.00000
     99   1.00000
    100   1.00000
    101   1.00000
    102   1.00000
    103   1.00000
    104   1.00000
    105   1.00000
    106   1.00000
    107   1.00000
    108   1.00000
    109   1.00000
    110   1.00000
    111   1.00000
    112   1.00000
    113   1.00000
    114   1.00000
    115   1.00000
    116   1.00000
    117   1.00000
    118   1.00000
    119   1.00000
    120   1.00000
    121   1.00000
    122   1.00000
    123   1.00000
    124   1.00000
    125   1.00000
    126   1.00000
    127   1.00000
    128   1.00000
    129   1.00000
    130   1.00000
    131   1.00000
    132   1.00000
    133   1.00000
    134   1.00000
    135   1.00000
    136   1.00000
    137   1.00000
    138   1.00000
    139   1.00000
    140   1.00000
    141   1.00000
    142   1.00000
    143   1.00000
    144   1.00000
    145   1.00000
    146   1.00000
    147   1.00000
    148   1.00000
    149   1.00000
    150   1.00000
    151   1.00000
    152   1.00000
    153   1.00000
    154   1.00000
    155   1.00000
    156   1.00000
    157   1.00000
    158   1.00000
    159   1.00000
    160   1.00000
    161   1.00000
    162   1.00000
    163   1.00000
    164   1.00000
    165   1.00000
    166   1.00000
    167   1.00000
    168   1.00000
    169   1.00000
    170   1.00000
    171   1.00000
    172   1.00000
    173   1.00000
    174   1.00000
    175   1.00000
    176   1.00000
    177   1.00000
    178   1.00000
    179   1.00000
    180   1.00000
    181   1.00000
    182   1.00000
    183   1.00000
    184   1.00000
    185   1.00000
    186   1.00000
    187   1.00000
    188   1.00000
    189   1.00000
    190   1.00000
    191   1.00000
    192   1.00000
    193   1.00000
    194   1.00000
    195   1.00000
    196   1.00000
    197   1.00000
    198   1.00000
    199   1.00000
    200   1.00000
    201   1.00000
    202   1.00000
    203   1.00000
    204   1.00000
    205   1.00000
    206   1.00000
    207   1.00000
    208   1.00000
    209   1.00000
    210   1.00000
    211   1.00000
    212   1.00000
    213   1.00000
    214   1.00000
    215   1.00000
    216   1.00000
    217   1.00000
    218   1.00000
    219   1.00000
    220   1.00000
    221   1.00000
    222   1.00000
    223   1.00000
    224   1.00000
    225   1.00000
    226   1.00000
    227   1.00000
    228   1.00000
    229   1.00000
    230   1.00000
    231   1.00000
    232   1.00000
    233   1.00000
    234   1.00000
    235   1.00000
    236   1.00000
    237   1.00000
    238   1.00000
    239   1.00000
    240   1.00000
    241   1.00000
    242   1.00000
    243   1.00000
    244   1.00000
    245   1.00000
    246   1.00000
    247   1.00000
    248   1.00000
    249   1.00000
    250   1.00000
    251   1.00000
    252   1.00000
    253   1.00000
    254   1.00000
    255   1.00000
    256   1.00000
    257   1.00000
    258   1.00000
    259   1.00000
    260   1.00000
    261   1.00000
    262   1.00000
    263   1.00000



           - AUTOVALORES - 
          REAL     IMAGINARIO
           1        1.272830554244658       -2.133201787650236
           2        1.272830554244658        2.133201787650236
           3        1.056617229747950       -2.243535821653342
           4        1.056617229747950        2.243535821653342
           5   8.280153783440056E-001       -2.325638845024657
           6   8.280153783440056E-001        2.325638845024657
           7        1.473270684505895       -1.996790732102970
           8        1.473270684505895        1.996790732102970
           9        1.654801434420951       -1.837003313349292
          10        1.654801434420951        1.837003313349292
          11   5.906439239385762E-001       -2.377999388499996
          12   5.906439239385762E-001        2.377999388499996
          13        1.814585548222105       -1.656977675485369
          14        1.814585548222105        1.656977675485369
          15   3.483703265237020E-001       -2.399784760324523
          16   3.483703265237020E-001        2.399784760324523
          17        1.950146498219135       -1.460188677083637
          18        1.950146498219135        1.460188677083637
          19   1.053008317177104E-001       -2.390801165210228
          20   1.053008317177104E-001        2.390801165210228
          21        2.059424807904809       -1.250353264358418
          22        2.059424807904809        1.250353264358418
          23  -1.342916748750933E-001       -2.351418920160019
          24  -1.342916748750933E-001        2.351418920160019
          25        2.140823442851889       -1.031342047549497
          26        2.140823442851889        1.031342047549497
          27  -3.660850721625867E-001       -2.282510810468065
          28  -3.660850721625867E-001        2.282510810468065
          29        2.193229220182946  -8.071022039287661E-001
          30        2.193229220182946   8.071022039287661E-001
          31  -5.858301038768327E-001       -2.185411568569156
          32  -5.858301038768327E-001        2.185411568569156
          33        2.215984123743148  -5.815949838183748E-001
          34        2.215984123743148   5.815949838183748E-001
          35  -7.894562530240228E-001       -2.061874258908654
          36  -7.894562530240228E-001        2.061874258908654
          37        2.208873765348751  -3.587307832155432E-001
          38        2.208873765348751   3.587307832155432E-001
          39  -9.731767460845912E-001       -1.913997796151937
          40  -9.731767460845912E-001        1.913997796151937
          41        2.171792899873969  -1.393739572988777E-001
          42        2.171792899873969   1.393739572988777E-001
          43       -1.133634942763086       -1.744138155844277
          44       -1.133634942763086        1.744138155844277
          45        2.074267803463122   0.000000000000000E+000
          46       -1.268097943952860       -1.554878205030114
          47       -1.268097943952860        1.554878205030114
          48       -1.374593413798227       -1.349104264936620
          49       -1.374593413798227        1.349104264936620
          50        1.922959751792291  -8.130083519006827E-002
          51        1.922959751792291   8.130083519006827E-002
          52       -1.451894603717533       -1.130074346473364
          53       -1.451894603717533        1.130074346473364
          54        1.760004299748232  -3.804144188583650E-001
          55        1.760004299748232   3.804144188583650E-001
          56        1.657158074480031  -5.154553444225334E-001
          57        1.657158074480031   5.154553444225334E-001
          58       -1.499468855222768  -9.013485093871793E-001
          59       -1.499468855222768   9.013485093871793E-001
          60        1.543800967366035  -6.397133639602544E-001
          61        1.543800967366035   6.397133639602544E-001
          62       -1.517554871497644  -6.666912237551893E-001
          63       -1.517554871497644   6.666912237551893E-001
          64        1.420916004350617  -7.539144592897804E-001
          65        1.420916004350617   7.539144592897804E-001
          66        1.288521222954287  -8.576209727137097E-001
          67        1.288521222954287   8.576209727137097E-001
          68       -1.507228761846425  -4.301449043255416E-001
          69       -1.507228761846425   4.301449043255416E-001
          70        1.147410937343328  -9.489699152129704E-001
          71        1.147410937343328   9.489699152129704E-001
          72       -1.469050621718282  -1.975727868199541E-001
          73       -1.469050621718282   1.975727868199541E-001
          74   9.996786345453023E-001       -1.025949999245676
          75   9.996786345453023E-001        1.025949999245676
          76       -1.426704052788716   0.000000000000000E+000
          77   8.480448004962260E-001       -1.087180442831739
          78   8.480448004962260E-001        1.087180442831739
          79   6.952151733485258E-001       -1.131978834080968
          80   6.952151733485258E-001        1.131978834080968
          81   3.950055058857314E-001       -1.172227152871315
          82   3.950055058857314E-001        1.172227152871315
          83   2.510132082084867E-001       -1.168683588304016
          84   2.510132082084867E-001        1.168683588304016
          85   1.127057212638448E-001       -1.150585909970564
          86   1.127057212638448E-001        1.150585909970564
          87  -1.894292856333352E-002       -1.119108721897741
          88  -1.894292856333352E-002        1.119108721897741
          89   9.471992090372926E-001  -7.255942395915804E-002
          90   9.471992090372926E-001   7.255942395915804E-002
          91   9.375684274937897E-001   0.000000000000000E+000
          92   9.242766013797976E-001  -2.164643420796694E-001
          93   9.242766013797976E-001   2.164643420796694E-001
          94   9.279009636130292E-001  -1.369963970383458E-001
          95   9.279009636130292E-001   1.369963970383458E-001
          96   8.982201592940620E-001  -2.709417901208979E-001
          97   8.982201592940620E-001   2.709417901208979E-001
          98   8.753019449011645E-001  -3.554331905496691E-001
          99   8.753019449011645E-001   3.554331905496691E-001
         100   8.531726031474265E-001  -3.981848723374120E-001
         101   8.531726031474265E-001   3.981848723374120E-001
         102   7.958308611105684E-001  -5.232452568332350E-001
         103   7.958308611105684E-001   5.232452568332350E-001
         104   7.174943141055098E-001  -6.483223188221872E-001
         105   7.174943141055098E-001   6.483223188221872E-001
         106   8.011276531662552E-001  -4.791533843924395E-001
         107   8.011276531662552E-001   4.791533843924395E-001
         108   6.144247611785958E-001  -7.645155492126128E-001
         109   6.144247611785958E-001   7.645155492126128E-001
         110   4.841116933103738E-001  -8.702624949160642E-001
         111   4.841116933103738E-001   8.702624949160642E-001
         112   7.130770576339135E-001  -5.810528132621398E-001
         113   7.130770576339135E-001   5.810528132621398E-001
         114   3.184882534358424E-001  -9.519840281304129E-001
         115   3.184882534358424E-001   9.519840281304129E-001
         116  -1.432627442974960E-001       -1.075762231510630
         117  -1.432627442974960E-001        1.075762231510630
         118   6.168942032286250E-001  -6.668276208981583E-001
         119   6.168942032286250E-001   6.668276208981583E-001
         120       -1.152825869450014  -5.587204735676318E-002
         121       -1.152825869450014   5.587204735676318E-002
         122   1.467620343174116E-001  -9.930320389109748E-001
         123   1.467620343174116E-001   9.930320389109748E-001
         124   5.139287285167226E-001  -7.378387668668400E-001
         125   5.139287285167226E-001   7.378387668668400E-001
         126  -2.213117455623803E-002       -1.007918328484696
         127  -2.213117455623803E-002        1.007918328484696
         128  -2.605300952828614E-001       -1.020315077899673
         129  -2.605300952828614E-001        1.020315077899673
         130   4.075355714428876E-001  -7.934896237579349E-001
         131   4.075355714428876E-001   7.934896237579349E-001
         132  -1.897031040011800E-001  -9.992917351186824E-001
         133  -1.897031040011800E-001   9.992917351186824E-001
         134       -1.069038276244712  -2.441205438916037E-001
         135       -1.069038276244712   2.441205438916037E-001
         136  -3.481008331670095E-001  -9.721890512413186E-001
         137  -3.481008331670095E-001   9.721890512413186E-001
         138   2.995928265906608E-001  -8.316966831562823E-001
         139   2.995928265906608E-001   8.316966831562823E-001
         140  -3.736351228113005E-001  -9.474633456977227E-001
         141  -3.736351228113005E-001   9.474633456977227E-001
         142  -9.864471091177359E-001  -4.206407822719412E-001
         143  -9.864471091177359E-001   4.206407822719412E-001
         144  -4.896491438094370E-001  -9.037988832887609E-001
         145  -4.896491438094370E-001   9.037988832887609E-001
         146  -8.877623292378190E-001  -5.755462380267749E-001
         147  -8.877623292378190E-001   5.755462380267749E-001
         148  -6.402691103833573E-001  -8.175135804441217E-001
         149  -6.402691103833573E-001   8.175135804441217E-001
         150  -7.715300978504147E-001  -7.086436137162168E-001
         151  -7.715300978504147E-001   7.086436137162168E-001
         152  -4.868597869989709E-001  -8.816027509821094E-001
         153  -4.868597869989709E-001   8.816027509821094E-001
         154   1.898225744433667E-001  -8.532630656102914E-001
         155   1.898225744433667E-001   8.532630656102914E-001
         156  -9.704069824567372E-001  -2.614982582303488E-001
         157  -9.704069824567372E-001   2.614982582303488E-001
         158  -9.861571223936011E-001  -1.432472786117885E-001
         159  -9.861571223936011E-001   1.432472786117885E-001
         160  -9.302721035975748E-001  -3.651720400647787E-001
         161  -9.302721035975748E-001   3.651720400647787E-001
         162  -5.718156758728195E-001  -7.993080511743451E-001
         163  -5.718156758728195E-001   7.993080511743451E-001
         164  -9.760616249155625E-001  -3.781211539699694E-002
         165  -9.760616249155625E-001   3.781211539699694E-002
         166  -8.775438729278227E-001  -4.443780256526987E-001
         167  -8.775438729278227E-001   4.443780256526987E-001
         168   8.105010440932070E-002  -8.610805512870471E-001
         169   8.105010440932070E-002   8.610805512870471E-001
         170  -8.242333131067674E-001  -5.122046733262884E-001
         171  -8.242333131067674E-001   5.122046733262884E-001
         172  -6.547567107554178E-001  -7.065920508476190E-001
         173  -6.547567107554178E-001   7.065920508476190E-001
         174  -2.317298881647006E-002  -8.570065132847595E-001
         175  -2.317298881647006E-002   8.570065132847595E-001
         176  -7.288315334515086E-001  -6.111299987400310E-001
         177  -7.288315334515086E-001   6.111299987400310E-001
         178  -7.627739440807251E-001  -5.515917785420242E-001
         179  -7.627739440807251E-001   5.515917785420242E-001
         180  -1.223895548610531E-001  -8.427685548464484E-001
         181  -1.223895548610531E-001   8.427685548464484E-001
         182  -7.405503333553779E-001  -5.229926184881392E-001
         183  -7.405503333553779E-001   5.229926184881392E-001
         184  -7.867599778067337E-001  -4.244629163726497E-001
         185  -7.867599778067337E-001   4.244629163726497E-001
         186  -6.844783738829818E-001  -5.908503462519726E-001
         187  -6.844783738829818E-001   5.908503462519726E-001
         188  -8.209849150430542E-001  -3.246062637655421E-001
         189  -8.209849150430542E-001   3.246062637655421E-001
         190  -8.415470708655791E-001  -2.222944446857293E-001
         191  -8.415470708655791E-001   2.222944446857293E-001
         192  -8.552029686265625E-001  -4.491500438859886E-002
         193  -8.552029686265625E-001   4.491500438859886E-002
         194  -8.462452125980114E-001  -1.254366183157331E-001
         195  -8.462452125980114E-001   1.254366183157331E-001
         196  -2.178865161155802E-001  -8.190929806892487E-001
         197  -2.178865161155802E-001   8.190929806892487E-001
         198  -6.409551887821692E-001  -6.088459081862124E-001
         199  -6.409551887821692E-001   6.088459081862124E-001
         200  -3.091082907143549E-001  -7.867567563052765E-001
         201  -3.091082907143549E-001   7.867567563052765E-001
         202  -3.970167308539027E-001  -7.475152946188801E-001
         203  -3.970167308539027E-001   7.475152946188801E-001
         204  -4.836320373817019E-001  -6.986768709300602E-001
         205  -4.836320373817019E-001   6.986768709300602E-001
         206  -5.875247001125226E-001  -6.251251491958404E-001
         207  -5.875247001125226E-001   6.251251491958404E-001
         208  -5.612424530211042E-001  -6.380331204150601E-001
         209  -5.612424530211042E-001   6.380331204150601E-001
         210  -5.192354938147021E-001  -6.120743289810391E-001
         211  -5.192354938147021E-001   6.120743289810391E-001
         212  -4.810017078730813E-001  -5.918170704500108E-001
         213  -4.810017078730813E-001   5.918170704500108E-001
         214  -4.575089787931549E-001  -5.677585532592140E-001
         215  -4.575089787931549E-001   5.677585532592140E-001
         216  -4.492005430484402E-001  -5.393842634191516E-001
         217  -4.492005430484402E-001   5.393842634191516E-001
         218   4.851848782611022E-001  -2.405525408819595E-001
         219   4.851848782611022E-001   2.405525408819595E-001
         220   4.695888424199075E-001  -2.698697532081503E-001
         221   4.695888424199075E-001   2.698697532081503E-001
         222   3.027787724924756E-001  -4.699501156648438E-001
         223   3.027787724924756E-001   4.699501156648438E-001
         224   4.969016895446904E-001  -1.807384901155505E-001
         225   4.969016895446904E-001   1.807384901155505E-001
         226   5.123335204092830E-001  -1.139196230409627E-001
         227   5.123335204092830E-001   1.139196230409627E-001
         228   4.255437830395802E-001  -3.214536807583155E-001
         229   4.255437830395802E-001   3.214536807583155E-001
         230   3.392367137081128E-001  -4.243920178052053E-001
         231   3.392367137081128E-001   4.243920178052053E-001
         232   3.841417609629944E-001  -3.741761522888948E-001
         233   3.841417609629944E-001   3.741761522888948E-001
         234   4.621264714919962E-001  -2.380813171056609E-001
         235   4.621264714919962E-001   2.380813171056609E-001
         236   5.141387149815093E-001  -4.349702690270626E-002
         237   5.141387149815093E-001   4.349702690270626E-002
         238   5.137806684474108E-001   0.000000000000000E+000
         239   5.060812964701846E-001  -6.426568515266473E-002
         240   5.060812964701846E-001   6.426568515266473E-002
         241   4.245724552450187E-001  -3.015063563329575E-001
         242   4.245724552450187E-001   3.015063563329575E-001
         243   2.807122663341407E-001  -4.729210477793034E-001
         244   2.807122663341407E-001   4.729210477793034E-001
         245   4.701943082570719E-001  -1.758180225144729E-001
         246   4.701943082570719E-001   1.758180225144729E-001
         247   3.740548013236484E-001  -3.579131407552939E-001
         248   3.740548013236484E-001   3.579131407552939E-001
         249  -4.563598906786734E-001  -5.039556876034080E-001
         250  -4.563598906786734E-001   5.039556876034080E-001
         251   2.237433536328126E-001  -5.008448904747809E-001
         252   2.237433536328126E-001   5.008448904747809E-001
         253   3.127529956750892E-001  -4.088462594000830E-001
         254   3.127529956750892E-001   4.088462594000830E-001
         255   1.604965816755483E-001  -5.248455440020297E-001
         256   1.604965816755483E-001   5.248455440020297E-001
         257  -4.736251399086380E-001  -4.615082945464604E-001
         258  -4.736251399086380E-001   4.615082945464604E-001
         259   4.721350423314848E-001   0.000000000000000E+000
         260   1.402956397640952E-001  -5.178298180249237E-001
         261   1.402956397640952E-001   5.178298180249237E-001
         262   2.220888595363155E-002  -5.533659537812848E-001
         263   2.220888595363155E-002   5.533659537812848E-001
         264   1.008229094693882E-001  -5.246739609882809E-001
         265   1.008229094693882E-001   5.246739609882809E-001
         266  -4.725758585789538E-002  -5.576640463367845E-001
         267  -4.725758585789538E-002   5.576640463367845E-001
         268  -4.912261017412536E-001  -4.216207065155475E-001
         269  -4.912261017412536E-001   4.216207065155475E-001
         270  -5.630410387290326E-001  -3.396572331274989E-001
         271  -5.630410387290326E-001   3.396572331274989E-001
         272  -5.255133442142730E-001  -3.796365625536610E-001
         273  -5.255133442142730E-001   3.796365625536610E-001
         274  -6.007756144760190E-001  -2.791383125532000E-001
         275  -6.007756144760190E-001   2.791383125532000E-001
         276  -6.928578596220494E-001   0.000000000000000E+000
         277  -6.758863778661235E-001  -9.763112796957479E-002
         278  -6.758863778661235E-001   9.763112796957479E-002
         279  -6.241294056371973E-001  -2.239615767878337E-001
         280  -6.241294056371973E-001   2.239615767878337E-001
         281  -6.425651543501723E-001  -1.725097537185595E-001
         282  -6.425651543501723E-001   1.725097537185595E-001
         283  -1.118981582307342E-001  -5.541543795302110E-001
         284  -1.118981582307342E-001   5.541543795302110E-001
         285   2.279735775780739E-001  -4.295822589352106E-001
         286   2.279735775780739E-001   4.295822589352106E-001
         287  -6.698375753772387E-001   0.000000000000000E+000
         288   2.322842635896544E-002  -5.233320295817295E-001
         289   2.322842635896544E-002   5.233320295817295E-001
         290  -1.756963537963271E-001  -5.374214776740551E-001
         291  -1.756963537963271E-001   5.374214776740551E-001
         292  -6.432690246671107E-001  -9.535972030077866E-002
         293  -6.432690246671107E-001   9.535972030077866E-002
         294  -2.425921427747916E-001  -5.145175492893567E-001
         295  -2.425921427747916E-001   5.145175492893567E-001
         296  -5.664177659852490E-001  -2.483086011407187E-001
         297  -5.664177659852490E-001   2.483086011407187E-001
         298  -3.068507131735503E-001  -4.892953321088184E-001
         299  -3.068507131735503E-001   4.892953321088184E-001
         300  -3.601920179348960E-001  -4.626563433605198E-001
         301  -3.601920179348960E-001   4.626563433605198E-001
         302  -5.142098810938675E-002  -5.229216558190485E-001
         303  -5.142098810938675E-002   5.229216558190485E-001
         304  -1.228724748856591E-001  -5.151948160257462E-001
         305  -1.228724748856591E-001   5.151948160257462E-001
         306  -4.012582898039152E-001  -4.163051787151447E-001
         307  -4.012582898039152E-001   4.163051787151447E-001
         308  -1.901969692426258E-001  -4.982431363080728E-001
         309  -1.901969692426258E-001   4.982431363080728E-001
         310  -4.469735397216386E-001  -3.564940364516499E-001
         311  -4.469735397216386E-001   3.564940364516499E-001
         312  -3.214541459849982E-001  -4.392600557446669E-001
         313  -3.214541459849982E-001   4.392600557446669E-001
         314  -3.781262175786400E-001  -4.041628994398922E-001
         315  -3.781262175786400E-001   4.041628994398922E-001
         316  -4.279821493085886E-001  -3.619695733247045E-001
         317  -4.279821493085886E-001   3.619695733247045E-001
         318  -6.171462175971229E-001  -2.747110980624779E-002
         319  -6.171462175971229E-001   2.747110980624779E-002
         320  -4.952625675720920E-001  -2.857351588773399E-001
         321  -4.952625675720920E-001   2.857351588773399E-001
         322  -4.617225580289381E-001  -3.122362458159578E-001
         323  -4.617225580289381E-001   3.122362458159578E-001
         324  -5.457730570978092E-001  -1.862720253397929E-001
         325  -5.457730570978092E-001   1.862720253397929E-001
         326  -5.958971347054610E-001  -1.655071236744009E-002
         327  -5.958971347054610E-001   1.655071236744009E-002
         328  -4.641384512264283E-001  -2.962011163068801E-001
         329  -4.641384512264283E-001   2.962011163068801E-001
         330  -4.932392664261403E-001  -2.555436932416506E-001
         331  -4.932392664261403E-001   2.555436932416506E-001
         332  -5.763865600499487E-001  -6.935120947193450E-002
         333  -5.763865600499487E-001   6.935120947193450E-002
         334  -5.753602001011711E-001  -4.420058057823117E-002
         335  -5.753602001011711E-001   4.420058057823117E-002
         336  -5.756867128098411E-001  -2.663919522417096E-002
         337  -5.756867128098411E-001   2.663919522417096E-002
         338  -5.619929360424091E-001  -9.930458615940851E-002
         339  -5.619929360424091E-001   9.930458615940851E-002
         340  -5.661779522812225E-001  -8.959401355078989E-002
         341  -5.661779522812225E-001   8.959401355078989E-002
         342  -5.465949086446256E-001  -1.210322899277357E-001
         343  -5.465949086446256E-001   1.210322899277357E-001
         344  -5.135870795869524E-001  -1.943964221090852E-001
         345  -5.135870795869524E-001   1.943964221090852E-001
         346  -5.314107519275926E-001  -1.360181273908988E-001
         347  -5.314107519275926E-001   1.360181273908988E-001
         348  -2.540168853884014E-001  -4.686478266849637E-001
         349  -2.540168853884014E-001   4.686478266849637E-001
         350  -5.115284192846753E-001  -1.326610082814661E-001
         351  -5.115284192846753E-001   1.326610082814661E-001
         352  -5.172338083163803E-001  -9.848760091242394E-002
         353  -5.172338083163803E-001   9.848760091242394E-002
         354  -5.195004122033018E-001  -2.402091895474591E-002
         355  -5.195004122033018E-001   2.402091895474591E-002
         356  -5.162789144621229E-001  -5.222521619402209E-002
         357  -5.162789144621229E-001   5.222521619402209E-002
         358  -4.850966112421561E-001  -1.173870095867241E-001
         359  -4.850966112421561E-001   1.173870095867241E-001
         360  -4.479608323468585E-001  -1.366888837562500E-001
         361  -4.479608323468585E-001   1.366888837562500E-001
         362  -4.352946793085109E-001  -1.649094803453590E-001
         363  -4.352946793085109E-001   1.649094803453590E-001
         364  -3.396165260554011E-001  -3.262405540911447E-001
         365  -3.396165260554011E-001   3.262405540911447E-001
         366   2.608630002083039E-001  -3.368571297780505E-001
         367   2.608630002083039E-001   3.368571297780505E-001
         368   2.110679978960718E-001  -3.719568054774088E-001
         369   2.110679978960718E-001   3.719568054774088E-001
         370   3.005487481604824E-001  -2.854122508030768E-001
         371   3.005487481604824E-001   2.854122508030768E-001
         372   3.387154254965667E-001  -2.277825496974273E-001
         373   3.387154254965667E-001   2.277825496974273E-001
         374   3.673834417153785E-001  -1.643422591189198E-001
         375   3.673834417153785E-001   1.643422591189198E-001
         376   1.578905266213319E-001  -3.877207991629788E-001
         377   1.578905266213319E-001   3.877207991629788E-001
         378   3.763129927006552E-001  -9.578299303026082E-002
         379   3.763129927006552E-001   9.578299303026082E-002
         380   3.710515465208293E-001  -5.069377165321890E-002
         381   3.710515465208293E-001   5.069377165321890E-002
         382   3.617097309652856E-001  -6.802521749653998E-002
         383   3.617097309652856E-001   6.802521749653998E-002
         384   3.632488079419129E-001  -7.110314014730073E-003
         385   3.632488079419129E-001   7.110314014730073E-003
         386   3.560556053651922E-001  -4.340244704067849E-002
         387   3.560556053651922E-001   4.340244704067849E-002
         388   3.425944660692315E-001  -1.127629450238928E-001
         389   3.425944660692315E-001   1.127629450238928E-001
         390   3.435557489958355E-001  -9.835980505807551E-002
         391   3.435557489958355E-001   9.835980505807551E-002
         392   3.230132235721106E-001  -1.490415385263715E-001
         393   3.230132235721106E-001   1.490415385263715E-001
         394   3.195131597982615E-001  -1.567965745647993E-001
         395   3.195131597982615E-001   1.567965745647993E-001
         396   1.042415351831342E-001  -4.014117914532545E-001
         397   1.042415351831342E-001   4.014117914532545E-001
         398   2.914159375348643E-001  -2.009067265055097E-001
         399   2.914159375348643E-001   2.009067265055097E-001
         400   2.370796988154386E-001  -2.842331753180823E-001
         401   2.370796988154386E-001   2.842331753180823E-001
         402   2.630940821195450E-001  -2.437978786999190E-001
         403   2.630940821195450E-001   2.437978786999190E-001
         404   2.596083871773600E-001  -2.376507872394839E-001
         405   2.596083871773600E-001   2.376507872394839E-001
         406   4.183587759574980E-002  -4.110332255646525E-001
         407   4.183587759574980E-002   4.110332255646525E-001
         408  -3.815627022289890E-001  -2.209491247441829E-001
         409  -3.815627022289890E-001   2.209491247441829E-001
         410  -3.897591834448217E-001  -1.729383707500466E-001
         411  -3.897591834448217E-001   1.729383707500466E-001
         412   1.999879239476143E-001  -3.033005709653171E-001
         413   1.999879239476143E-001   3.033005709653171E-001
         414   2.191226110231899E-001  -2.705110913655646E-001
         415   2.191226110231899E-001   2.705110913655646E-001
         416  -2.325335685219579E-002  -4.128662063550486E-001
         417  -2.325335685219579E-002   4.128662063550486E-001
         418  -2.720879133819047E-001  -3.376276228282124E-001
         419  -2.720879133819047E-001   3.376276228282124E-001
         420  -3.238635029512955E-001  -2.703595477779379E-001
         421  -3.238635029512955E-001   2.703595477779379E-001
         422  -8.928728266497785E-002  -4.066854565999544E-001
         423  -8.928728266497785E-002   4.066854565999544E-001
         424  -2.182521370076740E-001  -3.666091844516551E-001
         425  -2.182521370076740E-001   3.666091844516551E-001
         426  -1.548980792005430E-001  -3.918450972821462E-001
         427  -1.548980792005430E-001   3.918450972821462E-001
         428   1.496777891970051E-001  -3.246188677665804E-001
         429   1.496777891970051E-001   3.246188677665804E-001
         430   1.746596252842158E-001  -2.970151022406956E-001
         431   1.746596252842158E-001   2.970151022406956E-001
         432  -3.424970044548718E-001  -2.054077058993193E-001
         433  -3.424970044548718E-001   2.054077058993193E-001
         434  -2.677632780633040E-001  -3.026702944692263E-001
         435  -2.677632780633040E-001   3.026702944692263E-001
         436   9.947052960578669E-002  -3.424277951389580E-001
         437   9.947052960578669E-002   3.424277951389580E-001
         438   1.257383196848619E-001  -3.161418632376731E-001
         439   1.257383196848619E-001   3.161418632376731E-001
         440   5.146048959045360E-002  -3.536022208586422E-001
         441   5.146048959045360E-002   3.536022208586422E-001
         442   7.473101162965984E-003  -3.573692747662055E-001
         443   7.473101162965984E-003   3.573692747662055E-001
         444   7.262603188202203E-002  -3.283703909162339E-001
         445   7.262603188202203E-002   3.283703909162339E-001
         446   2.263741298088355E-001   0.000000000000000E+000
         447   2.253128509116849E-001  -2.931180253925738E-002
         448   2.253128509116849E-001   2.931180253925738E-002
         449   2.216735943523005E-001  -5.768191576664746E-002
         450   2.216735943523005E-001   5.768191576664746E-002
         451   2.115133034249970E-001  -1.654063487513163E-002
         452   2.115133034249970E-001   1.654063487513163E-002
         453   2.108408442055658E-001  -4.816203630886547E-002
         454   2.108408442055658E-001   4.816203630886547E-002
         455   2.153529747842358E-001  -8.493851844532707E-002
         456   2.153529747842358E-001   8.493851844532707E-002
         457   2.068637104497437E-001  -7.853786311282410E-002
         458   2.068637104497437E-001   7.853786311282410E-002
         459   2.071537522375523E-001  -1.104023661148666E-001
         460   2.071537522375523E-001   1.104023661148666E-001
         461   1.990300324540552E-001  -1.087352392781370E-001
         462   1.990300324540552E-001   1.087352392781370E-001
         463   1.976825797941067E-001  -1.327524657200048E-001
         464   1.976825797941067E-001   1.327524657200048E-001
         465   1.872224036996877E-001  -1.380615588833663E-001
         466   1.872224036996877E-001   1.380615588833663E-001
         467   1.826084460327937E-001  -1.524584756507202E-001
         468   1.826084460327937E-001   1.524584756507202E-001
         469   1.734557413758649E-001  -1.644715408137738E-001
         470   1.734557413758649E-001   1.644715408137738E-001
         471   1.623755088575828E-001  -1.728434800466367E-001
         472   1.623755088575828E-001   1.728434800466367E-001
         473   1.561072095999161E-001  -1.858633380505992E-001
         474   1.561072095999161E-001   1.858633380505992E-001
         475   1.720699113463517E-002  -3.341845026145263E-001
         476   1.720699113463517E-002   3.341845026145263E-001
         477   1.405245186479099E-001  -1.932833571651235E-001
         478   1.405245186479099E-001   1.932833571651235E-001
         479   1.319197318801196E-001  -2.036863884467759E-001
         480   1.319197318801196E-001   2.036863884467759E-001
         481  -3.457833072305915E-002  -3.533002511767698E-001
         482  -3.457833072305915E-002   3.533002511767698E-001
         483  -2.963792338401758E-001  -2.312461862573583E-001
         484  -2.963792338401758E-001   2.312461862573583E-001
         485   1.168519627861391E-001  -2.119695182437880E-001
         486   1.168519627861391E-001   2.119695182437880E-001
         487   1.023737145423229E-001  -2.200987976181397E-001
         488   1.023737145423229E-001   2.200987976181397E-001
         489   9.156413826264703E-002  -2.295353930842567E-001
         490   9.156413826264703E-002   2.295353930842567E-001
         491   6.966414760862028E-002  -2.331909657995480E-001
         492   6.966414760862028E-002   2.331909657995480E-001
         493   6.599130680839396E-002  -2.464324407470739E-001
         494   6.599130680839396E-002   2.464324407470739E-001
         495  -2.147636770313133E-001  -3.204117985696924E-001
         496  -2.147636770313133E-001   3.204117985696924E-001
         497  -3.819765994886254E-002  -3.314710029645509E-001
         498  -3.819765994886254E-002   3.314710029645509E-001
         499  -7.864459835194274E-002  -3.434430053317453E-001
         500  -7.864459835194274E-002   3.434430053317453E-001
         501   3.872136776511125E-002  -2.624531421805261E-001
         502   3.872136776511125E-002   2.624531421805261E-001
         503   3.622848415859959E-002  -2.422713725667112E-001
         504   3.622848415859959E-002   2.422713725667112E-001
         505   9.456916679780603E-003  -2.772129596190207E-001
         506   9.456916679780603E-003   2.772129596190207E-001
         507  -2.230137070191803E-002  -2.911633912301152E-001
         508  -2.230137070191803E-002   2.911633912301152E-001
         509   1.527368142043364E-003  -2.480391754519535E-001
         510   1.527368142043364E-003   2.480391754519535E-001
         511  -5.679783701440722E-002  -3.042341888482908E-001
         512  -5.679783701440722E-002   3.042341888482908E-001
         513  -1.664662267975083E-001  -3.282111443052894E-001
         514  -1.664662267975083E-001   3.282111443052894E-001
         515  -1.222060762590556E-001  -3.320723895015407E-001
         516  -1.222060762590556E-001   3.320723895015407E-001
         517  -9.016342316928691E-002  -3.214187597977856E-001
         518  -9.016342316928691E-002   3.214187597977856E-001
         519  -9.249769742593519E-002  -3.153795765879573E-001
         520  -9.249769742593519E-002   3.153795765879573E-001
         521  -1.340578604494495E-001  -3.201699342444580E-001
         522  -1.340578604494495E-001   3.201699342444580E-001
         523  -3.480667057694153E-002  -2.495397918220435E-001
         524  -3.480667057694153E-002   2.495397918220435E-001
         525  -1.330431021390659E-001  -3.042465281271051E-001
         526  -1.330431021390659E-001   3.042465281271051E-001
         527  -1.797997755855442E-001  -3.043225212372734E-001
         528  -1.797997755855442E-001   3.043225212372734E-001
         529  -2.246197076892397E-001  -2.785582194393204E-001
         530  -2.246197076892397E-001   2.785582194393204E-001
         531  -1.694159374400771E-001  -2.819093040638574E-001
         532  -1.694159374400771E-001   2.819093040638574E-001
         533  -7.208142590941638E-002  -2.460690477747438E-001
         534  -7.208142590941638E-002   2.460690477747438E-001
         535  -2.029828182981143E-001  -2.503086248679475E-001
         536  -2.029828182981143E-001   2.503086248679475E-001
         537  -1.093769162197926E-001  -2.374021342092364E-001
         538  -1.093769162197926E-001   2.374021342092364E-001
         539  -1.457268495137856E-001  -2.238755695365616E-001
         540  -1.457268495137856E-001   2.238755695365616E-001
         541  -2.344192118049765E-001  -2.100272744960859E-001
         542  -2.344192118049765E-001   2.100272744960859E-001
         543  -1.804997207795093E-001  -2.067314506753145E-001
         544  -1.804997207795093E-001   2.067314506753145E-001
         545  -2.125447001511411E-001  -1.871359901329706E-001
         546  -2.125447001511411E-001   1.871359901329706E-001
         547  -2.574965808150436E-001  -1.638623777183595E-001
         548  -2.574965808150436E-001   1.638623777183595E-001
         549  -2.379538172083712E-001  -1.610438184263918E-001
         550  -2.379538172083712E-001   1.610438184263918E-001
         551  -2.586761338875125E-001  -1.255657891085584E-001
         552  -2.586761338875125E-001   1.255657891085584E-001
         553  -2.749187240554111E-001  -1.160725408908698E-001
         554  -2.749187240554111E-001   1.160725408908698E-001
         555  -2.745495130081878E-001  -8.553361214493427E-002
         556  -2.745495130081878E-001   8.553361214493427E-002
         557  -2.883638779241703E-001  -6.860284546177904E-002
         558  -2.883638779241703E-001   6.860284546177904E-002
         559  -2.841890907190849E-001  -4.323255870149814E-002
         560  -2.841890907190849E-001   4.323255870149814E-002
         561  -2.958498685453560E-001  -2.266631501466182E-002
         562  -2.958498685453560E-001   2.266631501466182E-002
         563  -2.873986984898083E-001   0.000000000000000E+000
         564   1.585251400669649E-001   0.000000000000000E+000
         565  -1.677327568165613E-001   0.000000000000000E+000
         566   7.745313032903833E-004   0.000000000000000E+000
         567  -3.786178603548847E-004  -7.379685314192066E-004
         568  -3.786178603548847E-004   7.379685314192066E-004
         569  -5.970785982709966E-003   0.000000000000000E+000
         570  -3.109225145738609E-002  -2.784256854441639E-002
         571  -3.109225145738609E-002   2.784256854441639E-002
         572  -6.227770577854040E-002   0.000000000000000E+000



           - AUTOVALORES DIFERENTES E REAIS e positivos - 
          REAL
           1   7.745313032903833E-004
           2   1.585251400669649E-001
           3   2.263741298088355E-001
           4   4.721350423314848E-001
           5   5.137806684474108E-001
           6   9.375684274937897E-001
           7        2.074267803463122
