 ************************************************************************************************************************
                         Exem


data

  number of boundary elements= 80

  number of functional nodes= 84

  number of internal source points where the funct. is calculated= 80




  coordinates of the source points of the boundary el ements

    point          x                  y
        1       .0000000E+00       .0000000E+00
        2       .5000000E-01       .0000000E+00
        3       .1000000E+00       .0000000E+00
        4       .1500000E+00       .0000000E+00
        5       .2000000E+00       .0000000E+00
        6       .2500000E+00       .0000000E+00
        7       .3000000E+00       .0000000E+00
        8       .3500000E+00       .0000000E+00
        9       .4000000E+00       .0000000E+00
       10       .4500000E+00       .0000000E+00
       11       .5000000E+00       .0000000E+00
       12       .5500000E+00       .0000000E+00
       13       .6000000E+00       .0000000E+00
       14       .6500000E+00       .0000000E+00
       15       .7000000E+00       .0000000E+00
       16       .7500000E+00       .0000000E+00
       17       .8000000E+00       .0000000E+00
       18       .8500000E+00       .0000000E+00
       19       .9000000E+00       .0000000E+00
       20       .9500000E+00       .0000000E+00
       21       .1000000E+01       .0000000E+00
       22       .1000000E+01       .0000000E+00
       23       .1000000E+01       .5000000E-01
       24       .1000000E+01       .1000000E+00
       25       .1000000E+01       .1500000E+00
       26       .1000000E+01       .2000000E+00
       27       .1000000E+01       .2500000E+00
       28       .1000000E+01       .3000000E+00
       29       .1000000E+01       .3500000E+00
       30       .1000000E+01       .4000000E+00
       31       .1000000E+01       .4500000E+00
       32       .1000000E+01       .5000000E+00
       33       .1000000E+01       .5500000E+00
       34       .1000000E+01       .6000000E+00
       35       .1000000E+01       .6500000E+00
       36       .1000000E+01       .7000000E+00
       37       .1000000E+01       .7500000E+00
       38       .1000000E+01       .8000000E+00
       39       .1000000E+01       .8500000E+00
       40       .1000000E+01       .9000000E+00
       41       .1000000E+01       .9500000E+00
       42       .1000000E+01       .1000000E+01
       43       .1000000E+01       .1000000E+01
       44       .9500000E+00       .1000000E+01
       45       .9000000E+00       .1000000E+01
       46       .8500000E+00       .1000000E+01
       47       .8000000E+00       .1000000E+01
       48       .7500000E+00       .1000000E+01
       49       .7000000E+00       .1000000E+01
       50       .6500000E+00       .1000000E+01
       51       .6000000E+00       .1000000E+01
       52       .5500000E+00       .1000000E+01
       53       .5000000E+00       .1000000E+01
       54       .4500000E+00       .1000000E+01
       55       .4000000E+00       .1000000E+01
       56       .3500000E+00       .1000000E+01
       57       .3000000E+00       .1000000E+01
       58       .2500000E+00       .1000000E+01
       59       .2000000E+00       .1000000E+01
       60       .1500000E+00       .1000000E+01
       61       .1000000E+00       .1000000E+01
       62       .5000000E-01       .1000000E+01
       63       .0000000E+00       .1000000E+01
       64       .0000000E+00       .1000000E+01
       65       .0000000E+00       .9500000E+00
       66       .0000000E+00       .9000000E+00
       67       .0000000E+00       .8500000E+00
       68       .0000000E+00       .8000000E+00
       69       .0000000E+00       .7500000E+00
       70       .0000000E+00       .7000000E+00
       71       .0000000E+00       .6500000E+00
       72       .0000000E+00       .6000000E+00
       73       .0000000E+00       .5500000E+00
       74       .0000000E+00       .5000000E+00
       75       .0000000E+00       .4500000E+00
       76       .0000000E+00       .4000000E+00
       77       .0000000E+00       .3500000E+00
       78       .0000000E+00       .3000000E+00
       79       .0000000E+00       .2500000E+00
       80       .0000000E+00       .2000000E+00
       81       .0000000E+00       .1500000E+00
       82       .0000000E+00       .1000000E+00
       83       .0000000E+00       .5000000E-01
       84       .0000000E+00       .0000000E+00
       85       .1500000E+00       .1500000E+00
       86       .2500000E+00       .1500000E+00
       87       .3500000E+00       .1500000E+00
       88       .5000000E+00       .1500000E+00
       89       .6500000E+00       .1500000E+00
       90       .7500000E+00       .1500000E+00
       91       .8500000E+00       .1500000E+00
       92       .1500000E+00       .2500000E+00
       93       .2500000E+00       .2500000E+00
       94       .3500000E+00       .2500000E+00
       95       .5000000E+00       .2500000E+00
       96       .6500000E+00       .2500000E+00
       97       .7500000E+00       .2500000E+00
       98       .8500000E+00       .2500000E+00
       99       .1500000E+00       .3500000E+00
      100       .2500000E+00       .3500000E+00
      101       .3500000E+00       .3500000E+00
      102       .5000000E+00       .3500000E+00
      103       .6500000E+00       .3500000E+00
      104       .7500000E+00       .3500000E+00
      105       .8500000E+00       .3500000E+00
      106       .1500000E+00       .5000000E+00
      107       .2500000E+00       .5000000E+00
      108       .3500000E+00       .5000000E+00
      109       .6500000E+00       .5000000E+00
      110       .7500000E+00       .5000000E+00
      111       .8500000E+00       .5000000E+00
      112       .1500000E+00       .6500000E+00
      113       .2500000E+00       .6500000E+00
      114       .3500000E+00       .6500000E+00
      115       .5000000E+00       .6500000E+00
      116       .6500000E+00       .6500000E+00
      117       .7500000E+00       .6500000E+00
      118       .8500000E+00       .6500000E+00
      119       .1500000E+00       .7500000E+00
      120       .2500000E+00       .7500000E+00
      121       .3500000E+00       .7500000E+00
      122       .5000000E+00       .7500000E+00
      123       .6500000E+00       .7500000E+00
      124       .7500000E+00       .7500000E+00
      125       .8500000E+00       .7500000E+00
      126       .1500000E+00       .8500000E+00
      127       .2500000E+00       .8500000E+00
      128       .3500000E+00       .8500000E+00
      129       .5000000E+00       .8500000E+00
      130       .6500000E+00       .8500000E+00
      131       .7000000E+00       .8500000E+00
      132       .8500000E+00       .8500000E+00
      133       .9000000E-01       .9000000E-01
      134       .9000000E-01       .3000000E+00
      135       .9000000E-01       .7000000E+00
      136       .9000000E-01       .9100000E+00
      137       .3000000E+00       .9000000E-01
      138       .3000000E+00       .3000000E+00
      139       .3000000E+00       .7000000E+00
      140       .3000000E+00       .9100000E+00
      141       .7000000E+00       .9000000E-01
      142       .7000000E+00       .3000000E+00
      143       .7000000E+00       .7000000E+00
      144       .7000000E+00       .9100000E+00
      145       .9100000E+00       .9000000E-01
      146       .9100000E+00       .3000000E+00
      147       .9100000E+00       .7000000E+00
      148       .9100000E+00       .9100000E+00
      149       .2000000E+00       .2000000E+00
      150       .2000000E+00       .4200000E+00
      151       .2000000E+00       .5800000E+00
      152       .2000000E+00       .8000000E+00
      153       .4200000E+00       .2000000E+00
      154       .4200000E+00       .4200000E+00
      155       .4200000E+00       .5800000E+00
      156       .4200000E+00       .8000000E+00
      157       .5800000E+00       .2000000E+00
      158       .5800000E+00       .4200000E+00
      159       .5800000E+00       .5800000E+00
      160       .5800000E+00       .8000000E+00
      161       .8000000E+00       .2000000E+00
      162       .8000000E+00       .4200000E+00
      163       .8000000E+00       .5800000E+00
      164       .8000000E+00       .8000000E+00


  boundary conditions

     node      code     prescribed value
       1        1         84          .0000000E+00
       2        1          0          .0000000E+00
       3        1          0          .0000000E+00
       4        1          0          .0000000E+00
       5        1          0          .0000000E+00
       6        1          0          .0000000E+00
       7        1          0          .0000000E+00
       8        1          0          .0000000E+00
       9        1          0          .0000000E+00
      10        1          0          .0000000E+00
      11        1          0          .0000000E+00
      12        1          0          .0000000E+00
      13        1          0          .0000000E+00
      14        1          0          .0000000E+00
      15        1          0          .0000000E+00
      16        1          0          .0000000E+00
      17        1          0          .0000000E+00
      18        1          0          .0000000E+00
      19        1          0          .0000000E+00
      20        1          0          .0000000E+00
      21        1         22          .0000000E+00
      22        1         21          .0000000E+00
      23        1          0          .0000000E+00
      24        1          0          .0000000E+00
      25        1          0          .0000000E+00
      26        1          0          .0000000E+00
      27        1          0          .0000000E+00
      28        1          0          .0000000E+00
      29        1          0          .0000000E+00
      30        1          0          .0000000E+00
      31        1          0          .0000000E+00
      32        1          0          .0000000E+00
      33        1          0          .0000000E+00
      34        1          0          .0000000E+00
      35        1          0          .0000000E+00
      36        1          0          .0000000E+00
      37        1          0          .0000000E+00
      38        1          0          .0000000E+00
      39        1          0          .0000000E+00
      40        1          0          .0000000E+00
      41        1          0          .0000000E+00
      42        1         43          .0000000E+00
      43        1         42          .0000000E+00
      44        1          0          .0000000E+00
      45        1          0          .0000000E+00
      46        1          0          .0000000E+00
      47        1          0          .0000000E+00
      48        1          0          .0000000E+00
      49        1          0          .0000000E+00
      50        1          0          .0000000E+00
      51        1          0          .0000000E+00
      52        1          0          .0000000E+00
      53        1          0          .0000000E+00
      54        1          0          .0000000E+00
      55        1          0          .0000000E+00
      56        1          0          .0000000E+00
      57        1          0          .0000000E+00
      58        1          0          .0000000E+00
      59        1          0          .0000000E+00
      60        1          0          .0000000E+00
      61        1          0          .0000000E+00
      62        1          0          .0000000E+00
      63        1         64          .0000000E+00
      64        0         63          .0000000E+00
      65        0          0          .0000000E+00
      66        0          0          .0000000E+00
      67        0          0          .0000000E+00
      68        0          0          .0000000E+00
      69        0          0          .0000000E+00
      70        0          0          .0000000E+00
      71        0          0          .0000000E+00
      72        0          0          .0000000E+00
      73        0          0          .0000000E+00
      74        0          0          .0000000E+00
      75        0          0          .0000000E+00
      76        0          0          .0000000E+00
      77        0          0          .0000000E+00
      78        0          0          .0000000E+00
      79        0          0          .0000000E+00
      80        0          0          .0000000E+00
      81        0          0          .0000000E+00
      82        0          0          .0000000E+00
      83        0          0          .0000000E+00
      84        0          1          .0000000E+00


  incidence of geometric nodes

      first node      second node

       1          1       2
       2          2       3
       3          3       4
       4          4       5
       5          5       6
       6          6       7
       7          7       8
       8          8       9
       9          9      10
      10         10      11
      11         11      12
      12         12      13
      13         13      14
      14         14      15
      15         15      16
      16         16      17
      17         17      18
      18         18      19
      19         19      20
      20         20      21
      21         22      23
      22         23      24
      23         24      25
      24         25      26
      25         26      27
      26         27      28
      27         28      29
      28         29      30
      29         30      31
      30         31      32
      31         32      33
      32         33      34
      33         34      35
      34         35      36
      35         36      37
      36         37      38
      37         38      39
      38         39      40
      39         40      41
      40         41      42
      41         43      44
      42         44      45
      43         45      46
      44         46      47
      45         47      48
      46         48      49
      47         49      50
      48         50      51
      49         51      52
      50         52      53
      51         53      54
      52         54      55
      53         55      56
      54         56      57
      55         57      58
      56         58      59
      57         59      60
      58         60      61
      59         61      62
      60         62      63
      61         64      65
      62         65      66
      63         66      67
      64         67      68
      65         68      69
      66         69      70
      67         70      71
      68         71      72
      69         72      73
      70         73      74
      71         74      75
      72         75      76
      73         76      77
      74         77      78
      75         78      79
      76         79      80
      77         80      81
      78         81      82
      79         82      83
      80         83      84
 NOVAS COORDENADAS DOS NOS DUPLOS
      .0010      .0000
      .0500      .0000
      .1000      .0000
      .1500      .0000
      .2000      .0000
      .2500      .0000
      .3000      .0000
      .3500      .0000
      .4000      .0000
      .4500      .0000
      .5000      .0000
      .5500      .0000
      .6000      .0000
      .6500      .0000
      .7000      .0000
      .7500      .0000
      .8000      .0000
      .8500      .0000
      .9000      .0000
      .9500      .0000
      .9990      .0000
     1.0000      .0010
     1.0000      .0500
     1.0000      .1000
     1.0000      .1500
     1.0000      .2000
     1.0000      .2500
     1.0000      .3000
     1.0000      .3500
     1.0000      .4000
     1.0000      .4500
     1.0000      .5000
     1.0000      .5500
     1.0000      .6000
     1.0000      .6500
     1.0000      .7000
     1.0000      .7500
     1.0000      .8000
     1.0000      .8500
     1.0000      .9000
     1.0000      .9500
     1.0000      .9990
      .9990     1.0000
      .9500     1.0000
      .9000     1.0000
      .8500     1.0000
      .8000     1.0000
      .7500     1.0000
      .7000     1.0000
      .6500     1.0000
      .6000     1.0000
      .5500     1.0000
      .5000     1.0000
      .4500     1.0000
      .4000     1.0000
      .3500     1.0000
      .3000     1.0000
      .2500     1.0000
      .2000     1.0000
      .1500     1.0000
      .1000     1.0000
      .0500     1.0000
      .0010     1.0000
      .0000      .9990
      .0000      .9500
      .0000      .9000
      .0000      .8500
      .0000      .8000
      .0000      .7500
      .0000      .7000
      .0000      .6500
      .0000      .6000
      .0000      .5500
      .0000      .5000
      .0000      .4500
      .0000      .4000
      .0000      .3500
      .0000      .3000
      .0000      .2500
      .0000      .2000
      .0000      .1500
      .0000      .1000
      .0000      .0500
      .0000      .0010
   
 VALORES DE DFI  ************************************
      1   .0000
      2   .0000
      3   .0000
      4   .0000
      5   .0000
      6   .0000
      7   .0000
      8   .0000
      9   .0000
     10   .0000
     11   .0000
     12   .0000
     13   .0000
     14   .0000
     15   .0000
     16   .0000
     17   .0000
     18   .0000
     19   .0000
     20   .0000
     21   .0000
     22   .0000
     23   .0000
     24   .0000
     25   .0000
     26   .0000
     27   .0000
     28   .0000
     29   .0000
     30   .0000
     31   .0000
     32   .0000
     33   .0000
     34   .0000
     35   .0000
     36   .0000
     37   .0000
     38   .0000
     39   .0000
     40   .0000
     41   .0000
     42   .0000
     43   .0000
     44   .0000
     45   .0000
     46   .0000
     47   .0000
     48   .0000
     49   .0000
     50   .0000
     51   .0000
     52   .0000
     53   .0000
     54   .0000
     55   .0000
     56   .0000
     57   .0000
     58   .0000
     59   .0000
     60   .0000
     61   .0000
     62   .0000
     63   .0000
     64   .0000
     65   .0000
     66   .0000
     67   .0000
     68   .0000
     69   .0000
     70   .0000
     71   .0000
     72   .0000
     73   .0000
     74   .0000
     75   .0000
     76   .0000
     77   .0000
     78   .0000
     79   .0000
     80   .0000
     81   .0000
     82   .0000
     83   .0000
     84   .0000
     85   .0000
     86   .0000
     87   .0000
     88   .0000
     89   .0000
     90   .0000
     91   .0000
     92   .0000
     93   .0000
     94   .0000
     95   .0000
     96   .0000
     97   .0000
     98   .0000
     99   .0000
    100   .0000
    101   .0000
    102   .0000
    103   .0000
    104   .0000
    105   .0000
    106   .0000
    107   .0000
    108   .0000
    109   .0000
    110   .0000
    111   .0000
    112   .0000
    113   .0000
    114   .0000
    115   .0000
    116   .0000
    117   .0000
    118   .0000
    119   .0000
    120   .0000
    121   .0000
    122   .0000
    123   .0000
    124   .0000
    125   .0000
    126   .0000
    127   .0000
    128   .0000
    129   .0000
    130   .0000
    131   .0000
    132   .0000
    133   .0000
    134   .0000
    135   .0000
    136   .0000
    137   .0000
    138   .0000
    139   .0000
    140   .0000
    141   .0000
    142   .0000
    143   .0000
    144   .0000
    145   .0000
    146   .0000
    147   .0000
    148   .0000
    149   .0000
    150   .0000
    151   .0000
    152   .0000
    153   .0000
    154   .0000
    155   .0000
    156   .0000
    157   .0000
    158   .0000
    159   .0000
    160   .0000
    161   .0000
    162   .0000
    163   .0000
    164   .0000
   
 VALORES DE WR_POS ORIGINAIS ************************
      1 238.44184
      2 238.44184
      3    .00000
      4    .00000
      5    .00000
      6    .00000
      7    .00000
      8    .00000
      9    .00000
     10    .00000
     11    .00000
     12    .00000
     13    .00000
     14    .00000
     15    .00000
     16    .00000
     17    .00000
     18    .00000
     19    .00000
     20    .00000
     21    .00000
     22    .00000
     23    .00000
     24    .00000
     25    .00000
     26    .00000
     27    .00000
     28    .00000
     29    .00000
     30    .00000
     31    .00000
     32    .00000
     33    .00000
     34    .00000
     35    .00000
     36    .00000
     37    .00000
     38    .00000
     39    .00000
     40    .00000
     41    .00000
     42    .00000
     43    .00000
     44    .00000
     45    .00000
     46    .00000
     47    .00000
     48    .00000
     49    .00000
     50    .00000
     51    .00000
     52    .00000
     53    .00000
     54    .00000
     55    .00000
     56    .00000
     57    .00000
     58    .00000
     59    .00000
     60    .00000
     61    .00000
     62    .00000
     63    .00000
     64    .00000
     65    .00000
     66    .00000
     67    .00000
     68    .00000
     69    .00000
     70    .00000
     71    .00000
     72    .00000
     73    .00000
     74    .00000
     75    .00000
     76    .00000
     77    .00000
     78    .00000
     79    .00000
     80    .00000
     81    .00000
     82    .00000
     83    .00000
     84    .00000
     85    .00000
     86    .00000
     87    .00000
     88    .00000
     89    .00000
     90    .00000
     91    .00000
     92    .00000
     93    .00000
     94    .00000
     95    .00000
     96    .00000
     97    .00000
     98    .00000
     99    .00000
    100    .00000
    101    .00000
    102    .00000
    103    .00000
    104    .00000
    105    .00000
    106    .00000
    107    .00000
    108    .00000
    109    .00000
    110    .00000
    111    .00000
    112    .00000
    113    .00000
    114    .00000
    115    .00000
    116    .00000
    117    .00000
    118    .00000
    119    .00000
    120    .00000
    121    .00000
    122    .00000
    123    .00000
    124    .00000
    125    .00000
    126    .00000
    127    .00000
    128    .00000
    129    .00000
    130    .00000
    131    .00000
    132    .00000
    133    .00000
    134    .00000
    135    .00000
    136    .00000
    137    .00000
    138    .00000
    139    .00000
    140    .00000
    141    .00000
    142    .00000
    143    .00000
    144    .00000
    145    .00000
    146    .00000
    147    .00000
    148    .00000
    149    .00000
    150    .00000
    151    .00000
    152    .00000
    153    .00000
    154    .00000
    155    .00000
    156    .00000
    157    .00000
    158    .00000
    159    .00000
    160    .00000
    161    .00000
    162    .00000
    163    .00000
    164    .00000
    165    .00000
    166    .00000
    167    .00000
    168    .00000
    169    .00000
    170    .00000
    171    .00000
    172    .00000
    173    .00000
    174    .00000
    175    .00000
    176    .00000
    177    .00000
    178    .00000
    179    .00000
    180    .00000
    181    .00000
    182    .00000
    183    .00000
    184    .00000
    185    .00000
    186    .00000
    187    .00000
    188    .00000
    189    .00000
    190    .00000
    191    .00000
    192    .00000
    193    .00000
    194    .00000
    195    .00000
    196    .00000
    197    .00000
    198    .00000
    199    .00000
    200    .00000
    201    .00000
    202    .00000
    203    .00000
    204    .00000
    205    .00000
    206    .00000
    207    .00000
    208    .00000
    209    .00000
    210    .00000
    211    .00000
    212    .00000
    213    .00000
    214    .00000
    215    .00000
    216    .00000
    217    .00000
    218    .00000
    219    .00000
    220    .00000
    221    .00000
    222    .00000
    223    .00000
    224    .00000
    225    .00000
    226    .00000
    227    .00000
    228    .00000
    229    .00000
    230    .00000
    231    .00000
    232    .00000
    233    .00000
    234    .00000
    235    .00000
    236    .00000
    237    .00000
    238    .00000
    239    .00000
    240    .00000
    241    .00000
    242    .00000
    243    .00000
    244    .00000
    245    .00000
    246    .00000
    247    .00000
    248    .00000
    249    .00000
    250    .00000
    251    .00000
    252    .00000
    253    .00000
    254    .00000
    255    .00000
    256    .00000
    257    .00000
    258    .00000
    259    .00000
    260    .00000
    261    .00000
    262    .00000
    263    .00000
    264    .00000
    265    .00000
    266    .00000
    267    .00000
    268    .00000
    269    .00000
    270    .00000
    271    .00000
    272    .00000
    273    .00000
    274    .00000
    275    .00000
    276    .00000
    277    .00000
    278    .00000
    279    .00000
    280    .00000
    281    .00000
    282    .00000
    283    .00000
    284    .00000
    285    .00000
    286    .00000
    287    .00000
    288    .00000
    289    .00000
    290    .00000
    291    .00000
    292    .00000
    293    .00000
    294    .00000
    295    .00000
    296    .00000
    297    .00000
    298    .00000
    299    .00000
    300    .00000
    301    .00000
    302    .00000
    303    .00000
    304    .00000
    305    .00000
    306    .00000
    307    .00000
    308    .00000
    309    .00000
    310    .00000
    311    .00000
    312    .00000
    313    .00000
    314    .00000
    315    .00000
    316    .00000
    317    .00000
    318    .00000
    319    .00000
    320    .00000
    321    .00000
    322    .00000
    323    .00000
    324    .00000
    325    .00000
    326    .00000
    327    .00000
    328    .00000
    329    .00000
    330    .00000
    331    .00000
    332    .00000
    333    .00000
    334    .00000
    335    .00000
    336    .00000
    337    .00000
    338    .00000
    339    .00000
    340    .00000
    341    .00000
    342    .00000
    343    .00000
    344    .00000
    345    .00000
    346    .00000
    347    .00000
    348    .00000
    349    .00000
    350    .00000
    351    .00000
    352    .00000
    353    .00000
    354    .00000
    355    .00000
    356    .00000
    357    .00000
    358    .00000
    359    .00000
    360    .00000
    361    .00000
    362    .00000
    363    .00000
    364    .00000
    365    .00000
    366    .00000
    367    .00000
    368    .00000
    369    .00000
    370    .00000
    371    .00000
    372    .00000
    373    .00000
    374    .00000
    375    .00000
    376    .00000
    377    .00000
    378    .00000
    379    .00000
    380    .00000
    381    .00000
    382    .00000
    383    .00000
    384    .00000
    385    .00000
    386    .00000
    387    .00000
    388    .00000
    389    .00000
    390    .00000
    391    .00000
    392    .00000
    393    .00000
    394    .00000
    395    .00000
    396    .00000
    397    .00000
    398    .00000
    399    .00000
    400    .00000
    401    .00000
    402    .00000
    403    .00000
    404    .00000
    405    .00000
    406    .00000
    407    .00000
    408    .00000
    409    .00000
    410    .00000
    411    .00000
    412    .00000
    413    .00000
    414    .00000
    415    .00000
    416    .00000
    417    .00000
    418    .00000
    419    .00000
    420    .00000
    421    .00000
    422    .00000
    423    .00000
    424    .00000
    425    .00000
    426    .00000
    427    .00000
    428    .00000
    429    .00000
    430    .00000
    431    .00000
    432    .00000
    433    .00000
    434    .00000
    435    .00000
    436    .00000
    437    .00000
    438    .00000
    439    .00000
    440    .00000
    441    .00000
    442    .00000
    443    .00000
    444    .00000
    445    .00000
    446    .00000
    447    .00000
    448    .00000
    449    .00000
    450    .00000
    451    .00000
    452    .00000
    453    .00000
    454    .00000
    455    .00000
    456    .00000
    457    .00000
    458    .00000
    459    .00000
    460    .00000
    461    .00000
    462    .00000
    463    .00000
    464    .00000
    465    .00000
    466    .00000
    467    .00000
    468    .00000
    469    .00000
    470    .00000
    471    .00000
    472    .00000
    473    .00000
    474    .00000
    475    .00000
    476    .00000
    477    .00000
    478    .00000
    479    .00000
    480    .00000
    481    .00000
    482    .00000
    483    .00000
    484    .00000
    485    .00000
    486    .00000
    487    .00000
    488    .00000
    489    .00000
    490    .00000
    491    .00000
    492    .00000
    493    .00000
    494    .00000
    495    .00000
    496    .00000
    497    .00000
    498    .00000
    499    .00000
    500    .00000
    501    .00000
    502    .00000
    503    .00000
    504    .00000
    505    .00000
    506    .00000
    507    .00000
    508    .00000
    509    .00000
    510    .00000
    511    .00000
    512    .00000
    513    .00000
    514    .00000
    515    .00000
    516    .00000
    517    .00000
    518    .00000
    519    .00000
    520    .00000
    521    .00000
    522    .00000
    523    .00000
    524    .00000
    525    .00000
    526    .00000
    527    .00000
    528    .00000
    529    .00000
    530    .00000
    531    .00000
    532    .00000
    533    .00000
    534    .00000
    535    .00000
    536    .00000
    537    .00000
    538    .00000
    539    .00000
    540    .00000
    541    .00000
    542    .00000
    543    .00000
    544    .00000
    545    .00000
    546    .00000
    547    .00000
    548    .00000
    549    .00000
    550    .00000
    551    .00000
    552    .00000
    553    .00000
    554    .00000
    555    .00000
    556    .00000
    557    .00000
    558    .00000
    559    .00000
    560    .00000
    561    .00000
    562    .00000
    563    .00000
    564    .00000
    565    .00000
    566    .00000
    567    .00000
    568    .00000
    569    .00000
    570    .00000
    571    .00000
    572    .00000
   
 VALORES DE WRA  ************************************
 WRA ORIGINAL POSSUIA         572 NUM., REDUZIDO PARA         264 NUM.
      1    .06476
      2   3.92958
      3    .50446
      4   1.40795
      5    .84277
      6   1.08930
      7    .95813
      8   1.02161
      9    .98937
     10   1.00536
     11    .99733
     12   1.00134
     13    .99933
     14   1.00033
     15    .99983
     16   1.00008
     17    .99996
     18   1.00002
     19    .99999
     20   1.00001
     21   1.00000
     22   1.00000
     23   1.00000
     24   1.00000
     25   1.00000
     26   1.00000
     27   1.00000
     28   1.00000
     29   1.00000
     30   1.00000
     31   1.00000
     32   1.00000
     33   1.00000
     34   1.00000
     35   1.00000
     36   1.00000
     37   1.00000
     38   1.00000
     39   1.00000
     40   1.00000
     41   1.00000
     42   1.00000
     43   1.00000
     44   1.00000
     45   1.00000
     46   1.00000
     47   1.00000
     48   1.00000
     49   1.00000
     50   1.00000
     51   1.00000
     52   1.00000
     53   1.00000
     54   1.00000
     55   1.00000
     56   1.00000
     57   1.00000
     58   1.00000
     59   1.00000
     60   1.00000
     61   1.00000
     62   1.00000
     63   1.00000
     64   1.00000
     65   1.00000
     66   1.00000
     67   1.00000
     68   1.00000
     69   1.00000
     70   1.00000
     71   1.00000
     72   1.00000
     73   1.00000
     74   1.00000
     75   1.00000
     76   1.00000
     77   1.00000
     78   1.00000
     79   1.00000
     80   1.00000
     81   1.00000
     82   1.00000
     83   1.00000
     84   1.00000
     85   1.00000
     86   1.00000
     87   1.00000
     88   1.00000
     89   1.00000
     90   1.00000
     91   1.00000
     92   1.00000
     93   1.00000
     94   1.00000
     95   1.00000
     96   1.00000
     97   1.00000
     98   1.00000
     99   1.00000
    100   1.00000
    101   1.00000
    102   1.00000
    103   1.00000
    104   1.00000
    105   1.00000
    106   1.00000
    107   1.00000
    108   1.00000
    109   1.00000
    110   1.00000
    111   1.00000
    112   1.00000
    113   1.00000
    114   1.00000
    115   1.00000
    116   1.00000
    117   1.00000
    118   1.00000
    119   1.00000
    120   1.00000
    121   1.00000
    122   1.00000
    123   1.00000
    124   1.00000
    125   1.00000
    126   1.00000
    127   1.00000
    128   1.00000
    129   1.00000
    130   1.00000
    131   1.00000
    132   1.00000
    133   1.00000
    134   1.00000
    135   1.00000
    136   1.00000
    137   1.00000
    138   1.00000
    139   1.00000
    140   1.00000
    141   1.00000
    142   1.00000
    143   1.00000
    144   1.00000
    145   1.00000
    146   1.00000
    147   1.00000
    148   1.00000
    149   1.00000
    150   1.00000
    151   1.00000
    152   1.00000
    153   1.00000
    154   1.00000
    155   1.00000
    156   1.00000
    157   1.00000
    158   1.00000
    159   1.00000
    160   1.00000
    161   1.00000
    162   1.00000
    163   1.00000
    164   1.00000
    165   1.00000
    166   1.00000
    167   1.00000
    168   1.00000
    169   1.00000
    170   1.00000
    171   1.00000
    172   1.00000
    173   1.00000
    174   1.00000
    175   1.00000
    176   1.00000
    177   1.00000
    178   1.00000
    179   1.00000
    180   1.00000
    181   1.00000
    182   1.00000
    183   1.00000
    184   1.00000
    185   1.00000
    186   1.00000
    187   1.00000
    188   1.00000
    189   1.00000
    190   1.00000
    191   1.00000
    192   1.00000
    193   1.00000
    194   1.00000
    195   1.00000
    196   1.00000
    197   1.00000
    198   1.00000
    199   1.00000
    200   1.00000
    201   1.00000
    202   1.00000
    203   1.00000
    204   1.00000
    205   1.00000
    206   1.00000
    207   1.00000
    208   1.00000
    209   1.00000
    210   1.00000
    211   1.00000
    212   1.00000
    213   1.00000
    214   1.00000
    215   1.00000
    216   1.00000
    217   1.00000
    218   1.00000
    219   1.00000
    220   1.00000
    221   1.00000
    222   1.00000
    223   1.00000
    224   1.00000
    225   1.00000
    226   1.00000
    227   1.00000
    228   1.00000
    229   1.00000
    230   1.00000
    231   1.00000
    232   1.00000
    233   1.00000
    234   1.00000
    235   1.00000
    236   1.00000
    237   1.00000
    238   1.00000
    239   1.00000
    240   1.00000
    241   1.00000
    242   1.00000
    243   1.00000
    244   1.00000
    245   1.00000
    246   1.00000
    247   1.00000
    248   1.00000
    249   1.00000
    250   1.00000
    251   1.00000
    252   1.00000
    253   1.00000
    254   1.00000
    255   1.00000
    256   1.00000
    257   1.00000
    258   1.00000
    259   1.00000
    260   1.00000
    261   1.00000
    262   1.00000
    263   1.00000
    264   1.00000



           - AUTOVALORES - 
          REAL     IMAGINARIO
           1      238.441837072483600     -733.455455269692500
           2      238.441837072483600      733.455455269692500
           3     -623.788486159993300     -453.300399088675900
           4     -623.788486159993300      453.300399088675900
           5      771.329480039839600   0.000000000000000E+000
           6        5.269645381544709   0.000000000000000E+000
           7        5.241220779691937   0.000000000000000E+000
           8        5.129389198869074  -7.422300341960159E-001
           9        5.129389198869074   7.422300341960159E-001
          10        5.094766765952122  -7.337780318057197E-001
          11        5.094766765952122   7.337780318057197E-001
          12        4.921578257648136       -1.308303887537611
          13        4.921578257648136        1.308303887537611
          14        4.840820539473169       -1.373132963747111
          15        4.840820539473169        1.373132963747111
          16        4.639650164827751       -1.868284403255243
          17        4.639650164827751        1.868284403255243
          18        4.523725563359226       -1.927776468531586
          19        4.523725563359226        1.927776468531586
          20        4.282191285378754       -2.386203600632976
          21        4.282191285378754        2.386203600632976
          22        4.110297138261568       -2.405082990199874
          23        4.110297138261568        2.405082990199874
          24        3.855460987434861       -2.841556759791893
          25        3.855460987434861        2.841556759791893
          26        3.583171687855214       -3.040356129801839
          27        3.583171687855214        3.040356129801839
          28        3.162762221444354       -3.490468020631166
          29        3.162762221444354        3.490468020631166
          30        3.361934541441590       -3.196278372226376
          31        3.361934541441590        3.196278372226376
          32        3.728320840393357       -2.571319010241453
          33        3.728320840393357        2.571319010241453
          34        2.666857864498106       -3.843958210473873
          35        2.666857864498106        3.843958210473873
          36        2.081827786938544       -4.113399536568638
          37        2.081827786938544        4.113399536568638
          38        2.121565674260186       -4.085173373920150
          39        2.121565674260186        4.085173373920150
          40        2.610876869027233       -3.729989787396183
          41        2.610876869027233        3.729989787396183
          42        2.935896292088891       -3.376192983507335
          43        2.935896292088891        3.376192983507335
          44        1.549480652751871       -4.265406532572320
          45        1.549480652751871        4.265406532572320
          46        1.405964905504352       -4.294269855710472
          47        1.405964905504352        4.294269855710472
          48   9.428438472978955E-001       -4.334603229782240
          49   9.428438472978955E-001        4.334603229782240
          50   8.123237335701201E-001       -4.313057510675655
          51   8.123237335701201E-001        4.313057510675655
          52   3.094703679617044E-001       -4.339486295165751
          53   3.094703679617044E-001        4.339486295165751
          54  -2.663891342614490E-001       -4.289625508305959
          55  -2.663891342614490E-001        4.289625508305959
          56   3.000429086090302E-001       -4.214999164106905
          57   3.000429086090302E-001        4.214999164106905
          58  -8.210742291673008E-001       -4.166176915207118
          59  -8.210742291673008E-001        4.166176915207118
          60       -1.363235659824450       -3.968276838299317
          61       -1.363235659824450        3.968276838299317
          62       -1.880053958019146       -3.684459878750318
          63       -1.880053958019146        3.684459878750318
          64  -1.958359141473030E-001       -4.004538544643398
          65  -1.958359141473030E-001        4.004538544643398
          66       -2.347785497328357       -3.313392847458412
          67       -2.347785497328357        3.313392847458412
          68       -3.804856717477460       -1.354863455554037
          69       -3.804856717477460        1.354863455554037
          70       -3.999862779351326  -9.930657750712175E-002
          71       -3.999862779351326   9.930657750712175E-002
          72       -3.942786980627067  -7.087601394800037E-001
          73       -3.942786980627067   7.087601394800037E-001
          74       -3.960041364742346  -4.945323273789279E-001
          75       -3.960041364742346   4.945323273789279E-001
          76       -3.822104905485332       -1.076351167249116
          77       -3.822104905485332        1.076351167249116
          78       -3.591854786156055       -1.633480538463044
          79       -3.591854786156055        1.633480538463044
          80       -3.391910965552665       -2.013305416961559
          81       -3.391910965552665        2.013305416961559
          82       -2.732949361669438       -2.858441810078042
          83       -2.732949361669438        2.858441810078042
          84       -3.256391361335925       -2.122552152641891
          85       -3.256391361335925        2.122552152641891
          86       -2.928429138454958       -2.494380858681864
          87       -2.928429138454958        2.494380858681864
          88  -6.422180332636454E-001       -3.753795368739105
          89  -6.422180332636454E-001        3.753795368739105
          90       -2.963674624867213       -2.388873111467420
          91       -2.963674624867213        2.388873111467420
          92       -2.450163377451809       -2.843619496034068
          93       -2.450163377451809        2.843619496034068
          94       -1.159895349349755       -3.455147158011736
          95       -1.159895349349755        3.455147158011736
          96       -1.885431132218008       -3.101318949825219
          97       -1.885431132218008        3.101318949825219
          98       -1.488158866193370       -3.067695026608303
          99       -1.488158866193370        3.067695026608303
         100   9.600248285158111E-001       -3.255097160917049
         101   9.600248285158111E-001        3.255097160917049
         102   4.078678282598154E-001       -3.375507307838450
         103   4.078678282598154E-001        3.375507307838450
         104        1.449752634083226       -3.011544711085785
         105        1.449752634083226        3.011544711085785
         106  -1.326130202208792E-001       -3.371437537618112
         107  -1.326130202208792E-001        3.371437537618112
         108        1.861118144024216       -2.702952755689127
         109        1.861118144024216        2.702952755689127
         110  -6.198031995999125E-001       -3.292213683521186
         111  -6.198031995999125E-001        3.292213683521186
         112        2.203207815191352       -2.347347497654044
         113        2.203207815191352        2.347347497654044
         114        2.473986352706552       -1.954776435876138
         115        2.473986352706552        1.954776435876138
         116  -8.820745786442273E-001       -3.132620455782411
         117  -8.820745786442273E-001        3.132620455782411
         118        2.668721375460149       -1.538627972214810
         119        2.668721375460149        1.538627972214810
         120        2.786125918877896       -1.117550678901774
         121        2.786125918877896        1.117550678901774
         122        2.839673975385141  -7.107209206445699E-001
         123        2.839673975385141   7.107209206445699E-001
         124        2.563565975934778       -1.186756843151221
         125        2.563565975934778        1.186756843151221
         126        2.847115120748059  -3.081593112811543E-001
         127        2.847115120748059   3.081593112811543E-001
         128        2.695375447498241  -8.034175788218410E-001
         129        2.695375447498241   8.034175788218410E-001
         130        2.799680233333860  -6.784134441718082E-002
         131        2.799680233333860   6.784134441718082E-002
         132        2.766151926816930  -4.316367097557263E-001
         133        2.766151926816930   4.316367097557263E-001
         134       -1.071734016643573       -2.819971054909654
         135       -1.071734016643573        2.819971054909654
         136        2.054400361085954       -1.891325247305366
         137        2.054400361085954        1.891325247305366
         138        1.722892933436103       -2.229478840153877
         139        1.722892933436103        2.229478840153877
         140        1.384251373170655       -2.493488190783582
         141        1.384251373170655        2.493488190783582
         142        1.016880130166760       -2.682001014424630
         143        1.016880130166760        2.682001014424630
         144   6.354663961001719E-001       -2.796603863195862
         145   6.354663961001719E-001        2.796603863195862
         146  -7.896610007119631E-001       -2.814069504436495
         147  -7.896610007119631E-001        2.814069504436495
         148       -1.147767667475603       -2.691494583246131
         149       -1.147767667475603        2.691494583246131
         150  -4.188940765073607E-001       -2.865501815523103
         151  -4.188940765073607E-001        2.865501815523103
         152   2.679525108287885E-001       -2.841631049954800
         153   2.679525108287885E-001        2.841631049954800
         154  -6.700597727222252E-002       -2.859062430068772
         155  -6.700597727222252E-002        2.859062430068772
         156       -1.480472679961117       -2.493832930303943
         157       -1.480472679961117        2.493832930303943
         158       -1.770116909847349       -2.237140644062871
         159       -1.770116909847349        2.237140644062871
         160       -1.257855121600777       -2.548700603759727
         161       -1.257855121600777        2.548700603759727
         162        2.530968890909108  -4.828522291065775E-001
         163        2.530968890909108   4.828522291065775E-001
         164        2.384021404634434  -8.888384929315489E-001
         165        2.384021404634434   8.888384929315489E-001
         166       -2.168963949028018       -1.589017884835904
         167       -2.168963949028018        1.589017884835904
         168        2.185754343256172       -1.244273752621299
         169        2.185754343256172        1.244273752621299
         170        1.946223382712573       -1.550574258307328
         171        1.946223382712573        1.550574258307328
         172        1.752471614391935       -1.780818135896563
         173        1.752471614391935        1.780818135896563
         174       -1.440429809090914       -2.235268679393425
         175       -1.440429809090914        2.235268679393425
         176       -2.255551173615375       -1.220813272335715
         177       -2.255551173615375        1.220813272335715
         178        2.316957161227536   0.000000000000000E+000
         179        1.538065061816780       -1.793219415987353
         180        1.538065061816780        1.793219415987353
         181   3.116462904752679E-001       -2.409597470513516
         182   3.116462904752679E-001        2.409597470513516
         183  -7.494159428837904E-002       -2.446246035734518
         184  -7.494159428837904E-002        2.446246035734518
         185   6.719082762368007E-001       -2.296320460835832
         186   6.719082762368007E-001        2.296320460835832
         187  -4.710199268047319E-001       -2.404324812960048
         188  -4.710199268047319E-001        2.404324812960048
         189  -8.611010341708305E-001       -2.282939271330318
         190  -8.611010341708305E-001        2.282939271330318
         191   9.822091027005795E-001       -2.103626406646058
         192   9.822091027005795E-001        2.103626406646058
         193        1.291722145207833       -1.882050734074422
         194        1.291722145207833        1.882050734074422
         195       -1.231678488590380       -2.099247361659900
         196       -1.231678488590380        2.099247361659900
         197       -1.510740843570795       -1.909568856938453
         198       -1.510740843570795        1.909568856938453
         199       -1.606264644092940       -1.800694163840847
         200       -1.606264644092940        1.800694163840847
         201       -2.243524594097226  -8.414773855830902E-001
         202       -2.243524594097226   8.414773855830902E-001
         203        1.077085229056318       -1.880095488147707
         204        1.077085229056318        1.880095488147707
         205       -1.668412279212229       -1.578159944513400
         206       -1.668412279212229        1.578159944513400
         207       -1.790410067454062       -1.406751573958041
         208       -1.790410067454062        1.406751573958041
         209        2.009283948254733   0.000000000000000E+000
         210        1.983354644667992  -2.519217761924750E-001
         211        1.983354644667992   2.519217761924750E-001
         212        1.449135205776707       -1.398317325493847
         213        1.449135205776707        1.398317325493847
         214        1.213730249747529       -1.628398257137057
         215        1.213730249747529        1.628398257137057
         216        1.610388939075532       -1.166739253758250
         217        1.610388939075532        1.166739253758250
         218        1.822700661662934  -7.383929134830665E-001
         219        1.822700661662934   7.383929134830665E-001
         220        1.719659272163553  -9.446832253075123E-001
         221        1.719659272163553   9.446832253075123E-001
         222        1.933658451995111  -1.196685249459347E-001
         223        1.933658451995111   1.196685249459347E-001
         224        1.877742501620604  -3.545834613898408E-001
         225        1.877742501620604   3.545834613898408E-001
         226        1.789037426340393  -5.822455534997409E-001
         227        1.789037426340393   5.822455534997409E-001
         228        1.650336657582193  -7.780708909719336E-001
         229        1.650336657582193   7.780708909719336E-001
         230        1.465788501582596       -1.120529800483869
         231        1.465788501582596        1.120529800483869
         232        1.570478011547823  -9.096712283983375E-001
         233        1.570478011547823   9.096712283983375E-001
         234        1.305730744486923       -1.299310748220883
         235        1.305730744486923        1.299310748220883
         236        1.123843953969590       -1.443003825299026
         237        1.123843953969590        1.443003825299026
         238   9.317825685604902E-001       -1.578156386559279
         239   9.317825685604902E-001        1.578156386559279
         240   1.183770467738329E-001       -1.932294950736293
         241   1.183770467738329E-001        1.932294950736293
         242   4.885533207604771E-001       -1.814490660114543
         243   4.885533207604771E-001        1.814490660114543
         244   3.830972860208671E-001       -1.849127817344501
         245   3.830972860208671E-001        1.849127817344501
         246   7.417194853850917E-001       -1.668222356578199
         247   7.417194853850917E-001        1.668222356578199
         248   9.585676304478363E-001       -1.508239309624988
         249   9.585676304478363E-001        1.508239309624988
         250   5.312975935846747E-001       -1.747845361851084
         251   5.312975935846747E-001        1.747845361851084
         252  -1.470033293533161E-001       -1.928994481778071
         253  -1.470033293533161E-001        1.928994481778071
         254  -3.949676589415621E-001       -1.882614885091082
         255  -3.949676589415621E-001        1.882614885091082
         256   7.409615046723439E-002       -1.804746557918448
         257   7.409615046723439E-002        1.804746557918448
         258  -6.233474319952044E-001       -1.809791537913466
         259  -6.233474319952044E-001        1.809791537913466
         260       -1.848413736338484       -1.118743862525791
         261       -1.848413736338484        1.118743862525791
         262  -1.490056853461290E-001       -1.780238026389907
         263  -1.490056853461290E-001        1.780238026389907
         264  -8.364905955407921E-001       -1.724010462520055
         265  -8.364905955407921E-001        1.724010462520055
         266  -3.486224988245261E-001       -1.732681272163426
         267  -3.486224988245261E-001        1.732681272163426
         268       -1.946519064361499  -8.480553118642440E-001
         269       -1.946519064361499   8.480553118642440E-001
         270       -1.751187146030580       -1.092348181264040
         271       -1.751187146030580        1.092348181264040
         272       -1.063060166299580       -1.575989460012327
         273       -1.063060166299580        1.575989460012327
         274  -5.480381307556397E-001       -1.679045560258457
         275  -5.480381307556397E-001        1.679045560258457
         276       -2.058563308973611  -4.787623462664384E-001
         277       -2.058563308973611   4.787623462664384E-001
         278       -1.995950708172691  -5.737034400037496E-001
         279       -1.995950708172691   5.737034400037496E-001
         280       -1.225228301117369       -1.428939090866699
         281       -1.225228301117369        1.428939090866699
         282  -7.474630131186546E-001       -1.588305908754629
         283  -7.474630131186546E-001        1.588305908754629
         284       -1.367129846518690       -1.264543622984463
         285       -1.367129846518690        1.264543622984463
         286       -1.737909157703894  -8.602440030227544E-001
         287       -1.737909157703894   8.602440030227544E-001
         288       -2.012803699976908  -2.393121650487840E-001
         289       -2.012803699976908   2.393121650487840E-001
         290       -1.852105708750873  -6.432441281137302E-001
         291       -1.852105708750873   6.432441281137302E-001
         292       -1.942325871942799  -4.275002596332959E-001
         293       -1.942325871942799   4.275002596332959E-001
         294       -1.985228380145282  -2.165341739224712E-001
         295       -1.985228380145282   2.165341739224712E-001
         296  -9.173662996549109E-001       -1.465872596975796
         297  -9.173662996549109E-001        1.465872596975796
         298       -1.467969083814362       -1.119902572740065
         299       -1.467969083814362        1.119902572740065
         300       -1.537838499533504  -9.656751793271018E-001
         301       -1.537838499533504   9.656751793271018E-001
         302       -1.045174930681297       -1.345211645729707
         303       -1.045174930681297        1.345211645729707
         304       -1.195469066254278       -1.246844513594771
         305       -1.195469066254278        1.246844513594771
         306       -1.834660315250694  -4.571590347500125E-001
         307       -1.834660315250694   4.571590347500125E-001
         308       -1.368883230640299       -1.094126900980748
         309       -1.368883230640299        1.094126900980748
         310       -1.510276459877028  -8.750847324079664E-001
         311       -1.510276459877028   8.750847324079664E-001
         312       -1.774767386229083  -4.113298316373121E-001
         313       -1.774767386229083   4.113298316373121E-001
         314       -1.843000741367772  -1.343818663329694E-001
         315       -1.843000741367772   1.343818663329694E-001
         316       -1.638528499788812  -5.604164551755509E-001
         317       -1.638528499788812   5.604164551755509E-001
         318       -1.757730313773083  -3.300613047065757E-001
         319       -1.757730313773083   3.300613047065757E-001
         320       -1.765740687896699  -2.795617658624249E-001
         321       -1.765740687896699   2.795617658624249E-001
         322       -1.721532141608704  -2.689118066674533E-001
         323       -1.721532141608704   2.689118066674533E-001
         324       -1.731958665001645  -8.054998243653223E-002
         325       -1.731958665001645   8.054998243653223E-002
         326       -1.715251559557152  -1.794521259690352E-001
         327       -1.715251559557152   1.794521259690352E-001
         328       -1.480488316355328  -6.496959819821840E-001
         329       -1.480488316355328   6.496959819821840E-001
         330       -1.675933006118529  -5.075875215214476E-002
         331       -1.675933006118529   5.075875215214476E-002
         332       -1.172210435115382       -1.006085436396263
         333       -1.172210435115382        1.006085436396263
         334       -1.250386780750678  -9.033673733996981E-001
         335       -1.250386780750678   9.033673733996981E-001
         336       -1.083033845393313       -1.055344295929712
         337       -1.083033845393313        1.055344295929712
         338       -1.617596069046485  -7.204855178923904E-002
         339       -1.617596069046485   7.204855178923904E-002
         340       -1.302180470063841  -7.855962055124002E-001
         341       -1.302180470063841   7.855962055124002E-001
         342  -9.872915676575879E-001       -1.090255516619584
         343  -9.872915676575879E-001        1.090255516619584
         344       -1.369001270988466  -6.360708566517921E-001
         345       -1.369001270988466   6.360708566517921E-001
         346       -1.419469998689706  -5.093482167526801E-001
         347       -1.419469998689706   5.093482167526801E-001
         348       -1.521132831262744  -2.255010920917982E-001
         349       -1.521132831262744   2.255010920917982E-001
         350       -1.451634605687680  -3.897049232544402E-001
         351       -1.451634605687680   3.897049232544402E-001
         352  -9.116814041308899E-001       -1.094715439133199
         353  -9.116814041308899E-001        1.094715439133199
         354       -1.492853857632048   0.000000000000000E+000
         355       -1.449304933091026  -2.093546932486935E-001
         356       -1.449304933091026   2.093546932486935E-001
         357  -8.605231335104511E-001       -1.067887981897230
         358  -8.605231335104511E-001        1.067887981897230
         359   2.500650732536435E-001       -1.117032287812634
         360   2.500650732536435E-001        1.117032287812634
         361   3.822747320686976E-001       -1.065593185813106
         362   3.822747320686976E-001        1.065593185813106
         363   5.121815829613535E-001       -1.002085617446444
         364   5.121815829613535E-001        1.002085617446444
         365   6.380223839781722E-001  -9.174819041543596E-001
         366   6.380223839781722E-001   9.174819041543596E-001
         367   7.498358723082605E-001  -8.125765774222106E-001
         368   7.498358723082605E-001   8.125765774222106E-001
         369   8.435136127790106E-001  -6.942684012990236E-001
         370   8.435136127790106E-001   6.942684012990236E-001
         371   9.218163404145430E-001  -5.686473280888200E-001
         372   9.218163404145430E-001   5.686473280888200E-001
         373   9.875831549045882E-001  -4.309006438530637E-001
         374   9.875831549045882E-001   4.309006438530637E-001
         375        1.031515121787633  -2.799531563839997E-001
         376        1.031515121787633   2.799531563839997E-001
         377        1.051793146124423  -1.208334167773254E-001
         378        1.051793146124423   1.208334167773254E-001
         379        1.047873634687022  -3.977713917569150E-002
         380        1.047873634687022   3.977713917569150E-002
         381        1.022421385534748  -2.024626049775706E-001
         382        1.022421385534748   2.024626049775706E-001
         383   9.744459002135057E-001  -3.639452483459981E-001
         384   9.744459002135057E-001   3.639452483459981E-001
         385   9.005473698000351E-001  -5.181179851970386E-001
         386   9.005473698000351E-001   5.181179851970386E-001
         387   1.107796831127806E-001       -1.152584442471483
         388   1.107796831127806E-001        1.152584442471483
         389   7.976513258589872E-001  -6.554452529881314E-001
         390   7.976513258589872E-001   6.554452529881314E-001
         391  -2.902264276895666E-002       -1.168242821437455
         392  -2.902264276895666E-002        1.168242821437455
         393   6.745064269262509E-001  -7.699976970016950E-001
         394   6.745064269262509E-001   7.699976970016950E-001
         395  -1.664902552368324E-001       -1.165519917361804
         396  -1.664902552368324E-001        1.165519917361804
         397       -1.443307981312329   0.000000000000000E+000
         398   5.297708612762490E-001  -8.670403177540385E-001
         399   5.297708612762490E-001   8.670403177540385E-001
         400  -3.022374951081372E-001       -1.144822181223299
         401  -3.022374951081372E-001        1.144822181223299
         402  -8.270310067569950E-001       -1.017545573501493
         403  -8.270310067569950E-001        1.017545573501493
         404   3.567532313124268E-001  -9.493741945939165E-001
         405   3.567532313124268E-001   9.493741945939165E-001
         406  -4.334518477335118E-001       -1.106116691468546
         407  -4.334518477335118E-001        1.106116691468546
         408   1.766722058917329E-001       -1.003017219781854
         409   1.766722058917329E-001        1.003017219781854
         410  -5.573035275826000E-001       -1.047961858133374
         411  -5.573035275826000E-001        1.047961858133374
         412  -8.060945007900755E-001  -9.502496987435053E-001
         413  -8.060945007900755E-001   9.502496987435053E-001
         414   6.748023060139663E-004       -1.018243175131642
         415   6.748023060139663E-004        1.018243175131642
         416  -6.750863429466407E-001  -9.705524483587557E-001
         417  -6.750863429466407E-001   9.705524483587557E-001
         418  -1.708384440565567E-001       -1.000307191290254
         419  -1.708384440565567E-001        1.000307191290254
         420  -7.818060399486533E-001  -8.851170079392350E-001
         421  -7.818060399486533E-001   8.851170079392350E-001
         422  -8.000898845125635E-001  -8.457890231095467E-001
         423  -8.000898845125635E-001   8.457890231095467E-001
         424  -3.339167357411751E-001  -9.511252335180954E-001
         425  -3.339167357411751E-001   9.511252335180954E-001
         426  -1.233988753836885E-001  -9.184491932131418E-001
         427  -1.233988753836885E-001   9.184491932131418E-001
         428  -2.384982456265703E-001  -9.243304719767579E-001
         429  -2.384982456265703E-001   9.243304719767579E-001
         430  -3.580730335038322E-001  -9.156908854500788E-001
         431  -3.580730335038322E-001   9.156908854500788E-001
         432  -4.965552232205132E-001  -8.845476194920682E-001
         433  -4.965552232205132E-001   8.845476194920682E-001
         434  -4.665073505825650E-001  -8.796133272265405E-001
         435  -4.665073505825650E-001   8.796133272265405E-001
         436  -8.226961218598338E-001  -7.767345419103860E-001
         437  -8.226961218598338E-001   7.767345419103860E-001
         438  -5.992234652352284E-001  -8.340373041745663E-001
         439  -5.992234652352284E-001   8.340373041745663E-001
         440  -7.193461280433648E-001  -7.732705173065079E-001
         441  -7.193461280433648E-001   7.732705173065079E-001
         442  -6.159457297946305E-001  -7.850936471914519E-001
         443  -6.159457297946305E-001   7.850936471914519E-001
         444  -8.347162448062369E-001  -7.226341677883937E-001
         445  -8.347162448062369E-001   7.226341677883937E-001
         446  -8.302417838824981E-001  -6.816520971296349E-001
         447  -8.302417838824981E-001   6.816520971296349E-001
         448  -9.025028165655398E-001  -6.389075979117650E-001
         449  -9.025028165655398E-001   6.389075979117650E-001
         450  -9.864604908846651E-001  -5.320891967235090E-001
         451  -9.864604908846651E-001   5.320891967235090E-001
         452       -1.055115440918002  -4.164445839718380E-001
         453       -1.055115440918002   4.164445839718380E-001
         454  -8.753978509127057E-001  -6.146028836086463E-001
         455  -8.753978509127057E-001   6.146028836086463E-001
         456       -1.111965889602288  -2.931679189972630E-001
         457       -1.111965889602288   2.931679189972630E-001
         458       -1.157277481570818  -1.712693164776820E-001
         459       -1.157277481570818   1.712693164776820E-001
         460       -1.167196242889332  -6.096256495911630E-002
         461       -1.167196242889332   6.096256495911630E-002
         462  -8.984735074199777E-001  -5.330134631478946E-001
         463  -8.984735074199777E-001   5.330134631478946E-001
         464  -7.247261180125341E-001  -6.629577193938367E-001
         465  -7.247261180125341E-001   6.629577193938367E-001
         466  -9.313839236504133E-001  -4.439315485852869E-001
         467  -9.313839236504133E-001   4.439315485852869E-001
         468  -9.646744424175964E-001  -3.456405818653404E-001
         469  -9.646744424175964E-001   3.456405818653404E-001
         470       -1.068673990634437   0.000000000000000E+000
         471       -1.045565011775740  -1.147427446474785E-001
         472       -1.045565011775740   1.147427446474785E-001
         473       -1.004426203957772  -2.315396707844207E-001
         474       -1.004426203957772   2.315396707844207E-001
         475  -8.070491395854385E-001  -5.251488521004115E-001
         476  -8.070491395854385E-001   5.251488521004115E-001
         477  -8.573919341449512E-001  -3.786213220087314E-001
         478  -8.573919341449512E-001   3.786213220087314E-001
         479  -8.748815080699410E-001  -2.336167730364636E-001
         480  -8.748815080699410E-001   2.336167730364636E-001
         481  -8.891512137929793E-001  -8.653458960192549E-002
         482  -8.891512137929793E-001   8.653458960192549E-002
         483  -8.826129364163224E-001   0.000000000000000E+000
         484  -8.409596022471823E-001  -1.615790719137160E-001
         485  -8.409596022471823E-001   1.615790719137160E-001
         486  -1.490702586861850E-002  -8.972609849100572E-001
         487  -1.490702586861850E-002   8.972609849100572E-001
         488  -7.349626756146674E-001  -2.680723644814600E-001
         489  -7.349626756146674E-001   2.680723644814600E-001
         490   8.539610112678214E-002  -8.632123441444439E-001
         491   8.539610112678214E-002   8.632123441444439E-001
         492  -6.355099244161138E-001  -3.328175912199106E-001
         493  -6.355099244161138E-001   3.328175912199106E-001
         494   1.765332923389281E-001  -8.190450105266944E-001
         495   1.765332923389281E-001   8.190450105266944E-001
         496  -5.501642690976067E-001  -3.767477596185923E-001
         497  -5.501642690976067E-001   3.767477596185923E-001
         498   2.585301778576749E-001  -7.665798575833183E-001
         499   2.585301778576749E-001   7.665798575833183E-001
         500  -4.749096075973389E-001  -4.109161976760571E-001
         501  -4.749096075973389E-001   4.109161976760571E-001
         502  -4.043366896688956E-001  -4.382503891371175E-001
         503  -4.043366896688956E-001   4.382503891371175E-001
         504  -3.368542660720552E-001  -4.585700760009439E-001
         505  -3.368542660720552E-001   4.585700760009439E-001
         506  -2.724226979840043E-001  -4.725526919096175E-001
         507  -2.724226979840043E-001   4.725526919096175E-001
         508   3.933871961279581E-001  -6.408194912120282E-001
         509   3.933871961279581E-001   6.408194912120282E-001
         510  -2.107771713844642E-001  -4.811725018955513E-001
         511  -2.107771713844642E-001   4.811725018955513E-001
         512  -1.517767118594420E-001  -4.850524796855069E-001
         513  -1.517767118594420E-001   4.850524796855069E-001
         514   4.444728914583155E-001  -5.704895449670756E-001
         515   4.444728914583155E-001   5.704895449670756E-001
         516  -9.553178566523357E-002  -4.846994425967438E-001
         517  -9.553178566523357E-002   4.846994425967438E-001
         518   4.838824692247624E-001  -4.979367853572810E-001
         519   4.838824692247624E-001   4.979367853572810E-001
         520  -4.204777835376544E-002  -4.804909531939301E-001
         521  -4.204777835376544E-002   4.804909531939301E-001
         522   5.117662804293095E-001  -4.256032563191056E-001
         523   5.117662804293095E-001   4.256032563191056E-001
         524   8.790458721430333E-003  -4.726226595705589E-001
         525   8.790458721430333E-003   4.726226595705589E-001
         526   5.718396317886153E-002  -4.612027069346096E-001
         527   5.718396317886153E-002   4.612027069346096E-001
         528   5.294643652739117E-001  -3.556692920003743E-001
         529   5.294643652739117E-001   3.556692920003743E-001
         530   1.033117457981118E-001  -4.461941271095785E-001
         531   1.033117457981118E-001   4.461941271095785E-001
         532   5.388969743870438E-001  -2.886793481872331E-001
         533   5.388969743870438E-001   2.886793481872331E-001
         534   6.366961610560268E-001  -5.598158445026231E-002
         535   6.366961610560268E-001   5.598158445026231E-002
         536   1.471588573604299E-001  -4.274130541667465E-001
         537   1.471588573604299E-001   4.274130541667465E-001
         538   5.401365367248023E-001  -2.242455391268981E-001
         539   5.401365367248023E-001   2.242455391268981E-001
         540   5.298919611102948E-001  -1.677616471085698E-001
         541   5.298919611102948E-001   1.677616471085698E-001
         542   5.304383803991919E-001  -1.262543646694638E-001
         543   5.304383803991919E-001   1.262543646694638E-001
         544   4.897554247691595E-001  -4.627878159575361E-002
         545   4.897554247691595E-001   4.627878159575361E-002
         546   5.143086497275492E-001  -9.795088484147551E-003
         547   5.143086497275492E-001   9.795088484147551E-003
         548   4.891826997371972E-001   0.000000000000000E+000
         549   4.775089009574670E-001  -9.453984213021581E-002
         550   4.775089009574670E-001   9.453984213021581E-002
         551   4.580561110112427E-001  -1.406937770623866E-001
         552   4.580561110112427E-001   1.406937770623866E-001
         553   4.341640560359535E-001  -1.824638057124488E-001
         554   4.341640560359535E-001   1.824638057124488E-001
         555   4.079530217111564E-001  -2.209592873377468E-001
         556   4.079530217111564E-001   2.209592873377468E-001
         557   3.792442837124730E-001  -2.569179679101081E-001
         558   3.792442837124730E-001   2.569179679101081E-001
         559   3.477021749209089E-001  -2.902299442922200E-001
         560   3.477021749209089E-001   2.902299442922200E-001
         561   3.130602022954875E-001  -3.205422926138420E-001
         562   3.130602022954875E-001   3.205422926138420E-001
         563   1.887421928661700E-001  -4.044332213255058E-001
         564   1.887421928661700E-001   4.044332213255058E-001
         565   2.744288440660552E-001  -3.476028235113910E-001
         566   2.744288440660552E-001   3.476028235113910E-001
         567   2.295269364556267E-001  -3.756270701680011E-001
         568   2.295269364556267E-001   3.756270701680011E-001
         569   2.218472290350750E-001  -3.394922241454220E-001
         570   2.218472290350750E-001   3.394922241454220E-001
         571  -1.276499961047005E-001  -2.954004100028437E-001
         572  -1.276499961047005E-001   2.954004100028437E-001



           - AUTOVALORES DIFERENTES E REAIS e positivos - 
          REAL
           1   4.891826997371972E-001
           2        2.009283948254733
           3        2.316957161227536
           4        5.241220779691937
           5        5.269645381544709
           6      771.329480039839600
