 ************************************************************************************************************************
                         Exem


data

  number of boundary elements= 80

  number of functional nodes= 84

  number of internal source points where the funct. is calculated= 80




  coordinates of the source points of the boundary el ements

    point          x                  y
        1       .0000000E+00       .0000000E+00
        2       .5000000E-01       .0000000E+00
        3       .1000000E+00       .0000000E+00
        4       .1500000E+00       .0000000E+00
        5       .2000000E+00       .0000000E+00
        6       .2500000E+00       .0000000E+00
        7       .3000000E+00       .0000000E+00
        8       .3500000E+00       .0000000E+00
        9       .4000000E+00       .0000000E+00
       10       .4500000E+00       .0000000E+00
       11       .5000000E+00       .0000000E+00
       12       .5500000E+00       .0000000E+00
       13       .6000000E+00       .0000000E+00
       14       .6500000E+00       .0000000E+00
       15       .7000000E+00       .0000000E+00
       16       .7500000E+00       .0000000E+00
       17       .8000000E+00       .0000000E+00
       18       .8500000E+00       .0000000E+00
       19       .9000000E+00       .0000000E+00
       20       .9500000E+00       .0000000E+00
       21       .1000000E+01       .0000000E+00
       22       .1000000E+01       .0000000E+00
       23       .1000000E+01       .5000000E-01
       24       .1000000E+01       .1000000E+00
       25       .1000000E+01       .1500000E+00
       26       .1000000E+01       .2000000E+00
       27       .1000000E+01       .2500000E+00
       28       .1000000E+01       .3000000E+00
       29       .1000000E+01       .3500000E+00
       30       .1000000E+01       .4000000E+00
       31       .1000000E+01       .4500000E+00
       32       .1000000E+01       .5000000E+00
       33       .1000000E+01       .5500000E+00
       34       .1000000E+01       .6000000E+00
       35       .1000000E+01       .6500000E+00
       36       .1000000E+01       .7000000E+00
       37       .1000000E+01       .7500000E+00
       38       .1000000E+01       .8000000E+00
       39       .1000000E+01       .8500000E+00
       40       .1000000E+01       .9000000E+00
       41       .1000000E+01       .9500000E+00
       42       .1000000E+01       .1000000E+01
       43       .1000000E+01       .1000000E+01
       44       .9500000E+00       .1000000E+01
       45       .9000000E+00       .1000000E+01
       46       .8500000E+00       .1000000E+01
       47       .8000000E+00       .1000000E+01
       48       .7500000E+00       .1000000E+01
       49       .7000000E+00       .1000000E+01
       50       .6500000E+00       .1000000E+01
       51       .6000000E+00       .1000000E+01
       52       .5500000E+00       .1000000E+01
       53       .5000000E+00       .1000000E+01
       54       .4500000E+00       .1000000E+01
       55       .4000000E+00       .1000000E+01
       56       .3500000E+00       .1000000E+01
       57       .3000000E+00       .1000000E+01
       58       .2500000E+00       .1000000E+01
       59       .2000000E+00       .1000000E+01
       60       .1500000E+00       .1000000E+01
       61       .1000000E+00       .1000000E+01
       62       .5000000E-01       .1000000E+01
       63       .0000000E+00       .1000000E+01
       64       .0000000E+00       .1000000E+01
       65       .0000000E+00       .9500000E+00
       66       .0000000E+00       .9000000E+00
       67       .0000000E+00       .8500000E+00
       68       .0000000E+00       .8000000E+00
       69       .0000000E+00       .7500000E+00
       70       .0000000E+00       .7000000E+00
       71       .0000000E+00       .6500000E+00
       72       .0000000E+00       .6000000E+00
       73       .0000000E+00       .5500000E+00
       74       .0000000E+00       .5000000E+00
       75       .0000000E+00       .4500000E+00
       76       .0000000E+00       .4000000E+00
       77       .0000000E+00       .3500000E+00
       78       .0000000E+00       .3000000E+00
       79       .0000000E+00       .2500000E+00
       80       .0000000E+00       .2000000E+00
       81       .0000000E+00       .1500000E+00
       82       .0000000E+00       .1000000E+00
       83       .0000000E+00       .5000000E-01
       84       .0000000E+00       .0000000E+00
       85       .1500000E+00       .1500000E+00
       86       .2500000E+00       .1500000E+00
       87       .3500000E+00       .1500000E+00
       88       .5000000E+00       .1500000E+00
       89       .6500000E+00       .1500000E+00
       90       .7500000E+00       .1500000E+00
       91       .8500000E+00       .1500000E+00
       92       .1500000E+00       .2500000E+00
       93       .2500000E+00       .2500000E+00
       94       .3500000E+00       .2500000E+00
       95       .5000000E+00       .2500000E+00
       96       .6500000E+00       .2500000E+00
       97       .7500000E+00       .2500000E+00
       98       .8500000E+00       .2500000E+00
       99       .1500000E+00       .3500000E+00
      100       .2500000E+00       .3500000E+00
      101       .3500000E+00       .3500000E+00
      102       .5000000E+00       .3500000E+00
      103       .6500000E+00       .3500000E+00
      104       .7500000E+00       .3500000E+00
      105       .8500000E+00       .3500000E+00
      106       .1500000E+00       .5000000E+00
      107       .2500000E+00       .5000000E+00
      108       .3500000E+00       .5000000E+00
      109       .6500000E+00       .5000000E+00
      110       .7500000E+00       .5000000E+00
      111       .8500000E+00       .5000000E+00
      112       .1500000E+00       .6500000E+00
      113       .2500000E+00       .6500000E+00
      114       .3500000E+00       .6500000E+00
      115       .5000000E+00       .6500000E+00
      116       .6500000E+00       .6500000E+00
      117       .7500000E+00       .6500000E+00
      118       .8500000E+00       .6500000E+00
      119       .1500000E+00       .7500000E+00
      120       .2500000E+00       .7500000E+00
      121       .3500000E+00       .7500000E+00
      122       .5000000E+00       .7500000E+00
      123       .6500000E+00       .7500000E+00
      124       .7500000E+00       .7500000E+00
      125       .8500000E+00       .7500000E+00
      126       .1500000E+00       .8500000E+00
      127       .2500000E+00       .8500000E+00
      128       .3500000E+00       .8500000E+00
      129       .5000000E+00       .8500000E+00
      130       .6500000E+00       .8500000E+00
      131       .7000000E+00       .8500000E+00
      132       .8500000E+00       .8500000E+00
      133       .9000000E-01       .9000000E-01
      134       .9000000E-01       .3000000E+00
      135       .9000000E-01       .7000000E+00
      136       .9000000E-01       .9100000E+00
      137       .3000000E+00       .9000000E-01
      138       .3000000E+00       .3000000E+00
      139       .3000000E+00       .7000000E+00
      140       .3000000E+00       .9100000E+00
      141       .7000000E+00       .9000000E-01
      142       .7000000E+00       .3000000E+00
      143       .7000000E+00       .7000000E+00
      144       .7000000E+00       .9100000E+00
      145       .9100000E+00       .9000000E-01
      146       .9100000E+00       .3000000E+00
      147       .9100000E+00       .7000000E+00
      148       .9100000E+00       .9100000E+00
      149       .2000000E+00       .2000000E+00
      150       .2000000E+00       .4200000E+00
      151       .2000000E+00       .5800000E+00
      152       .2000000E+00       .8000000E+00
      153       .4200000E+00       .2000000E+00
      154       .4200000E+00       .4200000E+00
      155       .4200000E+00       .5800000E+00
      156       .4200000E+00       .8000000E+00
      157       .5800000E+00       .2000000E+00
      158       .5800000E+00       .4200000E+00
      159       .5800000E+00       .5800000E+00
      160       .5800000E+00       .8000000E+00
      161       .8000000E+00       .2000000E+00
      162       .8000000E+00       .4200000E+00
      163       .8000000E+00       .5800000E+00
      164       .8000000E+00       .8000000E+00


  boundary conditions

     node      code     prescribed value
       1        0         84          .0000000E+00
       2        0          0          .0000000E+00
       3        0          0          .0000000E+00
       4        0          0          .0000000E+00
       5        0          0          .0000000E+00
       6        0          0          .0000000E+00
       7        0          0          .0000000E+00
       8        0          0          .0000000E+00
       9        0          0          .0000000E+00
      10        0          0          .0000000E+00
      11        0          0          .0000000E+00
      12        0          0          .0000000E+00
      13        0          0          .0000000E+00
      14        0          0          .0000000E+00
      15        0          0          .0000000E+00
      16        0          0          .0000000E+00
      17        0          0          .0000000E+00
      18        0          0          .0000000E+00
      19        0          0          .0000000E+00
      20        0          0          .0000000E+00
      21        0         22          .0000000E+00
      22        0         21          .0000000E+00
      23        0          0          .0000000E+00
      24        0          0          .0000000E+00
      25        0          0          .0000000E+00
      26        0          0          .0000000E+00
      27        0          0          .0000000E+00
      28        0          0          .0000000E+00
      29        0          0          .0000000E+00
      30        0          0          .0000000E+00
      31        0          0          .0000000E+00
      32        0          0          .0000000E+00
      33        0          0          .0000000E+00
      34        0          0          .0000000E+00
      35        0          0          .0000000E+00
      36        0          0          .0000000E+00
      37        0          0          .0000000E+00
      38        0          0          .0000000E+00
      39        0          0          .0000000E+00
      40        0          0          .0000000E+00
      41        0          0          .0000000E+00
      42        0         43          .0000000E+00
      43        0         42          .0000000E+00
      44        0          0          .0000000E+00
      45        0          0          .0000000E+00
      46        0          0          .0000000E+00
      47        0          0          .0000000E+00
      48        0          0          .0000000E+00
      49        0          0          .0000000E+00
      50        0          0          .0000000E+00
      51        0          0          .0000000E+00
      52        0          0          .0000000E+00
      53        0          0          .0000000E+00
      54        0          0          .0000000E+00
      55        0          0          .0000000E+00
      56        0          0          .0000000E+00
      57        0          0          .0000000E+00
      58        0          0          .0000000E+00
      59        0          0          .0000000E+00
      60        0          0          .0000000E+00
      61        0          0          .0000000E+00
      62        0          0          .0000000E+00
      63        0         64          .0000000E+00
      64        0         63          .0000000E+00
      65        0          0          .0000000E+00
      66        0          0          .0000000E+00
      67        0          0          .0000000E+00
      68        0          0          .0000000E+00
      69        0          0          .0000000E+00
      70        0          0          .0000000E+00
      71        0          0          .0000000E+00
      72        0          0          .0000000E+00
      73        0          0          .0000000E+00
      74        0          0          .0000000E+00
      75        0          0          .0000000E+00
      76        0          0          .0000000E+00
      77        0          0          .0000000E+00
      78        0          0          .0000000E+00
      79        0          0          .0000000E+00
      80        0          0          .0000000E+00
      81        0          0          .0000000E+00
      82        0          0          .0000000E+00
      83        0          0          .0000000E+00
      84        0          1          .0000000E+00


  incidence of geometric nodes

      first node      second node

       1          1       2
       2          2       3
       3          3       4
       4          4       5
       5          5       6
       6          6       7
       7          7       8
       8          8       9
       9          9      10
      10         10      11
      11         11      12
      12         12      13
      13         13      14
      14         14      15
      15         15      16
      16         16      17
      17         17      18
      18         18      19
      19         19      20
      20         20      21
      21         22      23
      22         23      24
      23         24      25
      24         25      26
      25         26      27
      26         27      28
      27         28      29
      28         29      30
      29         30      31
      30         31      32
      31         32      33
      32         33      34
      33         34      35
      34         35      36
      35         36      37
      36         37      38
      37         38      39
      38         39      40
      39         40      41
      40         41      42
      41         43      44
      42         44      45
      43         45      46
      44         46      47
      45         47      48
      46         48      49
      47         49      50
      48         50      51
      49         51      52
      50         52      53
      51         53      54
      52         54      55
      53         55      56
      54         56      57
      55         57      58
      56         58      59
      57         59      60
      58         60      61
      59         61      62
      60         62      63
      61         64      65
      62         65      66
      63         66      67
      64         67      68
      65         68      69
      66         69      70
      67         70      71
      68         71      72
      69         72      73
      70         73      74
      71         74      75
      72         75      76
      73         76      77
      74         77      78
      75         78      79
      76         79      80
      77         80      81
      78         81      82
      79         82      83
      80         83      84
 NOVAS COORDENADAS DOS NOS DUPLOS
      .0010      .0000
      .0500      .0000
      .1000      .0000
      .1500      .0000
      .2000      .0000
      .2500      .0000
      .3000      .0000
      .3500      .0000
      .4000      .0000
      .4500      .0000
      .5000      .0000
      .5500      .0000
      .6000      .0000
      .6500      .0000
      .7000      .0000
      .7500      .0000
      .8000      .0000
      .8500      .0000
      .9000      .0000
      .9500      .0000
      .9990      .0000
     1.0000      .0010
     1.0000      .0500
     1.0000      .1000
     1.0000      .1500
     1.0000      .2000
     1.0000      .2500
     1.0000      .3000
     1.0000      .3500
     1.0000      .4000
     1.0000      .4500
     1.0000      .5000
     1.0000      .5500
     1.0000      .6000
     1.0000      .6500
     1.0000      .7000
     1.0000      .7500
     1.0000      .8000
     1.0000      .8500
     1.0000      .9000
     1.0000      .9500
     1.0000      .9990
      .9990     1.0000
      .9500     1.0000
      .9000     1.0000
      .8500     1.0000
      .8000     1.0000
      .7500     1.0000
      .7000     1.0000
      .6500     1.0000
      .6000     1.0000
      .5500     1.0000
      .5000     1.0000
      .4500     1.0000
      .4000     1.0000
      .3500     1.0000
      .3000     1.0000
      .2500     1.0000
      .2000     1.0000
      .1500     1.0000
      .1000     1.0000
      .0500     1.0000
      .0010     1.0000
      .0000      .9990
      .0000      .9500
      .0000      .9000
      .0000      .8500
      .0000      .8000
      .0000      .7500
      .0000      .7000
      .0000      .6500
      .0000      .6000
      .0000      .5500
      .0000      .5000
      .0000      .4500
      .0000      .4000
      .0000      .3500
      .0000      .3000
      .0000      .2500
      .0000      .2000
      .0000      .1500
      .0000      .1000
      .0000      .0500
      .0000      .0010
   
 VALORES DE DFI  ************************************
      1   .0000
      2   .0000
      3   .0000
      4   .0000
      5   .0000
      6   .0000
      7   .0000
      8   .0000
      9   .0000
     10   .0000
     11   .0000
     12   .0000
     13   .0000
     14   .0000
     15   .0000
     16   .0000
     17   .0000
     18   .0000
     19   .0000
     20   .0000
     21   .0000
     22   .0000
     23   .0000
     24   .0000
     25   .0000
     26   .0000
     27   .0000
     28   .0000
     29   .0000
     30   .0000
     31   .0000
     32   .0000
     33   .0000
     34   .0000
     35   .0000
     36   .0000
     37   .0000
     38   .0000
     39   .0000
     40   .0000
     41   .0000
     42   .0000
     43   .0000
     44   .0000
     45   .0000
     46   .0000
     47   .0000
     48   .0000
     49   .0000
     50   .0000
     51   .0000
     52   .0000
     53   .0000
     54   .0000
     55   .0000
     56   .0000
     57   .0000
     58   .0000
     59   .0000
     60   .0000
     61   .0000
     62   .0000
     63   .0000
     64   .0000
     65   .0000
     66   .0000
     67   .0000
     68   .0000
     69   .0000
     70   .0000
     71   .0000
     72   .0000
     73   .0000
     74   .0000
     75   .0000
     76   .0000
     77   .0000
     78   .0000
     79   .0000
     80   .0000
     81   .0000
     82   .0000
     83   .0000
     84   .0000
     85   .0000
     86   .0000
     87   .0000
     88   .0000
     89   .0000
     90   .0000
     91   .0000
     92   .0000
     93   .0000
     94   .0000
     95   .0000
     96   .0000
     97   .0000
     98   .0000
     99   .0000
    100   .0000
    101   .0000
    102   .0000
    103   .0000
    104   .0000
    105   .0000
    106   .0000
    107   .0000
    108   .0000
    109   .0000
    110   .0000
    111   .0000
    112   .0000
    113   .0000
    114   .0000
    115   .0000
    116   .0000
    117   .0000
    118   .0000
    119   .0000
    120   .0000
    121   .0000
    122   .0000
    123   .0000
    124   .0000
    125   .0000
    126   .0000
    127   .0000
    128   .0000
    129   .0000
    130   .0000
    131   .0000
    132   .0000
    133   .0000
    134   .0000
    135   .0000
    136   .0000
    137   .0000
    138   .0000
    139   .0000
    140   .0000
    141   .0000
    142   .0000
    143   .0000
    144   .0000
    145   .0000
    146   .0000
    147   .0000
    148   .0000
    149   .0000
    150   .0000
    151   .0000
    152   .0000
    153   .0000
    154   .0000
    155   .0000
    156   .0000
    157   .0000
    158   .0000
    159   .0000
    160   .0000
    161   .0000
    162   .0000
    163   .0000
    164   .0000
   
 VALORES DE WR_POS ORIGINAIS ************************
      1   3.15864
      2   3.15864
      3   2.89222
      4   2.89222
      5   2.86556
      6   2.86556
      7   2.40931
      8   2.40931
      9   2.70358
     10   2.70358
     11   1.85329
     12   1.85329
     13   2.36800
     14   2.36800
     15   1.17749
     16   1.17749
     17   1.81526
     18   1.81526
     19    .64313
     20    .64313
     21   1.25709
     22   1.25709
     23   1.34848
     24   1.34848
     25   2.00976
     26   2.00976
     27    .70691
     28    .70691
     29    .13495
     30    .13495
     31    .00000
     32    .00000
     33    .00000
     34    .00000
     35    .00000
     36    .00000
     37    .00000
     38    .00000
     39    .00000
     40    .00000
     41    .00000
     42    .00000
     43    .00000
     44    .00000
     45    .00000
     46    .00000
     47    .00000
     48    .00000
     49    .00000
     50    .00000
     51    .00000
     52    .00000
     53    .00000
     54    .00000
     55    .00000
     56    .00000
     57    .00000
     58    .00000
     59    .00000
     60    .00000
     61    .00000
     62    .00000
     63    .00000
     64    .00000
     65    .00000
     66    .00000
     67    .00000
     68    .00000
     69    .00000
     70    .00000
     71    .00000
     72    .00000
     73    .00000
     74    .00000
     75    .00000
     76    .00000
     77    .00000
     78    .00000
     79    .00000
     80    .00000
     81    .00000
     82    .00000
     83    .00000
     84    .00000
     85    .00000
     86    .00000
     87    .00000
     88    .00000
     89    .00000
     90    .00000
     91    .00000
     92    .00000
     93    .00000
     94    .00000
     95    .00000
     96    .00000
     97    .00000
     98    .00000
     99    .00000
    100    .00000
    101    .00000
    102    .00000
    103    .00000
    104    .00000
    105    .00000
    106    .00000
    107    .00000
    108    .00000
    109    .00000
    110    .00000
    111    .00000
    112    .00000
    113    .00000
    114    .00000
    115    .00000
    116    .00000
    117    .00000
    118    .00000
    119    .00000
    120    .00000
    121    .00000
    122    .00000
    123    .00000
    124    .00000
    125    .00000
    126    .00000
    127    .00000
    128    .00000
    129    .00000
    130    .00000
    131    .00000
    132    .00000
    133    .00000
    134    .00000
    135    .00000
    136    .00000
    137    .00000
    138    .00000
    139    .00000
    140    .00000
    141    .00000
    142    .00000
    143    .00000
    144    .00000
    145    .00000
    146    .00000
    147    .00000
    148    .00000
    149    .00000
    150    .00000
    151    .00000
    152    .00000
    153    .00000
    154    .00000
    155    .00000
    156    .00000
    157    .00000
    158    .00000
    159    .00000
    160    .00000
    161    .00000
    162    .00000
    163    .00000
    164    .00000
    165    .00000
    166    .00000
    167    .00000
    168    .00000
    169    .00000
    170    .00000
    171    .00000
    172    .00000
    173    .00000
    174    .00000
    175    .00000
    176    .00000
    177    .00000
    178    .00000
    179    .00000
    180    .00000
    181    .00000
    182    .00000
    183    .00000
    184    .00000
    185    .00000
    186    .00000
    187    .00000
    188    .00000
    189    .00000
    190    .00000
    191    .00000
    192    .00000
    193    .00000
    194    .00000
    195    .00000
    196    .00000
    197    .00000
    198    .00000
    199    .00000
    200    .00000
    201    .00000
    202    .00000
    203    .00000
    204    .00000
    205    .00000
    206    .00000
    207    .00000
    208    .00000
    209    .00000
    210    .00000
    211    .00000
    212    .00000
    213    .00000
    214    .00000
    215    .00000
    216    .00000
    217    .00000
    218    .00000
    219    .00000
    220    .00000
    221    .00000
    222    .00000
    223    .00000
    224    .00000
    225    .00000
    226    .00000
    227    .00000
    228    .00000
    229    .00000
    230    .00000
    231    .00000
    232    .00000
    233    .00000
    234    .00000
    235    .00000
    236    .00000
    237    .00000
    238    .00000
    239    .00000
    240    .00000
    241    .00000
    242    .00000
    243    .00000
    244    .00000
    245    .00000
    246    .00000
    247    .00000
    248    .00000
    249    .00000
    250    .00000
    251    .00000
    252    .00000
    253    .00000
    254    .00000
    255    .00000
    256    .00000
    257    .00000
    258    .00000
    259    .00000
    260    .00000
    261    .00000
    262    .00000
    263    .00000
    264    .00000
    265    .00000
    266    .00000
    267    .00000
    268    .00000
    269    .00000
    270    .00000
    271    .00000
    272    .00000
    273    .00000
    274    .00000
    275    .00000
    276    .00000
    277    .00000
    278    .00000
    279    .00000
    280    .00000
    281    .00000
    282    .00000
    283    .00000
    284    .00000
    285    .00000
    286    .00000
    287    .00000
    288    .00000
    289    .00000
    290    .00000
    291    .00000
    292    .00000
    293    .00000
    294    .00000
    295    .00000
    296    .00000
    297    .00000
    298    .00000
    299    .00000
    300    .00000
    301    .00000
    302    .00000
    303    .00000
    304    .00000
    305    .00000
    306    .00000
    307    .00000
    308    .00000
    309    .00000
    310    .00000
    311    .00000
    312    .00000
    313    .00000
    314    .00000
    315    .00000
    316    .00000
    317    .00000
    318    .00000
    319    .00000
    320    .00000
   
 VALORES DE WRA  ************************************
 WRA ORIGINAL POSSUIA         320 NUM., REDUZIDO PARA         152 NUM.
      1    .56267
      2   1.33314
      3    .86609
      4   1.07453
      5    .96470
      6   1.01813
      7    .99105
      8   1.00450
      9    .99776
     10   1.00112
     11    .99944
     12   1.00028
     13    .99986
     14   1.00007
     15    .99996
     16   1.00002
     17    .99999
     18   1.00000
     19   1.00000
     20   1.00000
     21   1.00000
     22   1.00000
     23   1.00000
     24   1.00000
     25   1.00000
     26   1.00000
     27   1.00000
     28   1.00000
     29   1.00000
     30   1.00000
     31   1.00000
     32   1.00000
     33   1.00000
     34   1.00000
     35   1.00000
     36   1.00000
     37   1.00000
     38   1.00000
     39   1.00000
     40   1.00000
     41   1.00000
     42   1.00000
     43   1.00000
     44   1.00000
     45   1.00000
     46   1.00000
     47   1.00000
     48   1.00000
     49   1.00000
     50   1.00000
     51   1.00000
     52   1.00000
     53   1.00000
     54   1.00000
     55   1.00000
     56   1.00000
     57   1.00000
     58   1.00000
     59   1.00000
     60   1.00000
     61   1.00000
     62   1.00000
     63   1.00000
     64   1.00000
     65   1.00000
     66   1.00000
     67   1.00000
     68   1.00000
     69   1.00000
     70   1.00000
     71   1.00000
     72   1.00000
     73   1.00000
     74   1.00000
     75   1.00000
     76   1.00000
     77   1.00000
     78   1.00000
     79   1.00000
     80   1.00000
     81   1.00000
     82   1.00000
     83   1.00000
     84   1.00000
     85   1.00000
     86   1.00000
     87   1.00000
     88   1.00000
     89   1.00000
     90   1.00000
     91   1.00000
     92   1.00000
     93   1.00000
     94   1.00000
     95   1.00000
     96   1.00000
     97   1.00000
     98   1.00000
     99   1.00000
    100   1.00000
    101   1.00000
    102   1.00000
    103   1.00000
    104   1.00000
    105   1.00000
    106   1.00000
    107   1.00000
    108   1.00000
    109   1.00000
    110   1.00000
    111   1.00000
    112   1.00000
    113   1.00000
    114   1.00000
    115   1.00000
    116   1.00000
    117   1.00000
    118   1.00000
    119   1.00000
    120   1.00000
    121   1.00000
    122   1.00000
    123   1.00000
    124   1.00000
    125   1.00000
    126   1.00000
    127   1.00000
    128   1.00000
    129   1.00000
    130   1.00000
    131   1.00000
    132   1.00000
    133   1.00000
    134   1.00000
    135   1.00000
    136   1.00000
    137   1.00000
    138   1.00000
    139   1.00000
    140   1.00000
    141   1.00000
    142   1.00000
    143   1.00000
    144   1.00000
    145   1.00000
    146   1.00000
    147   1.00000
    148   1.00000
    149   1.00000
    150   1.00000
    151   1.00000
    152   1.00000



           - AUTOVALORES - 
          REAL     IMAGINARIO
           1        3.158637188925386       -1.206750500166840
           2        3.158637188925386        1.206750500166840
           3        2.892215644275312  -9.847395074790678E-001
           4        2.892215644275312   9.847395074790678E-001
           5        2.865555148006347  -1.908379129724933E-001
           6        2.865555148006347   1.908379129724933E-001
           7        2.409305914012792       -1.628369654137431
           8        2.409305914012792        1.628369654137431
           9        2.703583469488375  -4.896618647887128E-001
          10        2.703583469488375   4.896618647887128E-001
          11        1.853287621335263       -1.979812087119952
          12        1.853287621335263        1.979812087119952
          13        2.368004367601783       -1.001486171952437
          14        2.368004367601783        1.001486171952437
          15        1.177488874946076       -2.272664589605162
          16        1.177488874946076        2.272664589605162
          17        1.815256896203942       -1.605318663890482
          18        1.815256896203942        1.605318663890482
          19   6.431315695526076E-001       -2.405442612312573
          20   6.431315695526076E-001        2.405442612312573
          21        1.257087139178833       -2.107201615289142
          22        1.257087139178833        2.107201615289142
          23        1.348478744983034       -1.969999036067451
          24        1.348478744983034        1.969999036067451
          25        2.009762766214653       -1.088307541135528
          26        2.009762766214653        1.088307541135528
          27   7.069052121883075E-001       -2.156047369518663
          28   7.069052121883075E-001        2.156047369518663
          29   1.349504180827031E-001       -2.337230882589795
          30   1.349504180827031E-001        2.337230882589795
          31       -2.511776626177135   0.000000000000000E+000
          32  -3.077404688207475E-001       -2.156984794881842
          33  -3.077404688207475E-001        2.156984794881842
          34        1.779544777763480  -4.281024275286514E-002
          35        1.779544777763480   4.281024275286514E-002
          36        1.735326997137703  -4.377242927477453E-001
          37        1.735326997137703   4.377242927477453E-001
          38        1.574045001222902  -9.182311858138510E-001
          39        1.574045001222902   9.182311858138510E-001
          40        1.675249873852885  -5.291969242331415E-001
          41        1.675249873852885   5.291969242331415E-001
          42  -5.699265706947065E-001       -1.960039756949429
          43  -5.699265706947065E-001        1.960039756949429
          44       -2.075311652232280  -3.591261926425712E-001
          45       -2.075311652232280   3.591261926425712E-001
          46        1.256668780017792       -1.313006183748014
          47        1.256668780017792        1.313006183748014
          48   1.960809896411215E-001       -1.926357769081085
          49   1.960809896411215E-001        1.926357769081085
          50        1.426459202073462  -9.894039981590731E-001
          51        1.426459202073462   9.894039981590731E-001
          52       -1.084354358018126       -1.723049937837881
          53       -1.084354358018126        1.723049937837881
          54  -6.244180080333593E-001       -1.874683845195144
          55  -6.244180080333593E-001        1.874683845195144
          56  -2.330111991731632E-002       -1.899082070401152
          57  -2.330111991731632E-002        1.899082070401152
          58   8.479979503671026E-001       -1.568273649758364
          59   8.479979503671026E-001        1.568273649758364
          60        1.075170393195700       -1.355089354259205
          61        1.075170393195700        1.355089354259205
          62   4.402256434350738E-001       -1.726874968660205
          63   4.402256434350738E-001        1.726874968660205
          64  -1.381670789199097E-002       -1.827374234995319
          65  -1.381670789199097E-002        1.827374234995319
          66   6.858811559846595E-001       -1.579107545488705
          67   6.858811559846595E-001        1.579107545488705
          68        1.506248686786250  -2.233951546452609E-001
          69        1.506248686786250   2.233951546452609E-001
          70        1.383900501451024  -6.757729076820688E-001
          71        1.383900501451024   6.757729076820688E-001
          72        1.132252095068085       -1.083476239043829
          73        1.132252095068085        1.083476239043829
          74  -4.583649713329812E-001       -1.762535904776756
          75  -4.583649713329812E-001        1.762535904776756
          76   2.499036177098636E-001       -1.676985188239161
          77   2.499036177098636E-001        1.676985188239161
          78       -1.675481186888410  -9.166313505732352E-001
          79       -1.675481186888410   9.166313505732352E-001
          80  -7.931109221264613E-001       -1.637174383292295
          81  -7.931109221264613E-001        1.637174383292295
          82   7.634046792495183E-001       -1.355602643832901
          83   7.634046792495183E-001        1.355602643832901
          84       -1.192286457080351       -1.366828739512046
          85       -1.192286457080351        1.366828739512046
          86       -1.411843299211392       -1.160639239981728
          87       -1.411843299211392        1.160639239981728
          88  -2.680833437774114E-001       -1.649054946306355
          89  -2.680833437774114E-001        1.649054946306355
          90  -7.594467013759358E-001       -1.539354872066451
          91  -7.594467013759358E-001        1.539354872066451
          92       -1.033321795533815       -1.377620641329970
          93       -1.033321795533815        1.377620641329970
          94  -7.306418404610998E-001       -1.517237119323366
          95  -7.306418404610998E-001        1.517237119323366
          96   3.031148433337047E-001       -1.497973496118057
          97   3.031148433337047E-001        1.497973496118057
          98   6.349621031349978E-002       -1.516635778034365
          99   6.349621031349978E-002        1.516635778034365
         100        1.161387358531959  -3.103514840435300E-001
         101        1.161387358531959   3.103514840435300E-001
         102        1.181039612412543  -4.366544779103072E-002
         103        1.181039612412543   4.366544779103072E-002
         104        1.137470177019456  -2.407774115981798E-001
         105        1.137470177019456   2.407774115981798E-001
         106        1.148393380785250  -1.512617974707236E-001
         107        1.148393380785250   1.512617974707236E-001
         108        1.104306968162553  -4.344034560697784E-001
         109        1.104306968162553   4.344034560697784E-001
         110        1.112395708187564  -1.463971435110454E-001
         111        1.112395708187564   1.463971435110454E-001
         112        1.075561500558351  -5.050539912453694E-001
         113        1.075561500558351   5.050539912453694E-001
         114        1.046933722525245  -5.711111639180014E-001
         115        1.046933722525245   5.711111639180014E-001
         116   9.861445249386796E-001  -6.960491539017923E-001
         117   9.861445249386796E-001   6.960491539017923E-001
         118        1.025359410297696  -4.400324904547624E-001
         119        1.025359410297696   4.400324904547624E-001
         120   9.388307529697106E-001  -7.352727378312299E-001
         121   9.388307529697106E-001   7.352727378312299E-001
         122   8.075621956397971E-001  -9.434671545659774E-001
         123   8.075621956397971E-001   9.434671545659774E-001
         124   8.678097612202099E-001  -8.120906079039594E-001
         125   8.678097612202099E-001   8.120906079039594E-001
         126   5.883556090729859E-001       -1.157401732537029
         127   5.883556090729859E-001        1.157401732537029
         128   3.707604564357937E-001       -1.302475868649967
         129   3.707604564357937E-001        1.302475868649967
         130   8.763536542122106E-001  -6.873902450974507E-001
         131   8.763536542122106E-001   6.873902450974507E-001
         132   7.483251072744979E-001  -9.247621046374106E-001
         133   7.483251072744979E-001   9.247621046374106E-001
         134   6.733167297055500E-001       -1.006431558248679
         135   6.733167297055500E-001        1.006431558248679
         136       -1.262239185484259       -1.136159095852372
         137       -1.262239185484259        1.136159095852372
         138       -1.638814601505427  -6.284478719874248E-001
         139       -1.638814601505427   6.284478719874248E-001
         140   5.087660199368661E-001       -1.075529868624960
         141   5.087660199368661E-001        1.075529868624960
         142   4.293019958199030E-001       -1.144511059612293
         143   4.293019958199030E-001        1.144511059612293
         144   8.521763741835342E-002       -1.338020396649168
         145   8.521763741835342E-002        1.338020396649168
         146   6.547388189886936E-001  -8.697342135700676E-001
         147   6.547388189886936E-001   8.697342135700676E-001
         148       -1.399765015220428  -9.189811461374114E-001
         149       -1.399765015220428   9.189811461374114E-001
         150   2.496174827267401E-001       -1.189929925950438
         151   2.496174827267401E-001        1.189929925950438
         152   1.584567536026758E-001       -1.216267595480543
         153   1.584567536026758E-001        1.216267595480543
         154       -1.676534242134774  -1.672639734941172E-001
         155       -1.676534242134774   1.672639734941172E-001
         156  -2.451146718773661E-001       -1.338168749543018
         157  -2.451146718773661E-001        1.338168749543018
         158  -2.872547785658207E-001       -1.319984665910695
         159  -2.872547785658207E-001        1.319984665910695
         160  -1.889115058570623E-002       -1.232506508004120
         161  -1.889115058570623E-002        1.232506508004120
         162   3.585092284805165E-001  -9.819065039301216E-001
         163   3.585092284805165E-001   9.819065039301216E-001
         164  -7.822658937597899E-001       -1.258327506980781
         165  -7.822658937597899E-001        1.258327506980781
         166  -1.262708817624507E-001       -1.211543818655577
         167  -1.262708817624507E-001        1.211543818655577
         168  -5.308930863440741E-001       -1.256861585398496
         169  -5.308930863440741E-001        1.256861585398496
         170  -2.908819720045772E-001       -1.207148122253845
         171  -2.908819720045772E-001        1.207148122253845
         172   6.952013392664724E-002       -1.052133540682874
         173   6.952013392664724E-002        1.052133540682874
         174       -1.407172831259377  -6.962606650448984E-001
         175       -1.407172831259377   6.962606650448984E-001
         176  -4.008900275303237E-001       -1.149184230169762
         177  -4.008900275303237E-001        1.149184230169762
         178  -6.041528891785868E-001       -1.156806643511196
         179  -6.041528891785868E-001        1.156806643511196
         180  -7.861687033431376E-001       -1.120401169567254
         181  -7.861687033431376E-001        1.120401169567254
         182  -5.615756691161544E-001       -1.121849226303185
         183  -5.615756691161544E-001        1.121849226303185
         184  -7.648887011820843E-001       -1.093707767414328
         185  -7.648887011820843E-001        1.093707767414328
         186  -2.161324626679191E-001       -1.023461206876200
         187  -2.161324626679191E-001        1.023461206876200
         188       -1.137240286624836  -8.682183092574710E-001
         189       -1.137240286624836   8.682183092574710E-001
         190  -9.827757290458276E-001  -9.603706821418833E-001
         191  -9.827757290458276E-001   9.603706821418833E-001
         192       -1.279983719936342  -6.973167647257552E-001
         193       -1.279983719936342   6.973167647257552E-001
         194       -1.413250890493585  -4.523738686763454E-001
         195       -1.413250890493585   4.523738686763454E-001
         196  -8.178150196093442E-001  -9.987052366289613E-001
         197  -8.178150196093442E-001   9.987052366289613E-001
         198  -6.564726541389312E-001       -1.002796716633384
         199  -6.564726541389312E-001        1.002796716633384
         200  -8.515010849118196E-001  -9.394273273550967E-001
         201  -8.515010849118196E-001   9.394273273550967E-001
         202  -7.544500965104068E-001  -9.641659142029314E-001
         203  -7.544500965104068E-001   9.641659142029314E-001
         204       -1.057150162169711  -7.949095298600754E-001
         205       -1.057150162169711   7.949095298600754E-001
         206       -1.218426567211878  -6.404814460148089E-001
         207       -1.218426567211878   6.404814460148089E-001
         208       -1.321498002303041  -4.611555754023541E-001
         209       -1.321498002303041   4.611555754023541E-001
         210       -1.414819731153773  -2.183266072073228E-001
         211       -1.414819731153773   2.183266072073228E-001
         212       -1.379303540916076  -2.273787306469103E-001
         213       -1.379303540916076   2.273787306469103E-001
         214       -1.396342889379226  -7.755061156992522E-002
         215       -1.396342889379226   7.755061156992522E-002
         216       -1.372025964851269  -5.489403403147407E-002
         217       -1.372025964851269   5.489403403147407E-002
         218       -1.251638841138811  -4.734671450339506E-001
         219       -1.251638841138811   4.734671450339506E-001
         220       -1.318914764986663  -2.456739471691352E-001
         221       -1.318914764986663   2.456739471691352E-001
         222  -7.736037030233773E-001  -8.583349709835503E-001
         223  -7.736037030233773E-001   8.583349709835503E-001
         224  -4.888694860225819E-001  -8.955539380490760E-001
         225  -4.888694860225819E-001   8.955539380490760E-001
         226  -3.760848721451100E-001  -8.801780311144047E-001
         227  -3.760848721451100E-001   8.801780311144047E-001
         228  -8.576272213096285E-001  -7.968266745381736E-001
         229  -8.576272213096285E-001   7.968266745381736E-001
         230  -5.881476651520915E-001  -8.033078533885810E-001
         231  -5.881476651520915E-001   8.033078533885810E-001
         232       -1.013012747791492  -6.363089254582726E-001
         233       -1.013012747791492   6.363089254582726E-001
         234  -8.167378155347367E-001  -7.448345769564220E-001
         235  -8.167378155347367E-001   7.448345769564220E-001
         236       -1.005526115862999  -5.759277974719957E-001
         237       -1.005526115862999   5.759277974719957E-001
         238  -7.120057816085804E-001  -6.966734934386027E-001
         239  -7.120057816085804E-001   6.966734934386027E-001
         240  -7.782954727195706E-001  -6.727416627293165E-001
         241  -7.782954727195706E-001   6.727416627293165E-001
         242  -8.746628387661335E-001  -6.233105667913157E-001
         243  -8.746628387661335E-001   6.233105667913157E-001
         244       -1.102339293792141  -3.335719788889860E-001
         245       -1.102339293792141   3.335719788889860E-001
         246       -1.085916188189804  -3.436869779985500E-001
         247       -1.085916188189804   3.436869779985500E-001
         248       -1.103380595664244  -7.269859320399438E-002
         249       -1.103380595664244   7.269859320399438E-002
         250       -1.095871849139117  -9.209137806150955E-002
         251       -1.095871849139117   9.209137806150955E-002
         252       -1.055480974711117  -1.542315169515466E-001
         253       -1.055480974711117   1.542315169515466E-001
         254       -1.034877275694553  -1.542491894309922E-001
         255       -1.034877275694553   1.542491894309922E-001
         256       -1.012464246941804  -3.319044394095040E-001
         257       -1.012464246941804   3.319044394095040E-001
         258  -8.709703810720954E-001  -5.290904480532701E-001
         259  -8.709703810720954E-001   5.290904480532701E-001
         260  -9.595315618890488E-001  -3.698358193619600E-001
         261  -9.595315618890488E-001   3.698358193619600E-001
         262  -9.210929499393322E-001  -4.850945859062511E-001
         263  -9.210929499393322E-001   4.850945859062511E-001
         264  -8.797219275775279E-001  -4.452451222275440E-001
         265  -8.797219275775279E-001   4.452451222275440E-001
         266  -9.431040870758132E-001  -1.570500123705324E-001
         267  -9.431040870758132E-001   1.570500123705324E-001
         268  -8.763404086892902E-001  -1.374433952205489E-001
         269  -8.763404086892902E-001   1.374433952205489E-001
         270  -1.948558908202590E-001  -8.891898311076514E-001
         271  -1.948558908202590E-001   8.891898311076514E-001
         272  -6.979535933296062E-001  -3.390348515212960E-001
         273  -6.979535933296062E-001   3.390348515212960E-001
         274  -2.331561709329472E-002  -8.371020673485847E-001
         275  -2.331561709329472E-002   8.371020673485847E-001
         276  -5.309878218640747E-001  -4.299852976056458E-001
         277  -5.309878218640747E-001   4.299852976056458E-001
         278  -3.902617425954529E-001  -4.717520267047942E-001
         279  -3.902617425954529E-001   4.717520267047942E-001
         280   1.574300814204883E-001  -7.330545457830012E-001
         281   1.574300814204883E-001   7.330545457830012E-001
         282  -2.678664441290770E-001  -4.910930623063888E-001
         283  -2.678664441290770E-001   4.910930623063888E-001
         284  -1.619792802209998E-001  -5.023779253678826E-001
         285  -1.619792802209998E-001   5.023779253678826E-001
         286   3.043951145589119E-001  -6.123604442151449E-001
         287   3.043951145589119E-001   6.123604442151449E-001
         288  -6.995396051060340E-002  -5.001960748458701E-001
         289  -6.995396051060340E-002   5.001960748458701E-001
         290  -1.706196461384206E-001   0.000000000000000E+000
         291   1.588039681516668E-002  -4.797930865715601E-001
         292   1.588039681516668E-002   4.797930865715601E-001
         293   3.318691539442106E-001  -4.919604684599311E-001
         294   3.318691539442106E-001   4.919604684599311E-001
         295   4.003143824657833E-001  -4.621960586493656E-001
         296   4.003143824657833E-001   4.621960586493656E-001
         297   1.033753952934423E-001  -4.476748741424150E-001
         298   1.033753952934423E-001   4.476748741424150E-001
         299   1.875068108082829E-001  -4.161625705095181E-001
         300   1.875068108082829E-001   4.161625705095181E-001
         301   4.620244393621771E-001  -3.536891249873346E-001
         302   4.620244393621771E-001   3.536891249873346E-001
         303   2.633708217787051E-001  -3.710256685859810E-001
         304   2.633708217787051E-001   3.710256685859810E-001
         305   3.294418311360386E-001  -3.108643186615634E-001
         306   3.294418311360386E-001   3.108643186615634E-001
         307   4.958793048413320E-001  -2.342214685149867E-001
         308   4.958793048413320E-001   2.342214685149867E-001
         309   3.871979266385264E-001  -2.524543633112871E-001
         310   3.871979266385264E-001   2.524543633112871E-001
         311   4.203570967218697E-001  -1.871704568160102E-001
         312   4.203570967218697E-001   1.871704568160102E-001
         313   5.016435109742367E-001  -1.236194628189801E-001
         314   5.016435109742367E-001   1.236194628189801E-001
         315   4.458041783900416E-001  -1.137185092495385E-001
         316   4.458041783900416E-001   1.137185092495385E-001
         317   4.799706769000294E-001  -4.264635525153644E-002
         318   4.799706769000294E-001   4.264635525153644E-002
         319   1.487378594242274E-001   0.000000000000000E+000
         320   4.677640384749340E-001   0.000000000000000E+000



           - AUTOVALORES DIFERENTES E REAIS e positivos - 
          REAL
           1   1.487378594242274E-001
           2   4.677640384749340E-001
