 ************************************************************************************************************************
                         Exem


DATA

  NUMERO DE ELEMENTOS DE CONTORNO= 80

  NUMERO DE NÓS FUNCIONAIS= 84

  NUMERO DE PONTOS INTERNOS ONDE A FUNC. É CALCULADA= 80




  COORDENADAS DOS PONTOS FONTE DOS ELEMENTOS DE CONTORNO

    PONTO          X                  Y
        1       .0000000E+00       .0000000E+00
        2       .5000000E-01       .0000000E+00
        3       .1000000E+00       .0000000E+00
        4       .1500000E+00       .0000000E+00
        5       .2000000E+00       .0000000E+00
        6       .2500000E+00       .0000000E+00
        7       .3000000E+00       .0000000E+00
        8       .3500000E+00       .0000000E+00
        9       .4000000E+00       .0000000E+00
       10       .4500000E+00       .0000000E+00
       11       .5000000E+00       .0000000E+00
       12       .5500000E+00       .0000000E+00
       13       .6000000E+00       .0000000E+00
       14       .6500000E+00       .0000000E+00
       15       .7000000E+00       .0000000E+00
       16       .7500000E+00       .0000000E+00
       17       .8000000E+00       .0000000E+00
       18       .8500000E+00       .0000000E+00
       19       .9000000E+00       .0000000E+00
       20       .9500000E+00       .0000000E+00
       21       .1000000E+01       .0000000E+00
       22       .1000000E+01       .0000000E+00
       23       .1000000E+01       .5000000E-01
       24       .1000000E+01       .1000000E+00
       25       .1000000E+01       .1500000E+00
       26       .1000000E+01       .2000000E+00
       27       .1000000E+01       .2500000E+00
       28       .1000000E+01       .3000000E+00
       29       .1000000E+01       .3500000E+00
       30       .1000000E+01       .4000000E+00
       31       .1000000E+01       .4500000E+00
       32       .1000000E+01       .5000000E+00
       33       .1000000E+01       .5500000E+00
       34       .1000000E+01       .6000000E+00
       35       .1000000E+01       .6500000E+00
       36       .1000000E+01       .7000000E+00
       37       .1000000E+01       .7500000E+00
       38       .1000000E+01       .8000000E+00
       39       .1000000E+01       .8500000E+00
       40       .1000000E+01       .9000000E+00
       41       .1000000E+01       .9500000E+00
       42       .1000000E+01       .1000000E+01
       43       .1000000E+01       .1000000E+01
       44       .9500000E+00       .1000000E+01
       45       .9000000E+00       .1000000E+01
       46       .8500000E+00       .1000000E+01
       47       .8000000E+00       .1000000E+01
       48       .7500000E+00       .1000000E+01
       49       .7000000E+00       .1000000E+01
       50       .6500000E+00       .1000000E+01
       51       .6000000E+00       .1000000E+01
       52       .5500000E+00       .1000000E+01
       53       .5000000E+00       .1000000E+01
       54       .4500000E+00       .1000000E+01
       55       .4000000E+00       .1000000E+01
       56       .3500000E+00       .1000000E+01
       57       .3000000E+00       .1000000E+01
       58       .2500000E+00       .1000000E+01
       59       .2000000E+00       .1000000E+01
       60       .1500000E+00       .1000000E+01
       61       .1000000E+00       .1000000E+01
       62       .5000000E-01       .1000000E+01
       63       .0000000E+00       .1000000E+01
       64       .0000000E+00       .1000000E+01
       65       .0000000E+00       .9500000E+00
       66       .0000000E+00       .9000000E+00
       67       .0000000E+00       .8500000E+00
       68       .0000000E+00       .8000000E+00
       69       .0000000E+00       .7500000E+00
       70       .0000000E+00       .7000000E+00
       71       .0000000E+00       .6500000E+00
       72       .0000000E+00       .6000000E+00
       73       .0000000E+00       .5500000E+00
       74       .0000000E+00       .5000000E+00
       75       .0000000E+00       .4500000E+00
       76       .0000000E+00       .4000000E+00
       77       .0000000E+00       .3500000E+00
       78       .0000000E+00       .3000000E+00
       79       .0000000E+00       .2500000E+00
       80       .0000000E+00       .2000000E+00
       81       .0000000E+00       .1500000E+00
       82       .0000000E+00       .1000000E+00
       83       .0000000E+00       .5000000E-01
       84       .0000000E+00       .0000000E+00
       85       .1500000E+00       .1500000E+00
       86       .2500000E+00       .1500000E+00
       87       .3500000E+00       .1500000E+00
       88       .5000000E+00       .1500000E+00
       89       .6500000E+00       .1500000E+00
       90       .7500000E+00       .1500000E+00
       91       .8500000E+00       .1500000E+00
       92       .1500000E+00       .2500000E+00
       93       .2500000E+00       .2500000E+00
       94       .3500000E+00       .2500000E+00
       95       .5000000E+00       .2500000E+00
       96       .6500000E+00       .2500000E+00
       97       .7500000E+00       .2500000E+00
       98       .8500000E+00       .2500000E+00
       99       .1500000E+00       .3500000E+00
      100       .2500000E+00       .3500000E+00
      101       .3500000E+00       .3500000E+00
      102       .5000000E+00       .3500000E+00
      103       .6500000E+00       .3500000E+00
      104       .7500000E+00       .3500000E+00
      105       .8500000E+00       .3500000E+00
      106       .1500000E+00       .5000000E+00
      107       .2500000E+00       .5000000E+00
      108       .3500000E+00       .5000000E+00
      109       .6500000E+00       .5000000E+00
      110       .7500000E+00       .5000000E+00
      111       .8500000E+00       .5000000E+00
      112       .1500000E+00       .6500000E+00
      113       .2500000E+00       .6500000E+00
      114       .3500000E+00       .6500000E+00
      115       .5000000E+00       .6500000E+00
      116       .6500000E+00       .6500000E+00
      117       .7500000E+00       .6500000E+00
      118       .8500000E+00       .6500000E+00
      119       .1500000E+00       .7500000E+00
      120       .2500000E+00       .7500000E+00
      121       .3500000E+00       .7500000E+00
      122       .5000000E+00       .7500000E+00
      123       .6500000E+00       .7500000E+00
      124       .7500000E+00       .7500000E+00
      125       .8500000E+00       .7500000E+00
      126       .1500000E+00       .8500000E+00
      127       .2500000E+00       .8500000E+00
      128       .3500000E+00       .8500000E+00
      129       .5000000E+00       .8500000E+00
      130       .6500000E+00       .8500000E+00
      131       .7000000E+00       .8500000E+00
      132       .8500000E+00       .8500000E+00
      133       .9000000E-01       .9000000E-01
      134       .9000000E-01       .3000000E+00
      135       .9000000E-01       .7000000E+00
      136       .9000000E-01       .9100000E+00
      137       .3000000E+00       .9000000E-01
      138       .3000000E+00       .3000000E+00
      139       .3000000E+00       .7000000E+00
      140       .3000000E+00       .9100000E+00
      141       .7000000E+00       .9000000E-01
      142       .7000000E+00       .3000000E+00
      143       .7000000E+00       .7000000E+00
      144       .7000000E+00       .9100000E+00
      145       .9100000E+00       .9000000E-01
      146       .9100000E+00       .3000000E+00
      147       .9100000E+00       .7000000E+00
      148       .9100000E+00       .9100000E+00
      149       .2000000E+00       .2000000E+00
      150       .2000000E+00       .4200000E+00
      151       .2000000E+00       .5800000E+00
      152       .2000000E+00       .8000000E+00
      153       .4200000E+00       .2000000E+00
      154       .4200000E+00       .4200000E+00
      155       .4200000E+00       .5800000E+00
      156       .4200000E+00       .8000000E+00
      157       .5800000E+00       .2000000E+00
      158       .5800000E+00       .4200000E+00
      159       .5800000E+00       .5800000E+00
      160       .5800000E+00       .8000000E+00
      161       .8000000E+00       .2000000E+00
      162       .8000000E+00       .4200000E+00
      163       .8000000E+00       .5800000E+00
      164       .8000000E+00       .8000000E+00


  CONDICOES DE CONTORNO

       INDICE   NÓ        NÓ          VALOR PRESCRITO
       1        0         84          .0000000E+00
       2        0          0          .0000000E+00
       3        0          0          .0000000E+00
       4        0          0          .0000000E+00
       5        0          0          .0000000E+00
       6        0          0          .0000000E+00
       7        0          0          .0000000E+00
       8        0          0          .0000000E+00
       9        0          0          .0000000E+00
      10        0          0          .0000000E+00
      11        0          0          .0000000E+00
      12        0          0          .0000000E+00
      13        0          0          .0000000E+00
      14        0          0          .0000000E+00
      15        0          0          .0000000E+00
      16        0          0          .0000000E+00
      17        0          0          .0000000E+00
      18        0          0          .0000000E+00
      19        0          0          .0000000E+00
      20        0          0          .0000000E+00
      21        0         22          .0000000E+00
      22        0         21          .0000000E+00
      23        0          0          .0000000E+00
      24        0          0          .0000000E+00
      25        0          0          .0000000E+00
      26        0          0          .0000000E+00
      27        0          0          .0000000E+00
      28        0          0          .0000000E+00
      29        0          0          .0000000E+00
      30        0          0          .0000000E+00
      31        0          0          .0000000E+00
      32        0          0          .0000000E+00
      33        0          0          .0000000E+00
      34        0          0          .0000000E+00
      35        0          0          .0000000E+00
      36        0          0          .0000000E+00
      37        0          0          .0000000E+00
      38        0          0          .0000000E+00
      39        0          0          .0000000E+00
      40        0          0          .0000000E+00
      41        0          0          .0000000E+00
      42        0         43          .0000000E+00
      43        0         42          .0000000E+00
      44        0          0          .0000000E+00
      45        0          0          .0000000E+00
      46        0          0          .0000000E+00
      47        0          0          .0000000E+00
      48        0          0          .0000000E+00
      49        0          0          .0000000E+00
      50        0          0          .0000000E+00
      51        0          0          .0000000E+00
      52        0          0          .0000000E+00
      53        0          0          .0000000E+00
      54        0          0          .0000000E+00
      55        0          0          .0000000E+00
      56        0          0          .0000000E+00
      57        0          0          .0000000E+00
      58        0          0          .0000000E+00
      59        0          0          .0000000E+00
      60        0          0          .0000000E+00
      61        0          0          .0000000E+00
      62        0          0          .0000000E+00
      63        0         64          .0000000E+00
      64        0         63          .0000000E+00
      65        0          0          .0000000E+00
      66        0          0          .0000000E+00
      67        0          0          .0000000E+00
      68        0          0          .0000000E+00
      69        0          0          .0000000E+00
      70        0          0          .0000000E+00
      71        0          0          .0000000E+00
      72        0          0          .0000000E+00
      73        0          0          .0000000E+00
      74        0          0          .0000000E+00
      75        0          0          .0000000E+00
      76        0          0          .0000000E+00
      77        0          0          .0000000E+00
      78        0          0          .0000000E+00
      79        0          0          .0000000E+00
      80        0          0          .0000000E+00
      81        0          0          .0000000E+00
      82        0          0          .0000000E+00
      83        0          0          .0000000E+00
      84        0          1          .0000000E+00


  INCIDENCIA DOS NOS GEOMETRICOS

       INDICE     PRIM. NÓ      SEG. NÓ
       1          1       2
       2          2       3
       3          3       4
       4          4       5
       5          5       6
       6          6       7
       7          7       8
       8          8       9
       9          9      10
      10         10      11
      11         11      12
      12         12      13
      13         13      14
      14         14      15
      15         15      16
      16         16      17
      17         17      18
      18         18      19
      19         19      20
      20         20      21
      21         22      23
      22         23      24
      23         24      25
      24         25      26
      25         26      27
      26         27      28
      27         28      29
      28         29      30
      29         30      31
      30         31      32
      31         32      33
      32         33      34
      33         34      35
      34         35      36
      35         36      37
      36         37      38
      37         38      39
      38         39      40
      39         40      41
      40         41      42
      41         43      44
      42         44      45
      43         45      46
      44         46      47
      45         47      48
      46         48      49
      47         49      50
      48         50      51
      49         51      52
      50         52      53
      51         53      54
      52         54      55
      53         55      56
      54         56      57
      55         57      58
      56         58      59
      57         59      60
      58         60      61
      59         61      62
      60         62      63
      61         64      65
      62         65      66
      63         66      67
      64         67      68
      65         68      69
      66         69      70
      67         70      71
      68         71      72
      69         72      73
      70         73      74
      71         74      75
      72         75      76
      73         76      77
      74         77      78
      75         78      79
      76         79      80
      77         80      81
      78         81      82
      79         82      83
      80         83      84
 NOVAS COORDENADAS DOS NOS DUPLOS
      .0010      .0000
      .0500      .0000
      .1000      .0000
      .1500      .0000
      .2000      .0000
      .2500      .0000
      .3000      .0000
      .3500      .0000
      .4000      .0000
      .4500      .0000
      .5000      .0000
      .5500      .0000
      .6000      .0000
      .6500      .0000
      .7000      .0000
      .7500      .0000
      .8000      .0000
      .8500      .0000
      .9000      .0000
      .9500      .0000
      .9990      .0000
     1.0000      .0010
     1.0000      .0500
     1.0000      .1000
     1.0000      .1500
     1.0000      .2000
     1.0000      .2500
     1.0000      .3000
     1.0000      .3500
     1.0000      .4000
     1.0000      .4500
     1.0000      .5000
     1.0000      .5500
     1.0000      .6000
     1.0000      .6500
     1.0000      .7000
     1.0000      .7500
     1.0000      .8000
     1.0000      .8500
     1.0000      .9000
     1.0000      .9500
     1.0000      .9990
      .9990     1.0000
      .9500     1.0000
      .9000     1.0000
      .8500     1.0000
      .8000     1.0000
      .7500     1.0000
      .7000     1.0000
      .6500     1.0000
      .6000     1.0000
      .5500     1.0000
      .5000     1.0000
      .4500     1.0000
      .4000     1.0000
      .3500     1.0000
      .3000     1.0000
      .2500     1.0000
      .2000     1.0000
      .1500     1.0000
      .1000     1.0000
      .0500     1.0000
      .0010     1.0000
      .0000      .9990
      .0000      .9500
      .0000      .9000
      .0000      .8500
      .0000      .8000
      .0000      .7500
      .0000      .7000
      .0000      .6500
      .0000      .6000
      .0000      .5500
      .0000      .5000
      .0000      .4500
      .0000      .4000
      .0000      .3500
      .0000      .3000
      .0000      .2500
      .0000      .2000
      .0000      .1500
      .0000      .1000
      .0000      .0500
      .0000      .0010
   
 VALORES DE DFI  ************************************
      1   .0000
      2   .0000
      3   .0000
      4   .0000
      5   .0000
      6   .0000
      7   .0000
      8   .0000
      9   .0000
     10   .0000
     11   .0000
     12   .0000
     13   .0000
     14   .0000
     15   .0000
     16   .0000
     17   .0000
     18   .0000
     19   .0000
     20   .0000
     21   .0000
     22   .0000
     23   .0000
     24   .0000
     25   .0000
     26   .0000
     27   .0000
     28   .0000
     29   .0000
     30   .0000
     31   .0000
     32   .0000
     33   .0000
     34   .0000
     35   .0000
     36   .0000
     37   .0000
     38   .0000
     39   .0000
     40   .0000
     41   .0000
     42   .0000
     43   .0000
     44   .0000
     45   .0000
     46   .0000
     47   .0000
     48   .0000
     49   .0000
     50   .0000
     51   .0000
     52   .0000
     53   .0000
     54   .0000
     55   .0000
     56   .0000
     57   .0000
     58   .0000
     59   .0000
     60   .0000
     61   .0000
     62   .0000
     63   .0000
     64   .0000
     65   .0000
     66   .0000
     67   .0000
     68   .0000
     69   .0000
     70   .0000
     71   .0000
     72   .0000
     73   .0000
     74   .0000
     75   .0000
     76   .0000
     77   .0000
     78   .0000
     79   .0000
     80   .0000
     81   .0000
     82   .0000
     83   .0000
     84   .0000
     85   .0000
     86   .0000
     87   .0000
     88   .0000
     89   .0000
     90   .0000
     91   .0000
     92   .0000
     93   .0000
     94   .0000
     95   .0000
     96   .0000
     97   .0000
     98   .0000
     99   .0000
    100   .0000
    101   .0000
    102   .0000
    103   .0000
    104   .0000
    105   .0000
    106   .0000
    107   .0000
    108   .0000
    109   .0000
    110   .0000
    111   .0000
    112   .0000
    113   .0000
    114   .0000
    115   .0000
    116   .0000
    117   .0000
    118   .0000
    119   .0000
    120   .0000
    121   .0000
    122   .0000
    123   .0000
    124   .0000
    125   .0000
    126   .0000
    127   .0000
    128   .0000
    129   .0000
    130   .0000
    131   .0000
    132   .0000
    133   .0000
    134   .0000
    135   .0000
    136   .0000
    137   .0000
    138   .0000
    139   .0000
    140   .0000
    141   .0000
    142   .0000
    143   .0000
    144   .0000
    145   .0000
    146   .0000
    147   .0000
    148   .0000
    149   .0000
    150   .0000
    151   .0000
    152   .0000
    153   .0000
    154   .0000
    155   .0000
    156   .0000
    157   .0000
    158   .0000
    159   .0000
    160   .0000
    161   .0000
    162   .0000
    163   .0000
    164   .0000
 VALORES DE AUTOV DE ENTRADA ************************
   
 VALORES DE WR_POS ORIGINAIS ************************
      1   2.39514
      2   2.39514
      3   2.26159
      4   2.26159
      5   2.29504
      6   2.29504
      7   2.11838
      8   2.11838
      9   1.41991
     10   1.41991
     11   1.19473
     12   1.19473
     13   1.58409
     14   1.58409
     15   1.86980
     16   1.86980
     17   1.67440
     18   1.67440
     19   2.01232
     20    .80634
     21    .80634
     22   1.16818
     23   1.16818
     24    .74761
     25    .74761
     26    .44234
     27    .44234
     28    .30680
     29    .30680
     30   1.57773
     31   1.57773
     32    .13315
     33    .13315
     34    .09919
     35    .09919
     36    .00000
     37    .00000
     38    .00000
     39    .00000
     40    .00000
     41    .00000
     42    .00000
     43    .00000
     44    .00000
     45    .00000
     46    .00000
     47    .00000
     48    .00000
     49    .00000
     50    .00000
     51    .00000
     52    .00000
     53    .00000
     54    .00000
     55    .00000
     56    .00000
     57    .00000
     58    .00000
     59    .00000
     60    .00000
     61    .00000
     62    .00000
     63    .00000
     64    .00000
     65    .00000
     66    .00000
     67    .00000
     68    .00000
     69    .00000
     70    .00000
     71    .00000
     72    .00000
     73    .00000
     74    .00000
     75    .00000
     76    .00000
     77    .00000
     78    .00000
     79    .00000
     80    .00000
     81    .00000
     82    .00000
     83    .00000
     84    .00000
     85    .00000
     86    .00000
     87    .00000
     88    .00000
     89    .00000
     90    .00000
     91    .00000
     92    .00000
     93    .00000
     94    .00000
     95    .00000
     96    .00000
     97    .00000
     98    .00000
     99    .00000
    100    .00000
    101    .00000
    102    .00000
    103    .00000
    104    .00000
    105    .00000
    106    .00000
    107    .00000
    108    .00000
    109    .00000
    110    .00000
    111    .00000
    112    .00000
    113    .00000
    114    .00000
    115    .00000
    116    .00000
    117    .00000
    118    .00000
    119    .00000
    120    .00000
    121    .00000
    122    .00000
    123    .00000
    124    .00000
    125    .00000
    126    .00000
    127    .00000
    128    .00000
    129    .00000
    130    .00000
    131    .00000
    132    .00000
    133    .00000
    134    .00000
    135    .00000
    136    .00000
    137    .00000
    138    .00000
    139    .00000
    140    .00000
    141    .00000
    142    .00000
    143    .00000
    144    .00000
    145    .00000
    146    .00000
    147    .00000
    148    .00000
    149    .00000
    150    .00000
    151    .00000
    152    .00000
    153    .00000
    154    .00000
    155    .00000
    156    .00000
    157    .00000
    158    .00000
    159    .00000
    160    .00000
    161    .00000
    162    .00000
    163    .00000
    164    .00000
    165    .00000
    166    .00000
    167    .00000
    168    .00000
    169    .00000
    170    .00000
    171    .00000
    172    .00000
    173    .00000
    174    .00000
    175    .00000
    176    .00000
    177    .00000
    178    .00000
    179    .00000
    180    .00000
    181    .00000
    182    .00000
    183    .00000
    184    .00000
    185    .00000
    186    .00000
    187    .00000
    188    .00000
    189    .00000
    190    .00000
    191    .00000
    192    .00000
    193    .00000
    194    .00000
    195    .00000
    196    .00000
    197    .00000
    198    .00000
    199    .00000
    200    .00000
    201    .00000
    202    .00000
    203    .00000
    204    .00000
    205    .00000
    206    .00000
    207    .00000
    208    .00000
    209    .00000
    210    .00000
    211    .00000
    212    .00000
    213    .00000
    214    .00000
    215    .00000
    216    .00000
    217    .00000
    218    .00000
    219    .00000
    220    .00000
    221    .00000
    222    .00000
    223    .00000
    224    .00000
    225    .00000
    226    .00000
    227    .00000
    228    .00000
    229    .00000
    230    .00000
    231    .00000
    232    .00000
    233    .00000
    234    .00000
    235    .00000
    236    .00000
    237    .00000
    238    .00000
    239    .00000
    240    .00000
    241    .00000
    242    .00000
    243    .00000
    244    .00000
    245    .00000
    246    .00000
    247    .00000
    248    .00000
    249    .00000
    250    .00000
    251    .00000
    252    .00000
    253    .00000
    254    .00000
    255    .00000
    256    .00000
    257    .00000
    258    .00000
    259    .00000
    260    .00000
    261    .00000
    262    .00000
    263    .00000
    264    .00000
    265    .00000
    266    .00000
    267    .00000
    268    .00000
    269    .00000
    270    .00000
    271    .00000
    272    .00000
    273    .00000
    274    .00000
    275    .00000
    276    .00000
    277    .00000
    278    .00000
    279    .00000
    280    .00000
    281    .00000
    282    .00000
    283    .00000
    284    .00000
    285    .00000
    286    .00000
    287    .00000
    288    .00000
    289    .00000
    290    .00000
    291    .00000
    292    .00000
    293    .00000
    294    .00000
    295    .00000
    296    .00000
    297    .00000
    298    .00000
    299    .00000
    300    .00000
    301    .00000
    302    .00000
    303    .00000
    304    .00000
    305    .00000
    306    .00000
    307    .00000
    308    .00000
    309    .00000
    310    .00000
    311    .00000
    312    .00000
    313    .00000
    314    .00000
    315    .00000
    316    .00000
    317    .00000
    318    .00000
    319    .00000
    320    .00000
   
 VALORES DE WRA  ************************************
 WRA ORIGINAL POSSUIA         320 NUM., REDUZIDO PARA         150 NUM.
      1    .64615
      2   1.24404
      3    .89657
      4   1.05611
      5    .97307
      6   1.01374
      7    .99320
      8   1.00342
      9    .99830
     10   1.00085
     11    .99957
     12   1.00021
     13    .99989
     14   1.00005
     15    .99997
     16   1.00001
     17    .99999
     18   1.00000
     19   1.00000
     20   1.00000
     21   1.00000
     22   1.00000
     23   1.00000
     24   1.00000
     25   1.00000
     26   1.00000
     27   1.00000
     28   1.00000
     29   1.00000
     30   1.00000
     31   1.00000
     32   1.00000
     33   1.00000
     34   1.00000
     35   1.00000
     36   1.00000
     37   1.00000
     38   1.00000
     39   1.00000
     40   1.00000
     41   1.00000
     42   1.00000
     43   1.00000
     44   1.00000
     45   1.00000
     46   1.00000
     47   1.00000
     48   1.00000
     49   1.00000
     50   1.00000
     51   1.00000
     52   1.00000
     53   1.00000
     54   1.00000
     55   1.00000
     56   1.00000
     57   1.00000
     58   1.00000
     59   1.00000
     60   1.00000
     61   1.00000
     62   1.00000
     63   1.00000
     64   1.00000
     65   1.00000
     66   1.00000
     67   1.00000
     68   1.00000
     69   1.00000
     70   1.00000
     71   1.00000
     72   1.00000
     73   1.00000
     74   1.00000
     75   1.00000
     76   1.00000
     77   1.00000
     78   1.00000
     79   1.00000
     80   1.00000
     81   1.00000
     82   1.00000
     83   1.00000
     84   1.00000
     85   1.00000
     86   1.00000
     87   1.00000
     88   1.00000
     89   1.00000
     90   1.00000
     91   1.00000
     92   1.00000
     93   1.00000
     94   1.00000
     95   1.00000
     96   1.00000
     97   1.00000
     98   1.00000
     99   1.00000
    100   1.00000
    101   1.00000
    102   1.00000
    103   1.00000
    104   1.00000
    105   1.00000
    106   1.00000
    107   1.00000
    108   1.00000
    109   1.00000
    110   1.00000
    111   1.00000
    112   1.00000
    113   1.00000
    114   1.00000
    115   1.00000
    116   1.00000
    117   1.00000
    118   1.00000
    119   1.00000
    120   1.00000
    121   1.00000
    122   1.00000
    123   1.00000
    124   1.00000
    125   1.00000
    126   1.00000
    127   1.00000
    128   1.00000
    129   1.00000
    130   1.00000
    131   1.00000
    132   1.00000
    133   1.00000
    134   1.00000
    135   1.00000
    136   1.00000
    137   1.00000
    138   1.00000
    139   1.00000
    140   1.00000
    141   1.00000
    142   1.00000
    143   1.00000
    144   1.00000
    145   1.00000
    146   1.00000
    147   1.00000
    148   1.00000
    149   1.00000
    150   1.00000



           - AUTOVALORES - 
          REAL     IMAGINARIO
           1        2.395140894435486  -3.032096659493931E-001
           2        2.395140894435486   3.032096659493931E-001
           3        2.261585282100886  -8.229173622884600E-001
           4        2.261585282100886   8.229173622884600E-001
           5        2.295041067344076  -2.791822364041410E-001
           6        2.295041067344076   2.791822364041410E-001
           7        2.118376302080212  -7.462086193022923E-001
           8        2.118376302080212   7.462086193022923E-001
           9        1.419908771005803       -1.841424994555232
          10        1.419908771005803        1.841424994555232
          11        1.194727879783533       -1.964122282519226
          12        1.194727879783533        1.964122282519226
          13        1.584092248315038       -1.618440501079744
          14        1.584092248315038        1.618440501079744
          15        1.869797455447548       -1.161157905908251
          16        1.869797455447548        1.161157905908251
          17        1.674404273100879       -1.437221492498495
          18        1.674404273100879        1.437221492498495
          19        2.012316996417640   0.000000000000000E+000
          20   8.063380428957776E-001       -1.954672495955179
          21   8.063380428957776E-001        1.954672495955179
          22        1.168177089243669       -1.701081004497708
          23        1.168177089243669        1.701081004497708
          24   7.476075100483819E-001       -1.831615648300155
          25   7.476075100483819E-001        1.831615648300155
          26   4.423421329139976E-001       -1.934239064943128
          27   4.423421329139976E-001        1.934239064943128
          28   3.067957617176425E-001       -1.863976657881043
          29   3.067957617176425E-001        1.863976657881043
          30        1.577733447445270  -7.394201647553880E-001
          31        1.577733447445270   7.394201647553880E-001
          32   1.331457377993297E-001       -1.862256018708314
          33   1.331457377993297E-001        1.862256018708314
          34   9.918582173827817E-002       -1.844773474606871
          35   9.918582173827817E-002        1.844773474606871
          36  -1.040334289979773E-001       -1.809536412927175
          37  -1.040334289979773E-001        1.809536412927175
          38  -1.437119852765910E-001       -1.735153029998110
          39  -1.437119852765910E-001        1.735153029998110
          40  -5.096097529016710E-001       -1.652215257599445
          41  -5.096097529016710E-001        1.652215257599445
          42       -1.329873078412862       -1.149502398545102
          43       -1.329873078412862        1.149502398545102
          44  -3.160270957076679E-001       -1.581602623338019
          45  -3.160270957076679E-001        1.581602623338019
          46  -8.590749484240803E-001       -1.417468957270728
          47  -8.590749484240803E-001        1.417468957270728
          48        1.339336923388692  -4.913261512272334E-001
          49        1.339336923388692   4.913261512272334E-001
          50       -1.255657391461954       -1.073638252770197
          51       -1.255657391461954        1.073638252770197
          52       -1.352105817942667  -9.597552097748291E-001
          53       -1.352105817942667   9.597552097748291E-001
          54       -1.341933713724776  -7.169730267115573E-001
          55       -1.341933713724776   7.169730267115573E-001
          56  -6.236445890409831E-001       -1.297948391767857
          57  -6.236445890409831E-001        1.297948391767857
          58  -8.714689670207866E-001       -1.154442356752317
          59  -8.714689670207866E-001        1.154442356752317
          60  -3.594743798836905E-001       -1.366287999379619
          61  -3.594743798836905E-001        1.366287999379619
          62        1.251242496007410  -2.654847578854467E-001
          63        1.251242496007410   2.654847578854467E-001
          64  -4.358083369785202E-001       -1.311264119531782
          65  -4.358083369785202E-001        1.311264119531782
          66  -2.344248534440716E-001       -1.350994416036152
          67  -2.344248534440716E-001        1.350994416036152
          68   2.741663789909045E-001       -1.296302718121568
          69   2.741663789909045E-001        1.296302718121568
          70  -3.933114389008349E-002       -1.347038092544461
          71  -3.933114389008349E-002        1.347038092544461
          72   3.321856265059680E-001       -1.249337715080187
          73   3.321856265059680E-001        1.249337715080187
          74   5.724970290337093E-001       -1.149707320733470
          75   5.724970290337093E-001        1.149707320733470
          76   6.457972685511813E-001       -1.087738779208621
          77   6.457972685511813E-001        1.087738779208621
          78   8.206158683751295E-001  -9.578910497485563E-001
          79   8.206158683751295E-001   9.578910497485563E-001
          80        1.044034939936982  -6.926140688117557E-001
          81        1.044034939936982   6.926140688117557E-001
          82       -1.436051875665307  -3.357925443096803E-001
          83       -1.436051875665307   3.357925443096803E-001
          84  -5.595273332577136E-002       -1.310805764342476
          85  -5.595273332577136E-002        1.310805764342476
          86   9.075804459915793E-001  -8.214422572760168E-001
          87   9.075804459915793E-001   8.214422572760168E-001
          88       -1.438901071791397  -4.411279000322138E-002
          89       -1.438901071791397   4.411279000322138E-002
          90       -1.031062371876342  -9.292280252417582E-001
          91       -1.031062371876342   9.292280252417582E-001
          92        1.073746463683512  -5.255668832704196E-001
          93        1.073746463683512   5.255668832704196E-001
          94       -1.287736762145186  -5.267484159475678E-001
          95       -1.287736762145186   5.267484159475678E-001
          96       -1.165239819506381  -7.093903910075841E-001
          97       -1.165239819506381   7.093903910075841E-001
          98  -5.372038195853832E-001       -1.139806412795737
          99  -5.372038195853832E-001        1.139806412795737
         100   8.594186993756887E-001  -7.144139259884811E-001
         101   8.594186993756887E-001   7.144139259884811E-001
         102       -1.228719068534984  -4.544170136174103E-001
         103       -1.228719068534984   4.544170136174103E-001
         104  -7.825277511166076E-001  -9.713255378842518E-001
         105  -7.825277511166076E-001   9.713255378842518E-001
         106        1.048427322372652   0.000000000000000E+000
         107        1.033793244077544  -8.583075338494670E-002
         108        1.033793244077544   8.583075338494670E-002
         109   8.994195872593873E-001  -5.024401946639623E-001
         110   8.994195872593873E-001   5.024401946639623E-001
         111   9.464609697117941E-001  -5.143498998427398E-002
         112   9.464609697117941E-001   5.143498998427398E-002
         113   9.297253603180173E-001  -1.646698275930452E-001
         114   9.297253603180173E-001   1.646698275930452E-001
         115   8.905707485643795E-001  -3.270885467000394E-001
         116   8.905707485643795E-001   3.270885467000394E-001
         117   8.779905312468150E-001  -3.691760023336958E-001
         118   8.779905312468150E-001   3.691760023336958E-001
         119   8.949853455340027E-001  -2.455081428392437E-001
         120   8.949853455340027E-001   2.455081428392437E-001
         121   7.682451978989466E-001  -5.905975835456955E-001
         122   7.682451978989466E-001   5.905975835456955E-001
         123   7.410032582224968E-001  -6.118103695829525E-001
         124   7.410032582224968E-001   6.118103695829525E-001
         125   7.929870884928409E-001  -4.463372290807329E-001
         126   7.929870884928409E-001   4.463372290807329E-001
         127   8.153123469256141E-001  -3.875074877263578E-001
         128   8.153123469256141E-001   3.875074877263578E-001
         129   8.700784323050632E-001  -1.765145795458427E-001
         130   8.700784323050632E-001   1.765145795458427E-001
         131   8.546144210109862E-001  -1.503826245441854E-001
         132   8.546144210109862E-001   1.503826245441854E-001
         133   7.218943504291717E-001  -5.639997796310652E-001
         134   7.218943504291717E-001   5.639997796310652E-001
         135   5.793663976735439E-001  -7.699416522407403E-001
         136   5.793663976735439E-001   7.699416522407403E-001
         137   6.754754814874615E-001  -6.126179082352713E-001
         138   6.754754814874615E-001   6.126179082352713E-001
         139  -9.935915694393593E-001  -7.682853748737898E-001
         140  -9.935915694393593E-001   7.682853748737898E-001
         141   6.830064873330013E-001  -5.087126163133402E-001
         142   6.830064873330013E-001   5.087126163133402E-001
         143   4.403856462665934E-001  -8.449189829083624E-001
         144   4.403856462665934E-001   8.449189829083624E-001
         145   5.376879619331417E-001  -7.093239686974470E-001
         146   5.376879619331417E-001   7.093239686974470E-001
         147   5.112879743715886E-001  -7.388451861911045E-001
         148   5.112879743715886E-001   7.388451861911045E-001
         149  -1.472265504407192E-001       -1.072735038378683
         150  -1.472265504407192E-001        1.072735038378683
         151  -5.834958746552099E-001  -9.896913848546468E-001
         152  -5.834958746552099E-001   9.896913848546468E-001
         153   3.408571073911679E-001  -8.437619494279516E-001
         154   3.408571073911679E-001   8.437619494279516E-001
         155       -1.215035332539772  -2.335425892917135E-001
         156       -1.215035332539772   2.335425892917135E-001
         157   2.580020807824887E-001  -8.802351116638130E-001
         158   2.580020807824887E-001   8.802351116638130E-001
         159   7.571427687339016E-002  -9.672469538679759E-001
         160   7.571427687339016E-002   9.672469538679759E-001
         161   1.434535949555076E-001  -9.352947295507023E-001
         162   1.434535949555076E-001   9.352947295507023E-001
         163   1.834178339109979E-001  -8.978004632425968E-001
         164   1.834178339109979E-001   8.978004632425968E-001
         165       -1.202619836051661  -6.273530436809234E-002
         166       -1.202619836051661   6.273530436809234E-002
         167       -1.182933020587116  -6.582645851077673E-002
         168       -1.182933020587116   6.582645851077673E-002
         169  -8.714712794876051E-002  -9.800115063004199E-001
         170  -8.714712794876051E-002   9.800115063004199E-001
         171  -2.302796956399884E-001  -9.775106715678578E-001
         172  -2.302796956399884E-001   9.775106715678578E-001
         173       -1.116544819611805  -1.977450259618347E-001
         174       -1.116544819611805   1.977450259618347E-001
         175  -6.006329667540760E-001  -8.591348526530583E-001
         176  -6.006329667540760E-001   8.591348526530583E-001
         177  -8.443599197365121E-001  -6.727802863732321E-001
         178  -8.443599197365121E-001   6.727802863732321E-001
         179  -4.015266171483837E-001  -8.835127187173966E-001
         180  -4.015266171483837E-001   8.835127187173966E-001
         181  -3.631749625861978E-001  -8.838697649703602E-001
         182  -3.631749625861978E-001   8.838697649703602E-001
         183  -5.926890207528143E-001  -8.048720813256569E-001
         184  -5.926890207528143E-001   8.048720813256569E-001
         185  -4.425642026463291E-001  -8.423193978422761E-001
         186  -4.425642026463291E-001   8.423193978422761E-001
         187  -7.225396977101606E-001  -7.165695026378035E-001
         188  -7.225396977101606E-001   7.165695026378035E-001
         189  -9.375061691100223E-001  -4.527919077301245E-001
         190  -9.375061691100223E-001   4.527919077301245E-001
         191  -6.038184636206664E-001  -7.549612450537008E-001
         192  -6.038184636206664E-001   7.549612450537008E-001
         193  -8.760014413867905E-001  -5.304154142641483E-001
         194  -8.760014413867905E-001   5.304154142641483E-001
         195  -6.185000372448863E-001  -7.280165791299418E-001
         196  -6.185000372448863E-001   7.280165791299418E-001
         197       -1.013278944645282  -1.655879383169341E-001
         198       -1.013278944645282   1.655879383169341E-001
         199  -6.173226085494307E-001  -6.740612535745911E-001
         200  -6.173226085494307E-001   6.740612535745911E-001
         201  -7.536181133096942E-001  -5.904297453628271E-001
         202  -7.536181133096942E-001   5.904297453628271E-001
         203  -9.836505806052065E-001  -6.133814533646120E-002
         204  -9.836505806052065E-001   6.133814533646120E-002
         205  -9.265203967947284E-001  -2.663578865080634E-001
         206  -9.265203967947284E-001   2.663578865080634E-001
         207  -7.386230301470063E-001  -5.622793290605584E-001
         208  -7.386230301470063E-001   5.622793290605584E-001
         209  -7.608927767545723E-001  -5.321975198354001E-001
         210  -7.608927767545723E-001   5.321975198354001E-001
         211  -8.068653591169664E-001  -4.784338116778942E-001
         212  -8.068653591169664E-001   4.784338116778942E-001
         213  -9.418240290642930E-001  -7.598839835778867E-002
         214  -9.418240290642930E-001   7.598839835778867E-002
         215  -8.112802349848369E-001  -3.946044139680778E-001
         216  -8.112802349848369E-001   3.946044139680778E-001
         217  -8.889550382470352E-001  -5.044085891955573E-002
         218  -8.889550382470352E-001   5.044085891955573E-002
         219  -8.831468660792787E-001  -1.596025549838772E-001
         220  -8.831468660792787E-001   1.596025549838772E-001
         221  -8.781735936882171E-001  -1.192756961694881E-001
         222  -8.781735936882171E-001   1.192756961694881E-001
         223  -8.510337959000536E-001  -1.282225247289978E-001
         224  -8.510337959000536E-001   1.282225247289978E-001
         225  -8.156971009141905E-001  -3.330722020679658E-001
         226  -8.156971009141905E-001   3.330722020679658E-001
         227  -8.185543344969651E-001  -2.910181808400570E-001
         228  -8.185543344969651E-001   2.910181808400570E-001
         229  -7.505473433500420E-001  -4.373728890527326E-001
         230  -7.505473433500420E-001   4.373728890527326E-001
         231  -6.640007768478821E-001  -5.584876245761371E-001
         232  -6.640007768478821E-001   5.584876245761371E-001
         233  -2.303664198127950E-001  -9.174276543831343E-001
         234  -2.303664198127950E-001   9.174276543831343E-001
         235  -2.326414021227891E-002  -9.289890942548819E-001
         236  -2.326414021227891E-002   9.289890942548819E-001
         237  -4.343719826447572E-001  -7.795159396823986E-001
         238  -4.343719826447572E-001   7.795159396823986E-001
         239   1.283409788114164E-001  -8.698433762279965E-001
         240   1.283409788114164E-001   8.698433762279965E-001
         241  -1.879181544352643E-001  -8.846062552507394E-001
         242  -1.879181544352643E-001   8.846062552507394E-001
         243  -1.253551840223359E-001  -8.818648381037030E-001
         244  -1.253551840223359E-001   8.818648381037030E-001
         245   4.706985870833693E-001  -6.546692121333031E-001
         246   4.706985870833693E-001   6.546692121333031E-001
         247   2.675011743038960E-001  -7.483722326108856E-001
         248   2.675011743038960E-001   7.483722326108856E-001
         249  -5.018415216345167E-001  -6.343503538494283E-001
         250  -5.018415216345167E-001   6.343503538494283E-001
         251  -6.131936023971417E-001  -4.476726514375775E-001
         252  -6.131936023971417E-001   4.476726514375775E-001
         253  -5.078851391436059E-001  -5.340466957049928E-001
         254  -5.078851391436059E-001   5.340466957049928E-001
         255  -2.931587309645044E-001  -7.100925191627544E-001
         256  -2.931587309645044E-001   7.100925191627544E-001
         257  -3.574532486814400E-001  -6.497600916934813E-001
         258  -3.574532486814400E-001   6.497600916934813E-001
         259   4.669315330247138E-002  -7.641008922846567E-001
         260   4.669315330247138E-002   7.641008922846567E-001
         261  -1.439081606103631E-001  -7.303584041127511E-001
         262  -1.439081606103631E-001   7.303584041127511E-001
         263  -1.645559486195589E-001  -7.215389980166679E-001
         264  -1.645559486195589E-001   7.215389980166679E-001
         265  -5.986504446854222E-001  -3.512681443239492E-001
         266  -5.986504446854222E-001   3.512681443239492E-001
         267  -6.319975179343944E-001  -1.648077613102211E-001
         268  -6.319975179343944E-001   1.648077613102211E-001
         269  -6.280826364375938E-001   0.000000000000000E+000
         270  -6.194900828353761E-001   0.000000000000000E+000
         271  -5.749868796172131E-001  -1.396477816363884E-001
         272  -5.749868796172131E-001   1.396477816363884E-001
         273  -5.924226276493333E-003  -7.036716839502568E-001
         274  -5.924226276493333E-003   7.036716839502568E-001
         275   1.162870637383756E-001  -6.774447416829567E-001
         276   1.162870637383756E-001   6.774447416829567E-001
         277  -4.280779083468319E-001  -2.356222615106605E-001
         278  -4.280779083468319E-001   2.356222615106605E-001
         279  -3.424811885197561E-001  -3.242253155812334E-001
         280  -3.424811885197561E-001   3.242253155812334E-001
         281   2.396321233050842E-001  -5.657000472413808E-001
         282   2.396321233050842E-001   5.657000472413808E-001
         283  -2.556357247869014E-001  -3.777924422531369E-001
         284  -2.556357247869014E-001   3.777924422531369E-001
         285  -1.882462643590338E-001  -4.130906886722180E-001
         286  -1.882462643590338E-001   4.130906886722180E-001
         287  -1.152900243928563E-001  -4.067359030541091E-001
         288  -1.152900243928563E-001   4.067359030541091E-001
         289  -3.292675924976116E-002  -4.011691760120244E-001
         290  -3.292675924976116E-002   4.011691760120244E-001
         291   3.230998819748539E-001  -4.729568274344609E-001
         292   3.230998819748539E-001   4.729568274344609E-001
         293   4.835420310137664E-002  -3.889800389318510E-001
         294   4.835420310137664E-002   3.889800389318510E-001
         295   8.812285129848074E-002  -3.860985303734901E-001
         296   8.812285129848074E-002   3.860985303734901E-001
         297   3.838301174523924E-001  -3.726808695429817E-001
         298   3.838301174523924E-001   3.726808695429817E-001
         299   1.824144059745902E-001  -3.191368874197351E-001
         300   1.824144059745902E-001   3.191368874197351E-001
         301   2.592037922351855E-001  -3.478821452323208E-001
         302   2.592037922351855E-001   3.478821452323208E-001
         303   4.016557235493298E-001  -3.244984099774321E-001
         304   4.016557235493298E-001   3.244984099774321E-001
         305   4.163368985866178E-001  -2.783444975310920E-001
         306   4.163368985866178E-001   2.783444975310920E-001
         307   2.886282094454672E-001  -2.513922235031099E-001
         308   2.886282094454672E-001   2.513922235031099E-001
         309   4.344426701709752E-001  -1.828912920469260E-001
         310   4.344426701709752E-001   1.828912920469260E-001
         311   3.415985565087052E-001  -1.796637909806975E-001
         312   3.415985565087052E-001   1.796637909806975E-001
         313   4.368595330373257E-001  -9.639877219285711E-002
         314   4.368595330373257E-001   9.639877219285711E-002
         315   3.765326755879775E-001  -1.211478804856884E-001
         316   3.765326755879775E-001   1.211478804856884E-001
         317   4.050334065954357E-001  -5.783808610177809E-002
         318   4.050334065954357E-001   5.783808610177809E-002
         319   4.297528792996621E-001  -5.636348860904156E-003
         320   4.297528792996621E-001   5.636348860904156E-003



           - AUTOVALORES DIFERENTES E REAIS e positivos - 
          REAL
           1        1.048427322372652
           2        2.012316996417640
**** singularity in row   71
