Exemplo de barra bidimensional          
 80
 84
 80
  1    .000       .000
  2    .050       .000
  3    .100       .000
  4    .150       .000
  5    .200       .000
  6    .250       .000
  7    .300       .000
  8    .350       .000
  9    .400       .000
 10    .450       .000
 11    .500       .000
 12    .550       .000
 13    .600       .000
 14    .650       .000
 15    .700       .000
 16    .750       .000
 17    .800       .000
 18    .850       .000
 19    .900       .000
 20    .950       .000
 21   1.000       .000
 22   1.000       .000
 23   1.000       .050
 24   1.000       .100
 25   1.000       .150
 26   1.000       .200
 27   1.000       .250
 28   1.000       .300
 29   1.000       .350
 30   1.000       .400
 31   1.000       .450
 32   1.000       .500
 33   1.000       .550
 34   1.000       .600
 35   1.000       .650
 36   1.000       .700
 37   1.000       .750
 38   1.000       .800
 39   1.000       .850
 40   1.000       .900
 41   1.000       .950
 42   1.000      1.000
 43   1.000      1.000
 44    .950      1.000
 45    .900      1.000
 46    .850      1.000
 47    .800      1.000
 48    .750      1.000
 49    .700      1.000
 50    .650      1.000
 51    .600      1.000
 52    .550      1.000
 53    .500      1.000
 54    .450      1.000
 55    .400      1.000
 56    .350      1.000
 57    .300      1.000
 58    .250      1.000
 59    .200      1.000
 60    .150      1.000
 61    .100      1.000
 62    .050      1.000
 63    .000      1.000
 64    .000      1.000
 65    .000       .950
 66    .000       .900
 67    .000       .850
 68    .000       .800
 69    .000       .750
 70    .000       .700
 71    .000       .650
 72    .000       .600
 73    .000       .550
 74    .000       .500
 75    .000       .450
 76    .000       .400
 77    .000       .350
 78    .000       .300
 79    .000       .250
 80    .000       .200
 81    .000       .150
 82    .000       .100
 83    .000       .050
 84    .000       .000
 85    0.15       0.15
 86    0.25       0.15
 87    0.35       0.15
 88    0.50       0.15
 89    0.65       0.15
 90    0.75       0.15
 91    0.85       0.15
 92    0.15       0.25
 93    0.25       0.25
 94    0.35       0.25
 95    0.50       0.25
 96    0.65       0.25
 97    0.75       0.25
 98    0.85       0.25
 99    0.15       0.35
100    0.25       0.35
101    0.35       0.35
102    0.50       0.35
103    0.65       0.35
104    0.75       0.35
105    0.85       0.35
106    0.15       0.5
107    0.25       0.5
108    0.35       0.5
109    0.65       0.5
110    0.75       0.5
111    0.85       0.5
112    0.15       0.65
113    0.25       0.65
114    0.35       0.65
115    0.50       0.65
116    0.65       0.65
117    0.75       0.65
118    0.85       0.65
119    0.15       0.75
120    0.25       0.75
121    0.35       0.75
122    0.50       0.75
123    0.65       0.75
124    0.75       0.75
125    0.85       0.75
126    0.15       0.85
127    0.25       0.85
128    0.35       0.85
129    0.50       0.85
130    0.65       0.85
131    0.70       0.85
132    0.85       0.85
133    0.09       0.09 
134    0.09       0.3
135    0.09       0.7
136    0.09       0.91
137    0.3        0.09
138    0.3        0.3
139    0.3        0.7
140    0.3        0.91
141    0.7        0.09
142    0.7        0.3
143    0.7        0.7
144    0.7        0.91
145    0.91       0.09
146    0.91       0.3
147    0.91       0.7
148    0.91       0.91
149    0.20       0.2
150    0.20       0.42
151    0.20       0.58
152    0.20       0.8
153    0.42       0.2
154    0.42       0.42
155    0.42       0.58
156    0.42       0.8
157    0.58       0.2
158    0.58       0.42 
159    0.58       0.58
160    0.58       0.8
161    0.80       0.2
162    0.80       0.42
163    0.80       0.58
164    0.80       0.8
   1   84     .000
   1    0     .000
   1    0     .000
   1    0     .000
   1    0     .000
   1    0     .000
   1    0     .000
   1    0     .000
   1    0     .000
   1    0     .000
   1    0     .000
   1    0     .000
   1    0     .000
   1    0     .000
   1    0     .000
   1    0     .000
   1    0     .000
   1    0     .000
   1    0     .000
   1    0     .000
   1   22     .000
   1   21     .000
   1    0     .000
   1    0     .000
   1    0     .000
   1    0     .000
   1    0     .000
   1    0     .000
   1    0     .000
   1    0     .000
   1    0     .000
   1    0     .000
   1    0     .000
   1    0     .000
   1    0     .000
   1    0     .000
   1    0     .000
   1    0     .000
   1    0     .000
   1    0     .000
   1    0     .000
   1   43     .000
   1   42     .000
   1    0     .000
   1    0     .000
   1    0     .000
   1    0     .000
   1    0     .000
   1    0     .000
   1    0     .000
   1    0     .000
   1    0     .000
   1    0     .000
   1    0     .000
   1    0     .000
   1    0     .000
   1    0     .000
   1    0     .000
   1    0     .000
   1    0     .000
   1    0     .000
   1    0     .000
   1   64     .000
   0   63     0.00
   0    0     0.00
   0    0     0.00
   0    0     0.00
   0    0     0.00
   0    0     0.00
   0    0     0.00
   0    0     0.00
   0    0     0.00
   0    0     0.00
   0    0     0.00
   0    0     0.00
   0    0     0.00
   0    0     0.00
   0    0     0.00
   0    0     0.00
   0    0     0.00
   0    0     0.00
   0    0     0.00
   0    0     0.00
   0    1     0.00
  1    2
  2    3
  3    4
  4    5
  5    6
  6    7
  7    8
  8    9
  9   10
 10   11
 11   12
 12   13
 13   14
 14   15
 15   16
 16   17
 17   18
 18   19
 19   20
 20   21
 22   23
 23   24
 24   25
 25   26
 26   27
 27   28
 28   29
 29   30
 30   31
 31   32
 32   33
 33   34
 34   35
 35   36
 36   37
 37   38
 38   39
 39   40
 40   41
 41   42
 43   44
 44   45
 45   46
 46   47
 47   48
 48   49
 49   50
 50   51
 51   52
 52   53
 53   54
 54   55
 55   56
 56   57
 57   58
 58   59
 59   60
 60   61
 61   62
 62   63
 64   65
 65   66
 66   67
 67   68
 68   69
 69   70
 70   71
 71   72
 72   73
 73   74
 74   75
 75   76
 76   77
 77   78
 78   79
 79   80
 80   81
 81   82
 82   83
 83   84
