 ************************************************************************************************************************
                         Exem


data

  number of boundary elements=160

  number of functional nodes=164

  number of internal source points where the funct. is calculated=484




  coordinates of the source points of the boundary el ements

    point          x                  y
        1       .0000000E+00       .0000000E+00
        2       .2500000E-01       .0000000E+00
        3       .5000000E-01       .0000000E+00
        4       .7500000E-01       .0000000E+00
        5       .1000000E+00       .0000000E+00
        6       .1250000E+00       .0000000E+00
        7       .1500000E+00       .0000000E+00
        8       .1750000E+00       .0000000E+00
        9       .2000000E+00       .0000000E+00
       10       .2250000E+00       .0000000E+00
       11       .2500000E+00       .0000000E+00
       12       .2750000E+00       .0000000E+00
       13       .3000000E+00       .0000000E+00
       14       .3250000E+00       .0000000E+00
       15       .3500000E+00       .0000000E+00
       16       .3750000E+00       .0000000E+00
       17       .4000000E+00       .0000000E+00
       18       .4250000E+00       .0000000E+00
       19       .4500000E+00       .0000000E+00
       20       .4750000E+00       .0000000E+00
       21       .5000000E+00       .0000000E+00
       22       .5250000E+00       .0000000E+00
       23       .5500000E+00       .0000000E+00
       24       .5750000E+00       .0000000E+00
       25       .6000000E+00       .0000000E+00
       26       .6250000E+00       .0000000E+00
       27       .6500000E+00       .0000000E+00
       28       .6750000E+00       .0000000E+00
       29       .7000000E+00       .0000000E+00
       30       .7250000E+00       .0000000E+00
       31       .7500000E+00       .0000000E+00
       32       .7750000E+00       .0000000E+00
       33       .8000000E+00       .0000000E+00
       34       .8250000E+00       .0000000E+00
       35       .8500000E+00       .0000000E+00
       36       .8750000E+00       .0000000E+00
       37       .9000000E+00       .0000000E+00
       38       .9250000E+00       .0000000E+00
       39       .9500000E+00       .0000000E+00
       40       .9750000E+00       .0000000E+00
       41       .1000000E+01       .0000000E+00
       42       .1000000E+01       .0000000E+00
       43       .1000000E+01       .2500000E-01
       44       .1000000E+01       .5000000E-01
       45       .1000000E+01       .7500000E-01
       46       .1000000E+01       .1000000E+00
       47       .1000000E+01       .1250000E+00
       48       .1000000E+01       .1500000E+00
       49       .1000000E+01       .1750000E+00
       50       .1000000E+01       .2000000E+00
       51       .1000000E+01       .2250000E+00
       52       .1000000E+01       .2500000E+00
       53       .1000000E+01       .2750000E+00
       54       .1000000E+01       .3000000E+00
       55       .1000000E+01       .3250000E+00
       56       .1000000E+01       .3500000E+00
       57       .1000000E+01       .3750000E+00
       58       .1000000E+01       .4000000E+00
       59       .1000000E+01       .4250000E+00
       60       .1000000E+01       .4500000E+00
       61       .1000000E+01       .4750000E+00
       62       .1000000E+01       .5000000E+00
       63       .1000000E+01       .5250000E+00
       64       .1000000E+01       .5500000E+00
       65       .1000000E+01       .5750000E+00
       66       .1000000E+01       .6000000E+00
       67       .1000000E+01       .6250000E+00
       68       .1000000E+01       .6500000E+00
       69       .1000000E+01       .6750000E+00
       70       .1000000E+01       .7000000E+00
       71       .1000000E+01       .7250000E+00
       72       .1000000E+01       .7500000E+00
       73       .1000000E+01       .7750000E+00
       74       .1000000E+01       .8000000E+00
       75       .1000000E+01       .8250000E+00
       76       .1000000E+01       .8500000E+00
       77       .1000000E+01       .8750000E+00
       78       .1000000E+01       .9000000E+00
       79       .1000000E+01       .9250000E+00
       80       .1000000E+01       .9500000E+00
       81       .1000000E+01       .9750000E+00
       82       .1000000E+01       .1000000E+01
       83       .1000000E+01       .1000000E+01
       84       .9750000E+00       .1000000E+01
       85       .9500000E+00       .1000000E+01
       86       .9250000E+00       .1000000E+01
       87       .9000000E+00       .1000000E+01
       88       .8750000E+00       .1000000E+01
       89       .8500000E+00       .1000000E+01
       90       .8250000E+00       .1000000E+01
       91       .8000000E+00       .1000000E+01
       92       .7750000E+00       .1000000E+01
       93       .7500000E+00       .1000000E+01
       94       .7250000E+00       .1000000E+01
       95       .7000000E+00       .1000000E+01
       96       .6750000E+00       .1000000E+01
       97       .6500000E+00       .1000000E+01
       98       .6250000E+00       .1000000E+01
       99       .6000000E+00       .1000000E+01
      100       .5750000E+00       .1000000E+01
      101       .5500000E+00       .1000000E+01
      102       .5250000E+00       .1000000E+01
      103       .5000000E+00       .1000000E+01
      104       .4750000E+00       .1000000E+01
      105       .4500000E+00       .1000000E+01
      106       .4250000E+00       .1000000E+01
      107       .4000000E+00       .1000000E+01
      108       .3750000E+00       .1000000E+01
      109       .3500000E+00       .1000000E+01
      110       .3250000E+00       .1000000E+01
      111       .3000000E+00       .1000000E+01
      112       .2750000E+00       .1000000E+01
      113       .2500000E+00       .1000000E+01
      114       .2250000E+00       .1000000E+01
      115       .2000000E+00       .1000000E+01
      116       .1750000E+00       .1000000E+01
      117       .1500000E+00       .1000000E+01
      118       .1250000E+00       .1000000E+01
      119       .1000000E+00       .1000000E+01
      120       .7500000E-01       .1000000E+01
      121       .5000000E-01       .1000000E+01
      122       .2500000E-01       .1000000E+01
      123       .0000000E+00       .1000000E+01
      124       .0000000E+00       .1000000E+01
      125       .0000000E+00       .9750000E+00
      126       .0000000E+00       .9500000E+00
      127       .0000000E+00       .9250000E+00
      128       .0000000E+00       .9000000E+00
      129       .0000000E+00       .8750000E+00
      130       .0000000E+00       .8500000E+00
      131       .0000000E+00       .8250000E+00
      132       .0000000E+00       .8000000E+00
      133       .0000000E+00       .7750000E+00
      134       .0000000E+00       .7500000E+00
      135       .0000000E+00       .7250000E+00
      136       .0000000E+00       .7000000E+00
      137       .0000000E+00       .6750000E+00
      138       .0000000E+00       .6500000E+00
      139       .0000000E+00       .6250000E+00
      140       .0000000E+00       .6000000E+00
      141       .0000000E+00       .5750000E+00
      142       .0000000E+00       .5500000E+00
      143       .0000000E+00       .5250000E+00
      144       .0000000E+00       .5000000E+00
      145       .0000000E+00       .4750000E+00
      146       .0000000E+00       .4500000E+00
      147       .0000000E+00       .4250000E+00
      148       .0000000E+00       .4000000E+00
      149       .0000000E+00       .3750000E+00
      150       .0000000E+00       .3500000E+00
      151       .0000000E+00       .3250000E+00
      152       .0000000E+00       .3000000E+00
      153       .0000000E+00       .2750000E+00
      154       .0000000E+00       .2500000E+00
      155       .0000000E+00       .2250000E+00
      156       .0000000E+00       .2000000E+00
      157       .0000000E+00       .1750000E+00
      158       .0000000E+00       .1500000E+00
      159       .0000000E+00       .1250000E+00
      160       .0000000E+00       .1000000E+00
      161       .0000000E+00       .7500000E-01
      162       .0000000E+00       .5000000E-01
      163       .0000000E+00       .2500000E-01
      164       .0000000E+00       .0000000E+00
      165       .2273000E-01       .2273000E-01
      166       .6818000E-01       .2273000E-01
      167       .1136400E+00       .2273000E-01
      168       .1590900E+00       .2273000E-01
      169       .2045500E+00       .2273000E-01
      170       .2500000E+00       .2273000E-01
      171       .2954500E+00       .2273000E-01
      172       .3409100E+00       .2273000E-01
      173       .3863600E+00       .2273000E-01
      174       .4318200E+00       .2273000E-01
      175       .4772700E+00       .2273000E-01
      176       .5227300E+00       .2273000E-01
      177       .5681800E+00       .2273000E-01
      178       .6136400E+00       .2273000E-01
      179       .6590900E+00       .2273000E-01
      180       .7045500E+00       .2273000E-01
      181       .7500000E+00       .2273000E-01
      182       .7954500E+00       .2273000E-01
      183       .8409100E+00       .2273000E-01
      184       .8863600E+00       .2273000E-01
      185       .9318200E+00       .2273000E-01
      186       .9772700E+00       .2273000E-01
      187       .2273000E-01       .6818000E-01
      188       .6818000E-01       .6818000E-01
      189       .1136400E+00       .6818000E-01
      190       .1590900E+00       .6818000E-01
      191       .2045500E+00       .6818000E-01
      192       .2500000E+00       .6818000E-01
      193       .2954500E+00       .6818000E-01
      194       .3409100E+00       .6818000E-01
      195       .3863600E+00       .6818000E-01
      196       .4318200E+00       .6818000E-01
      197       .4772700E+00       .6818000E-01
      198       .5227300E+00       .6818000E-01
      199       .5681800E+00       .6818000E-01
      200       .6136400E+00       .6818000E-01
      201       .6590900E+00       .6818000E-01
      202       .7045500E+00       .6818000E-01
      203       .7500000E+00       .6818000E-01
      204       .7954500E+00       .6818000E-01
      205       .8409100E+00       .6818000E-01
      206       .8863600E+00       .6818000E-01
      207       .9318200E+00       .6818000E-01
      208       .9772700E+00       .6818000E-01
      209       .2273000E-01       .1136400E+00
      210       .6818000E-01       .1136400E+00
      211       .1136400E+00       .1136400E+00
      212       .1590900E+00       .1136400E+00
      213       .2045500E+00       .1136400E+00
      214       .2500000E+00       .1136400E+00
      215       .2954500E+00       .1136400E+00
      216       .3409100E+00       .1136400E+00
      217       .3863600E+00       .1136400E+00
      218       .4318200E+00       .1136400E+00
      219       .4772700E+00       .1136400E+00
      220       .5227300E+00       .1136400E+00
      221       .5681800E+00       .1136400E+00
      222       .6136400E+00       .1136400E+00
      223       .6590900E+00       .1136400E+00
      224       .7045500E+00       .1136400E+00
      225       .7500000E+00       .1136400E+00
      226       .7954500E+00       .1136400E+00
      227       .8409100E+00       .1136400E+00
      228       .8863600E+00       .1136400E+00
      229       .9318200E+00       .1136400E+00
      230       .9772700E+00       .1136400E+00
      231       .2273000E-01       .1590900E+00
      232       .6818000E-01       .1590900E+00
      233       .1136400E+00       .1590900E+00
      234       .1590900E+00       .1590900E+00
      235       .2045500E+00       .1590900E+00
      236       .2500000E+00       .1590900E+00
      237       .2954500E+00       .1590900E+00
      238       .3409100E+00       .1590900E+00
      239       .3863600E+00       .1590900E+00
      240       .4318200E+00       .1590900E+00
      241       .4772700E+00       .1590900E+00
      242       .5227300E+00       .1590900E+00
      243       .5681800E+00       .1590900E+00
      244       .6136400E+00       .1590900E+00
      245       .6590900E+00       .1590900E+00
      246       .7045500E+00       .1590900E+00
      247       .7500000E+00       .1590900E+00
      248       .7954500E+00       .1590900E+00
      249       .8409100E+00       .1590900E+00
      250       .8863600E+00       .1590900E+00
      251       .9318200E+00       .1590900E+00
      252       .9772700E+00       .1590900E+00
      253       .2273000E-01       .2045500E+00
      254       .6818000E-01       .2045500E+00
      255       .1136400E+00       .2045500E+00
      256       .1590900E+00       .2045500E+00
      257       .2045500E+00       .2045500E+00
      258       .2500000E+00       .2045500E+00
      259       .2954500E+00       .2045500E+00
      260       .3409100E+00       .2045500E+00
      261       .3863600E+00       .2045500E+00
      262       .4318200E+00       .2045500E+00
      263       .4772700E+00       .2045500E+00
      264       .5227300E+00       .2045500E+00
      265       .5681800E+00       .2045500E+00
      266       .6136400E+00       .2045500E+00
      267       .6590900E+00       .2045500E+00
      268       .7045500E+00       .2045500E+00
      269       .7500000E+00       .2045500E+00
      270       .7954500E+00       .2045500E+00
      271       .8409100E+00       .2045500E+00
      272       .8863600E+00       .2045500E+00
      273       .9318200E+00       .2045500E+00
      274       .9772700E+00       .2045500E+00
      275       .2273000E-01       .2500000E+00
      276       .6818000E-01       .2500000E+00
      277       .1136400E+00       .2500000E+00
      278       .1590900E+00       .2500000E+00
      279       .2045500E+00       .2500000E+00
      280       .2500000E+00       .2500000E+00
      281       .2954500E+00       .2500000E+00
      282       .3409100E+00       .2500000E+00
      283       .3863600E+00       .2500000E+00
      284       .4318200E+00       .2500000E+00
      285       .4772700E+00       .2500000E+00
      286       .5227300E+00       .2500000E+00
      287       .5681800E+00       .2500000E+00
      288       .6136400E+00       .2500000E+00
      289       .6590900E+00       .2500000E+00
      290       .7045500E+00       .2500000E+00
      291       .7500000E+00       .2500000E+00
      292       .7954500E+00       .2500000E+00
      293       .8409100E+00       .2500000E+00
      294       .8863600E+00       .2500000E+00
      295       .9318200E+00       .2500000E+00
      296       .9772700E+00       .2500000E+00
      297       .2273000E-01       .2954500E+00
      298       .6818000E-01       .2954500E+00
      299       .1136400E+00       .2954500E+00
      300       .1590900E+00       .2954500E+00
      301       .2045500E+00       .2954500E+00
      302       .2500000E+00       .2954500E+00
      303       .2954500E+00       .2954500E+00
      304       .3409100E+00       .2954500E+00
      305       .3863600E+00       .2954500E+00
      306       .4318200E+00       .2954500E+00
      307       .4772700E+00       .2954500E+00
      308       .5227300E+00       .2954500E+00
      309       .5681800E+00       .2954500E+00
      310       .6136400E+00       .2954500E+00
      311       .6590900E+00       .2954500E+00
      312       .7045500E+00       .2954500E+00
      313       .7500000E+00       .2954500E+00
      314       .7954500E+00       .2954500E+00
      315       .8409100E+00       .2954500E+00
      316       .8863600E+00       .2954500E+00
      317       .9318200E+00       .2954500E+00
      318       .9772700E+00       .2954500E+00
      319       .2273000E-01       .3409100E+00
      320       .6818000E-01       .3409100E+00
      321       .1136400E+00       .3409100E+00
      322       .1590900E+00       .3409100E+00
      323       .2045500E+00       .3409100E+00
      324       .2500000E+00       .3409100E+00
      325       .2954500E+00       .3409100E+00
      326       .3409100E+00       .3409100E+00
      327       .3863600E+00       .3409100E+00
      328       .4318200E+00       .3409100E+00
      329       .4772700E+00       .3409100E+00
      330       .5227300E+00       .3409100E+00
      331       .5681800E+00       .3409100E+00
      332       .6136400E+00       .3409100E+00
      333       .6590900E+00       .3409100E+00
      334       .7045500E+00       .3409100E+00
      335       .7500000E+00       .3409100E+00
      336       .7954500E+00       .3409100E+00
      337       .8409100E+00       .3409100E+00
      338       .8863600E+00       .3409100E+00
      339       .9318200E+00       .3409100E+00
      340       .9772700E+00       .3409100E+00
      341       .2273000E-01       .3863600E+00
      342       .6818000E-01       .3863600E+00
      343       .1136400E+00       .3863600E+00
      344       .1590900E+00       .3863600E+00
      345       .2045500E+00       .3863600E+00
      346       .2500000E+00       .3863600E+00
      347       .2954500E+00       .3863600E+00
      348       .3409100E+00       .3863600E+00
      349       .3863600E+00       .3863600E+00
      350       .4318200E+00       .3863600E+00
      351       .4772700E+00       .3863600E+00
      352       .5227300E+00       .3863600E+00
      353       .5681800E+00       .3863600E+00
      354       .6136400E+00       .3863600E+00
      355       .6590900E+00       .3863600E+00
      356       .7045500E+00       .3863600E+00
      357       .7500000E+00       .3863600E+00
      358       .7954500E+00       .3863600E+00
      359       .8409100E+00       .3863600E+00
      360       .8863600E+00       .3863600E+00
      361       .9318200E+00       .3863600E+00
      362       .9772700E+00       .3863600E+00
      363       .2273000E-01       .4318200E+00
      364       .6818000E-01       .4318200E+00
      365       .1136400E+00       .4318200E+00
      366       .1590900E+00       .4318200E+00
      367       .2045500E+00       .4318200E+00
      368       .2500000E+00       .4318200E+00
      369       .2954500E+00       .4318200E+00
      370       .3409100E+00       .4318200E+00
      371       .3863600E+00       .4318200E+00
      372       .4318200E+00       .4318200E+00
      373       .4772700E+00       .4318200E+00
      374       .5227300E+00       .4318200E+00
      375       .5681800E+00       .4318200E+00
      376       .6136400E+00       .4318200E+00
      377       .6590900E+00       .4318200E+00
      378       .7045500E+00       .4318200E+00
      379       .7500000E+00       .4318200E+00
      380       .7954500E+00       .4318200E+00
      381       .8409100E+00       .4318200E+00
      382       .8863600E+00       .4318200E+00
      383       .9318200E+00       .4318200E+00
      384       .9772700E+00       .4318200E+00
      385       .2273000E-01       .4772700E+00
      386       .6818000E-01       .4772700E+00
      387       .1136400E+00       .4772700E+00
      388       .1590900E+00       .4772700E+00
      389       .2045500E+00       .4772700E+00
      390       .2500000E+00       .4772700E+00
      391       .2954500E+00       .4772700E+00
      392       .3409100E+00       .4772700E+00
      393       .3863600E+00       .4772700E+00
      394       .4318200E+00       .4772700E+00
      395       .4772700E+00       .4772700E+00
      396       .5227300E+00       .4772700E+00
      397       .5681800E+00       .4772700E+00
      398       .6136400E+00       .4772700E+00
      399       .6590900E+00       .4772700E+00
      400       .7045500E+00       .4772700E+00
      401       .7500000E+00       .4772700E+00
      402       .7954500E+00       .4772700E+00
      403       .8409100E+00       .4772700E+00
      404       .8863600E+00       .4772700E+00
      405       .9318200E+00       .4772700E+00
      406       .9772700E+00       .4772700E+00
      407       .2273000E-01       .5227300E+00
      408       .6818000E-01       .5227300E+00
      409       .1136400E+00       .5227300E+00
      410       .1590900E+00       .5227300E+00
      411       .2045500E+00       .5227300E+00
      412       .2500000E+00       .5227300E+00
      413       .2954500E+00       .5227300E+00
      414       .3409100E+00       .5227300E+00
      415       .3863600E+00       .5227300E+00
      416       .4318200E+00       .5227300E+00
      417       .4772700E+00       .5227300E+00
      418       .5227300E+00       .5227300E+00
      419       .5681800E+00       .5227300E+00
      420       .6136400E+00       .5227300E+00
      421       .6590900E+00       .5227300E+00
      422       .7045500E+00       .5227300E+00
      423       .7500000E+00       .5227300E+00
      424       .7954500E+00       .5227300E+00
      425       .8409100E+00       .5227300E+00
      426       .8863600E+00       .5227300E+00
      427       .9318200E+00       .5227300E+00
      428       .9772700E+00       .5227300E+00
      429       .2273000E-01       .5681800E+00
      430       .6818000E-01       .5681800E+00
      431       .1136400E+00       .5681800E+00
      432       .1590900E+00       .5681800E+00
      433       .2045500E+00       .5681800E+00
      434       .2500000E+00       .5681800E+00
      435       .2954500E+00       .5681800E+00
      436       .3409100E+00       .5681800E+00
      437       .3863600E+00       .5681800E+00
      438       .4318200E+00       .5681800E+00
      439       .4772700E+00       .5681800E+00
      440       .5227300E+00       .5681800E+00
      441       .5681800E+00       .5681800E+00
      442       .6136400E+00       .5681800E+00
      443       .6590900E+00       .5681800E+00
      444       .7045500E+00       .5681800E+00
      445       .7500000E+00       .5681800E+00
      446       .7954500E+00       .5681800E+00
      447       .8409100E+00       .5681800E+00
      448       .8863600E+00       .5681800E+00
      449       .9318200E+00       .5681800E+00
      450       .9772700E+00       .5681800E+00
      451       .2273000E-01       .6136400E+00
      452       .6818000E-01       .6136400E+00
      453       .1136400E+00       .6136400E+00
      454       .1590900E+00       .6136400E+00
      455       .2045500E+00       .6136400E+00
      456       .2500000E+00       .6136400E+00
      457       .2954500E+00       .6136400E+00
      458       .3409100E+00       .6136400E+00
      459       .3863600E+00       .6136400E+00
      460       .4318200E+00       .6136400E+00
      461       .4772700E+00       .6136400E+00
      462       .5227300E+00       .6136400E+00
      463       .5681800E+00       .6136400E+00
      464       .6136400E+00       .6136400E+00
      465       .6590900E+00       .6136400E+00
      466       .7045500E+00       .6136400E+00
      467       .7500000E+00       .6136400E+00
      468       .7954500E+00       .6136400E+00
      469       .8409100E+00       .6136400E+00
      470       .8863600E+00       .6136400E+00
      471       .9318200E+00       .6136400E+00
      472       .9772700E+00       .6136400E+00
      473       .2273000E-01       .6590900E+00
      474       .6818000E-01       .6590900E+00
      475       .1136400E+00       .6590900E+00
      476       .1590900E+00       .6590900E+00
      477       .2045500E+00       .6590900E+00
      478       .2500000E+00       .6590900E+00
      479       .2954500E+00       .6590900E+00
      480       .3409100E+00       .6590900E+00
      481       .3863600E+00       .6590900E+00
      482       .4318200E+00       .6590900E+00
      483       .4772700E+00       .6590900E+00
      484       .5227300E+00       .6590900E+00
      485       .5681800E+00       .6590900E+00
      486       .6136400E+00       .6590900E+00
      487       .6590900E+00       .6590900E+00
      488       .7045500E+00       .6590900E+00
      489       .7500000E+00       .6590900E+00
      490       .7954500E+00       .6590900E+00
      491       .8409100E+00       .6590900E+00
      492       .8863600E+00       .6590900E+00
      493       .9318200E+00       .6590900E+00
      494       .9772700E+00       .6590900E+00
      495       .2273000E-01       .7045500E+00
      496       .6818000E-01       .7045500E+00
      497       .1136400E+00       .7045500E+00
      498       .1590900E+00       .7045500E+00
      499       .2045500E+00       .7045500E+00
      500       .2500000E+00       .7045500E+00
      501       .2954500E+00       .7045500E+00
      502       .3409100E+00       .7045500E+00
      503       .3863600E+00       .7045500E+00
      504       .4318200E+00       .7045500E+00
      505       .4772700E+00       .7045500E+00
      506       .5227300E+00       .7045500E+00
      507       .5681800E+00       .7045500E+00
      508       .6136400E+00       .7045500E+00
      509       .6590900E+00       .7045500E+00
      510       .7045500E+00       .7045500E+00
      511       .7500000E+00       .7045500E+00
      512       .7954500E+00       .7045500E+00
      513       .8409100E+00       .7045500E+00
      514       .8863600E+00       .7045500E+00
      515       .9318200E+00       .7045500E+00
      516       .9772700E+00       .7045500E+00
      517       .2273000E-01       .7500000E+00
      518       .6818000E-01       .7500000E+00
      519       .1136400E+00       .7500000E+00
      520       .1590900E+00       .7500000E+00
      521       .2045400E+00       .7500000E+00
      522       .2500000E+00       .7500000E+00
      523       .2954500E+00       .7500000E+00
      524       .3409100E+00       .7500000E+00
      525       .3863600E+00       .7500000E+00
      526       .4318200E+00       .7500000E+00
      527       .4772700E+00       .7500000E+00
      528       .5227300E+00       .7500000E+00
      529       .5681800E+00       .7500000E+00
      530       .6136400E+00       .7500000E+00
      531       .6590900E+00       .7500000E+00
      532       .7045400E+00       .7500000E+00
      533       .7500000E+00       .7500000E+00
      534       .7954500E+00       .7500000E+00
      535       .8409100E+00       .7500000E+00
      536       .8863600E+00       .7500000E+00
      537       .9318200E+00       .7500000E+00
      538       .9772700E+00       .7500000E+00
      539       .2273000E-01       .7954500E+00
      540       .6818000E-01       .7954500E+00
      541       .1136400E+00       .7954500E+00
      542       .1590900E+00       .7954500E+00
      543       .2045400E+00       .7954500E+00
      544       .2500000E+00       .7954500E+00
      545       .2954500E+00       .7954500E+00
      546       .3409100E+00       .7954500E+00
      547       .3863600E+00       .7954500E+00
      548       .4318200E+00       .7954500E+00
      549       .4772700E+00       .7954500E+00
      550       .5227300E+00       .7954500E+00
      551       .5681800E+00       .7954500E+00
      552       .6136400E+00       .7954500E+00
      553       .6590900E+00       .7954500E+00
      554       .7045400E+00       .7954500E+00
      555       .7500000E+00       .7954500E+00
      556       .7954500E+00       .7954500E+00
      557       .8409100E+00       .7954500E+00
      558       .8863600E+00       .7954500E+00
      559       .9318200E+00       .7954500E+00
      560       .9772700E+00       .7954500E+00
      561       .2273000E-01       .8409100E+00
      562       .6818000E-01       .8409100E+00
      563       .1136400E+00       .8409100E+00
      564       .1590900E+00       .8409100E+00
      565       .2045400E+00       .8409100E+00
      566       .2500000E+00       .8409100E+00
      567       .2954500E+00       .8409100E+00
      568       .3409100E+00       .8409100E+00
      569       .3863600E+00       .8409100E+00
      570       .4318200E+00       .8409100E+00
      571       .4772700E+00       .8409100E+00
      572       .5227300E+00       .8409100E+00
      573       .5681800E+00       .8409100E+00
      574       .6136400E+00       .8409100E+00
      575       .6590900E+00       .8409100E+00
      576       .7045400E+00       .8409100E+00
      577       .7500000E+00       .8409100E+00
      578       .7954500E+00       .8409100E+00
      579       .8409100E+00       .8409100E+00
      580       .8863600E+00       .8409100E+00
      581       .9318200E+00       .8409100E+00
      582       .9772700E+00       .8409100E+00
      583       .2273000E-01       .8863600E+00
      584       .6818000E-01       .8863600E+00
      585       .1136400E+00       .8863600E+00
      586       .1590900E+00       .8863600E+00
      587       .2045400E+00       .8863600E+00
      588       .2500000E+00       .8863600E+00
      589       .2954500E+00       .8863600E+00
      590       .3409100E+00       .8863600E+00
      591       .3863600E+00       .8863600E+00
      592       .4318200E+00       .8863600E+00
      593       .4772700E+00       .8863600E+00
      594       .5227300E+00       .8863600E+00
      595       .5681800E+00       .8863600E+00
      596       .6136400E+00       .8863600E+00
      597       .6590900E+00       .8863600E+00
      598       .7045400E+00       .8863600E+00
      599       .7500000E+00       .8863600E+00
      600       .7954500E+00       .8863600E+00
      601       .8409100E+00       .8863600E+00
      602       .8863600E+00       .8863600E+00
      603       .9318200E+00       .8863600E+00
      604       .9772700E+00       .8863600E+00
      605       .2273000E-01       .9318200E+00
      606       .6818000E-01       .9318200E+00
      607       .1136400E+00       .9318200E+00
      608       .1590900E+00       .9318200E+00
      609       .2045400E+00       .9318200E+00
      610       .2500000E+00       .9318200E+00
      611       .2954500E+00       .9318200E+00
      612       .3409100E+00       .9318200E+00
      613       .3863600E+00       .9318200E+00
      614       .4318200E+00       .9318200E+00
      615       .4772700E+00       .9318200E+00
      616       .5227300E+00       .9318200E+00
      617       .5681800E+00       .9318200E+00
      618       .6136400E+00       .9318200E+00
      619       .6590900E+00       .9318200E+00
      620       .7045400E+00       .9318200E+00
      621       .7500000E+00       .9318200E+00
      622       .7954500E+00       .9318200E+00
      623       .8409100E+00       .9318200E+00
      624       .8863600E+00       .9318200E+00
      625       .9318200E+00       .9318200E+00
      626       .9772700E+00       .9318200E+00
      627       .2273000E-01       .9772700E+00
      628       .6818000E-01       .9772700E+00
      629       .1136400E+00       .9772700E+00
      630       .1590900E+00       .9772700E+00
      631       .2045400E+00       .9772700E+00
      632       .2500000E+00       .9772700E+00
      633       .2954500E+00       .9772700E+00
      634       .3409100E+00       .9772700E+00
      635       .3863600E+00       .9772700E+00
      636       .4318200E+00       .9772700E+00
      637       .4772700E+00       .9772700E+00
      638       .5227300E+00       .9772700E+00
      639       .5681800E+00       .9772700E+00
      640       .6136400E+00       .9772700E+00
      641       .6590900E+00       .9772700E+00
      642       .7045400E+00       .9772700E+00
      643       .7500000E+00       .9772700E+00
      644       .7954500E+00       .9772700E+00
      645       .8409100E+00       .9772700E+00
      646       .8863600E+00       .9772700E+00
      647       .9318200E+00       .9772700E+00
      648       .9772700E+00       .9772700E+00


  boundary conditions

     node      code     prescribed value
       1        1        164          .0000000E+00
       2        1          0          .0000000E+00
       3        1          0          .0000000E+00
       4        1          0          .0000000E+00
       5        1          0          .0000000E+00
       6        1          0          .0000000E+00
       7        1          0          .0000000E+00
       8        1          0          .0000000E+00
       9        1          0          .0000000E+00
      10        1          0          .0000000E+00
      11        1          0          .0000000E+00
      12        1          0          .0000000E+00
      13        1          0          .0000000E+00
      14        1          0          .0000000E+00
      15        1          0          .0000000E+00
      16        1          0          .0000000E+00
      17        1          0          .0000000E+00
      18        1          0          .0000000E+00
      19        1          0          .0000000E+00
      20        1          0          .0000000E+00
      21        1          0          .0000000E+00
      22        1          0          .0000000E+00
      23        1          0          .0000000E+00
      24        1          0          .0000000E+00
      25        1          0          .0000000E+00
      26        1          0          .0000000E+00
      27        1          0          .0000000E+00
      28        1          0          .0000000E+00
      29        1          0          .0000000E+00
      30        1          0          .0000000E+00
      31        1          0          .0000000E+00
      32        1          0          .0000000E+00
      33        1          0          .0000000E+00
      34        1          0          .0000000E+00
      35        1          0          .0000000E+00
      36        1          0          .0000000E+00
      37        1          0          .0000000E+00
      38        1          0          .0000000E+00
      39        1          0          .0000000E+00
      40        1          0          .0000000E+00
      41        1         42          .0000000E+00
      42        1         41          .1000000E+01
      43        1          0          .1000000E+01
      44        1          0          .1000000E+01
      45        1          0          .1000000E+01
      46        1          0          .1000000E+01
      47        1          0          .1000000E+01
      48        1          0          .1000000E+01
      49        1          0          .1000000E+01
      50        1          0          .1000000E+01
      51        1          0          .1000000E+01
      52        1          0          .1000000E+01
      53        1          0          .1000000E+01
      54        1          0          .1000000E+01
      55        1          0          .1000000E+01
      56        1          0          .1000000E+01
      57        1          0          .1000000E+01
      58        1          0          .1000000E+01
      59        1          0          .1000000E+01
      60        1          0          .1000000E+01
      61        1          0          .1000000E+01
      62        1          0          .1000000E+01
      63        1          0          .1000000E+01
      64        1          0          .1000000E+01
      65        1          0          .1000000E+01
      66        1          0          .1000000E+01
      67        1          0          .1000000E+01
      68        1          0          .1000000E+01
      69        1          0          .1000000E+01
      70        1          0          .1000000E+01
      71        1          0          .1000000E+01
      72        1          0          .1000000E+01
      73        1          0          .1000000E+01
      74        1          0          .1000000E+01
      75        1          0          .1000000E+01
      76        1          0          .1000000E+01
      77        1          0          .1000000E+01
      78        1          0          .1000000E+01
      79        1          0          .1000000E+01
      80        1          0          .1000000E+01
      81        1          0          .1000000E+01
      82        1         83          .1000000E+01
      83        1         82          .0000000E+00
      84        1          0          .0000000E+00
      85        1          0          .0000000E+00
      86        1          0          .0000000E+00
      87        1          0          .0000000E+00
      88        1          0          .0000000E+00
      89        1          0          .0000000E+00
      90        1          0          .0000000E+00
      91        1          0          .0000000E+00
      92        1          0          .0000000E+00
      93        1          0          .0000000E+00
      94        1          0          .0000000E+00
      95        1          0          .0000000E+00
      96        1          0          .0000000E+00
      97        1          0          .0000000E+00
      98        1          0          .0000000E+00
      99        1          0          .0000000E+00
     100        1          0          .0000000E+00
     101        1          0          .0000000E+00
     102        1          0          .0000000E+00
     103        1          0          .0000000E+00
     104        1          0          .0000000E+00
     105        1          0          .0000000E+00
     106        1          0          .0000000E+00
     107        1          0          .0000000E+00
     108        1          0          .0000000E+00
     109        1          0          .0000000E+00
     110        1          0          .0000000E+00
     111        1          0          .0000000E+00
     112        1          0          .0000000E+00
     113        1          0          .0000000E+00
     114        1          0          .0000000E+00
     115        1          0          .0000000E+00
     116        1          0          .0000000E+00
     117        1          0          .0000000E+00
     118        1          0          .0000000E+00
     119        1          0          .0000000E+00
     120        1          0          .0000000E+00
     121        1          0          .0000000E+00
     122        1          0          .0000000E+00
     123        1        124          .0000000E+00
     124        0        123          .0000000E+00
     125        0          0          .0000000E+00
     126        0          0          .0000000E+00
     127        0          0          .0000000E+00
     128        0          0          .0000000E+00
     129        0          0          .0000000E+00
     130        0          0          .0000000E+00
     131        0          0          .0000000E+00
     132        0          0          .0000000E+00
     133        0          0          .0000000E+00
     134        0          0          .0000000E+00
     135        0          0          .0000000E+00
     136        0          0          .0000000E+00
     137        0          0          .0000000E+00
     138        0          0          .0000000E+00
     139        0          0          .0000000E+00
     140        0          0          .0000000E+00
     141        0          0          .0000000E+00
     142        0          0          .0000000E+00
     143        0          0          .0000000E+00
     144        0          0          .0000000E+00
     145        0          0          .0000000E+00
     146        0          0          .0000000E+00
     147        0          0          .0000000E+00
     148        0          0          .0000000E+00
     149        0          0          .0000000E+00
     150        0          0          .0000000E+00
     151        0          0          .0000000E+00
     152        0          0          .0000000E+00
     153        0          0          .0000000E+00
     154        0          0          .0000000E+00
     155        0          0          .0000000E+00
     156        0          0          .0000000E+00
     157        0          0          .0000000E+00
     158        0          0          .0000000E+00
     159        0          0          .0000000E+00
     160        0          0          .0000000E+00
     161        0          0          .0000000E+00
     162        0          0          .0000000E+00
     163        0          0          .0000000E+00
     164        0          1          .0000000E+00


  incidence of geometric nodes

      first node      second node

       1          1       2
       2          2       3
       3          3       4
       4          4       5
       5          5       6
       6          6       7
       7          7       8
       8          8       9
       9          9      10
      10         10      11
      11         11      12
      12         12      13
      13         13      14
      14         14      15
      15         15      16
      16         16      17
      17         17      18
      18         18      19
      19         19      20
      20         20      21
      21         21      22
      22         22      23
      23         23      24
      24         24      25
      25         25      26
      26         26      27
      27         27      28
      28         28      29
      29         29      30
      30         30      31
      31         31      32
      32         32      33
      33         33      34
      34         34      35
      35         35      36
      36         36      37
      37         37      38
      38         38      39
      39         39      40
      40         40      41
      41         42      43
      42         43      44
      43         44      45
      44         45      46
      45         46      47
      46         47      48
      47         48      49
      48         49      50
      49         50      51
      50         51      52
      51         52      53
      52         53      54
      53         54      55
      54         55      56
      55         56      57
      56         57      58
      57         58      59
      58         59      60
      59         60      61
      60         61      62
      61         62      63
      62         63      64
      63         64      65
      64         65      66
      65         66      67
      66         67      68
      67         68      69
      68         69      70
      69         70      71
      70         71      72
      71         72      73
      72         73      74
      73         74      75
      74         75      76
      75         76      77
      76         77      78
      77         78      79
      78         79      80
      79         80      81
      80         81      82
      81         83      84
      82         84      85
      83         85      86
      84         86      87
      85         87      88
      86         88      89
      87         89      90
      88         90      91
      89         91      92
      90         92      93
      91         93      94
      92         94      95
      93         95      96
      94         96      97
      95         97      98
      96         98      99
      97         99     100
      98        100     101
      99        101     102
     100        102     103
     101        103     104
     102        104     105
     103        105     106
     104        106     107
     105        107     108
     106        108     109
     107        109     110
     108        110     111
     109        111     112
     110        112     113
     111        113     114
     112        114     115
     113        115     116
     114        116     117
     115        117     118
     116        118     119
     117        119     120
     118        120     121
     119        121     122
     120        122     123
     121        124     125
     122        125     126
     123        126     127
     124        127     128
     125        128     129
     126        129     130
     127        130     131
     128        131     132
     129        132     133
     130        133     134
     131        134     135
     132        135     136
     133        136     137
     134        137     138
     135        138     139
     136        139     140
     137        140     141
     138        141     142
     139        142     143
     140        143     144
     141        144     145
     142        145     146
     143        146     147
     144        147     148
     145        148     149
     146        149     150
     147        150     151
     148        151     152
     149        152     153
     150        153     154
     151        154     155
     152        155     156
     153        156     157
     154        157     158
     155        158     159
     156        159     160
     157        160     161
     158        161     162
     159        162     163
     160        163     164
 NOVAS COORDENADAS DOS nos duplos
      .0005      .0000
      .0250      .0000
      .0500      .0000
      .0750      .0000
      .1000      .0000
      .1250      .0000
      .1500      .0000
      .1750      .0000
      .2000      .0000
      .2250      .0000
      .2500      .0000
      .2750      .0000
      .3000      .0000
      .3250      .0000
      .3500      .0000
      .3750      .0000
      .4000      .0000
      .4250      .0000
      .4500      .0000
      .4750      .0000
      .5000      .0000
      .5250      .0000
      .5500      .0000
      .5750      .0000
      .6000      .0000
      .6250      .0000
      .6500      .0000
      .6750      .0000
      .7000      .0000
      .7250      .0000
      .7500      .0000
      .7750      .0000
      .8000      .0000
      .8250      .0000
      .8500      .0000
      .8750      .0000
      .9000      .0000
      .9250      .0000
      .9500      .0000
      .9750      .0000
      .9995      .0000
     1.0000      .0005
     1.0000      .0250
     1.0000      .0500
     1.0000      .0750
     1.0000      .1000
     1.0000      .1250
     1.0000      .1500
     1.0000      .1750
     1.0000      .2000
     1.0000      .2250
     1.0000      .2500
     1.0000      .2750
     1.0000      .3000
     1.0000      .3250
     1.0000      .3500
     1.0000      .3750
     1.0000      .4000
     1.0000      .4250
     1.0000      .4500
     1.0000      .4750
     1.0000      .5000
     1.0000      .5250
     1.0000      .5500
     1.0000      .5750
     1.0000      .6000
     1.0000      .6250
     1.0000      .6500
     1.0000      .6750
     1.0000      .7000
     1.0000      .7250
     1.0000      .7500
     1.0000      .7750
     1.0000      .8000
     1.0000      .8250
     1.0000      .8500
     1.0000      .8750
     1.0000      .9000
     1.0000      .9250
     1.0000      .9500
     1.0000      .9750
     1.0000      .9995
      .9995     1.0000
      .9750     1.0000
      .9500     1.0000
      .9250     1.0000
      .9000     1.0000
      .8750     1.0000
      .8500     1.0000
      .8250     1.0000
      .8000     1.0000
      .7750     1.0000
      .7500     1.0000
      .7250     1.0000
      .7000     1.0000
      .6750     1.0000
      .6500     1.0000
      .6250     1.0000
      .6000     1.0000
      .5750     1.0000
      .5500     1.0000
      .5250     1.0000
      .5000     1.0000
      .4750     1.0000
      .4500     1.0000
      .4250     1.0000
      .4000     1.0000
      .3750     1.0000
      .3500     1.0000
      .3250     1.0000
      .3000     1.0000
      .2750     1.0000
      .2500     1.0000
      .2250     1.0000
      .2000     1.0000
      .1750     1.0000
      .1500     1.0000
      .1250     1.0000
      .1000     1.0000
      .0750     1.0000
      .0500     1.0000
      .0250     1.0000
      .0005     1.0000
      .0000      .9995
      .0000      .9750
      .0000      .9500
      .0000      .9250
      .0000      .9000
      .0000      .8750
      .0000      .8500
      .0000      .8250
      .0000      .8000
      .0000      .7750
      .0000      .7500
      .0000      .7250
      .0000      .7000
      .0000      .6750
      .0000      .6500
      .0000      .6250
      .0000      .6000
      .0000      .5750
      .0000      .5500
      .0000      .5250
      .0000      .5000
      .0000      .4750
      .0000      .4500
      .0000      .4250
      .0000      .4000
      .0000      .3750
      .0000      .3500
      .0000      .3250
      .0000      .3000
      .0000      .2750
      .0000      .2500
      .0000      .2250
      .0000      .2000
      .0000      .1750
      .0000      .1500
      .0000      .1250
      .0000      .1000
      .0000      .0750
      .0000      .0500
      .0000      .0250
      .0000      .0005
   -.0209
   -.0179
   -.0147
   -.0114
   -.0081
   -.0047
   -.0013
    .0022
    .0057
    .0093
    .0130
    .0167
    .0205
    .0243
    .0282
    .0322
    .0363
    .0404
    .0446
    .0489
    .0533
    .0577
    .0623
    .0669
    .0716
    .0763
    .0812
    .0862
    .0912
    .0963
    .1016
    .1069
    .1123
    .1178
    .1234
    .1291
    .1349
    .1409
    .1469
    .1530
    .1590
    .1598
    .1778
    .1907
    .2016
    .2109
    .2191
    .2264
    .2330
    .2388
    .2440
    .2487
    .2528
    .2564
    .2595
    .2622
    .2644
    .2663
    .2677
    .2687
    .2693
    .2695
    .2693
    .2687
    .2677
    .2663
    .2644
    .2622
    .2595
    .2564
    .2528
    .2487
    .2440
    .2388
    .2330
    .2264
    .2191
    .2109
    .2016
    .1907
    .1778
    .1598
    .1590
    .1530
    .1469
    .1409
    .1349
    .1291
    .1234
    .1178
    .1123
    .1069
    .1016
    .0963
    .0912
    .0862
    .0812
    .0763
    .0716
    .0669
    .0623
    .0577
    .0533
    .0489
    .0446
    .0404
    .0363
    .0322
    .0282
    .0243
    .0205
    .0167
    .0130
    .0093
    .0057
    .0022
   -.0013
   -.0047
   -.0081
   -.0114
   -.0147
   -.0179
   -.0209
   -.0210
   -.0197
   -.0183
   -.0171
   -.0159
   -.0148
   -.0137
   -.0127
   -.0118
   -.0109
   -.0101
   -.0094
   -.0087
   -.0081
   -.0076
   -.0072
   -.0068
   -.0065
   -.0063
   -.0062
   -.0062
   -.0062
   -.0063
   -.0065
   -.0068
   -.0072
   -.0076
   -.0081
   -.0087
   -.0094
   -.0101
   -.0109
   -.0118
   -.0127
   -.0137
   -.0148
   -.0159
   -.0171
   -.0183
   -.0197
   -.0210
   -.0169
   -.0109
   -.0048
    .0015
    .0080
    .0148
    .0217
    .0289
    .0364
    .0441
    .0521
    .0603
    .0689
    .0778
    .0871
    .0967
    .1067
    .1171
    .1280
    .1396
    .1521
    .1667
   -.0145
   -.0083
   -.0020
    .0045
    .0113
    .0182
    .0255
    .0330
    .0408
    .0489
    .0573
    .0661
    .0753
    .0849
    .0949
    .1054
    .1165
    .1282
    .1408
    .1545
    .1698
    .1880
   -.0122
   -.0060
    .0005
    .0073
    .0142
    .0215
    .0290
    .0368
    .0449
    .0534
    .0623
    .0715
    .0812
    .0914
    .1022
    .1135
    .1256
    .1385
    .1525
    .1678
    .1849
    .2045
   -.0102
   -.0038
    .0029
    .0098
    .0169
    .0244
    .0322
    .0403
    .0487
    .0575
    .0668
    .0765
    .0867
    .0975
    .1089
    .1210
    .1339
    .1478
    .1628
    .1793
    .1975
    .2178
   -.0084
   -.0019
    .0049
    .0120
    .0194
    .0270
    .0350
    .0434
    .0521
    .0612
    .0709
    .0810
    .0916
    .1029
    .1149
    .1277
    .1413
    .1559
    .1718
    .1891
    .2079
    .2287
   -.0068
   -.0002
    .0068
    .0140
    .0215
    .0293
    .0375
    .0461
    .0551
    .0645
    .0744
    .0849
    .0959
    .1077
    .1201
    .1334
    .1476
    .1629
    .1794
    .1972
    .2165
    .2375
   -.0055
    .0012
    .0083
    .0156
    .0233
    .0313
    .0396
    .0484
    .0576
    .0673
    .0774
    .0882
    .0996
    .1117
    .1245
    .1383
    .1529
    .1686
    .1856
    .2038
    .2234
    .2446
   -.0045
    .0024
    .0095
    .0170
    .0247
    .0328
    .0413
    .0503
    .0596
    .0695
    .0799
    .0909
    .1026
    .1149
    .1281
    .1421
    .1572
    .1732
    .1905
    .2090
    .2288
    .2501
   -.0036
    .0033
    .0105
    .0180
    .0258
    .0340
    .0426
    .0517
    .0612
    .0712
    .0818
    .0929
    .1048
    .1174
    .1308
    .1451
    .1603
    .1766
    .1941
    .2128
    .2328
    .2541
   -.0031
    .0039
    .0111
    .0187
    .0266
    .0348
    .0435
    .0526
    .0622
    .0723
    .0830
    .0943
    .1063
    .1190
    .1326
    .1470
    .1624
    .1789
    .1965
    .2153
    .2354
    .2568
   -.0028
    .0041
    .0114
    .0190
    .0269
    .0353
    .0440
    .0531
    .0627
    .0729
    .0836
    .0950
    .1070
    .1198
    .1335
    .1480
    .1635
    .1800
    .1977
    .2166
    .2367
    .2581
   -.0028
    .0041
    .0114
    .0190
    .0269
    .0353
    .0440
    .0531
    .0627
    .0729
    .0836
    .0950
    .1070
    .1198
    .1335
    .1480
    .1635
    .1800
    .1977
    .2166
    .2367
    .2581
   -.0031
    .0039
    .0111
    .0187
    .0266
    .0348
    .0435
    .0526
    .0622
    .0723
    .0830
    .0943
    .1063
    .1190
    .1326
    .1470
    .1624
    .1789
    .1965
    .2153
    .2354
    .2568
   -.0036
    .0033
    .0105
    .0180
    .0258
    .0340
    .0426
    .0517
    .0612
    .0712
    .0818
    .0929
    .1048
    .1174
    .1308
    .1451
    .1603
    .1766
    .1941
    .2128
    .2328
    .2541
   -.0045
    .0024
    .0095
    .0170
    .0247
    .0328
    .0413
    .0503
    .0596
    .0695
    .0799
    .0909
    .1026
    .1149
    .1281
    .1421
    .1572
    .1732
    .1905
    .2090
    .2288
    .2501
   -.0055
    .0012
    .0083
    .0156
    .0233
    .0313
    .0396
    .0484
    .0576
    .0673
    .0774
    .0882
    .0996
    .1117
    .1245
    .1383
    .1529
    .1686
    .1856
    .2038
    .2234
    .2446
   -.0068
   -.0002
    .0068
    .0140
    .0215
    .0293
    .0375
    .0461
    .0551
    .0645
    .0744
    .0849
    .0959
    .1077
    .1201
    .1334
    .1476
    .1629
    .1794
    .1972
    .2165
    .2375
   -.0084
   -.0019
    .0049
    .0120
    .0194
    .0270
    .0350
    .0434
    .0521
    .0612
    .0709
    .0810
    .0916
    .1029
    .1149
    .1276
    .1413
    .1559
    .1718
    .1891
    .2079
    .2287
   -.0102
   -.0038
    .0029
    .0098
    .0169
    .0244
    .0322
    .0403
    .0487
    .0575
    .0668
    .0765
    .0867
    .0975
    .1089
    .1210
    .1339
    .1478
    .1628
    .1793
    .1975
    .2178
   -.0122
   -.0060
    .0005
    .0073
    .0142
    .0215
    .0290
    .0368
    .0449
    .0534
    .0623
    .0715
    .0812
    .0914
    .1022
    .1135
    .1256
    .1385
    .1525
    .1678
    .1849
    .2045
   -.0145
   -.0083
   -.0020
    .0045
    .0112
    .0182
    .0255
    .0330
    .0408
    .0489
    .0573
    .0661
    .0753
    .0849
    .0949
    .1054
    .1165
    .1282
    .1408
    .15