 ************************************************************************************************************************
                         Exem


data

  number of boundary elements=160

  number of functional nodes=164

  number of internal source points where the funct. is calculated=144




  coordinates of the source points of the boundary el ements

    point          x                  y
        1       .0000000E+00       .0000000E+00
        2       .2500000E-01       .0000000E+00
        3       .5000000E-01       .0000000E+00
        4       .7500000E-01       .0000000E+00
        5       .1000000E+00       .0000000E+00
        6       .1250000E+00       .0000000E+00
        7       .1500000E+00       .0000000E+00
        8       .1750000E+00       .0000000E+00
        9       .2000000E+00       .0000000E+00
       10       .2250000E+00       .0000000E+00
       11       .2500000E+00       .0000000E+00
       12       .2750000E+00       .0000000E+00
       13       .3000000E+00       .0000000E+00
       14       .3250000E+00       .0000000E+00
       15       .3500000E+00       .0000000E+00
       16       .3750000E+00       .0000000E+00
       17       .4000000E+00       .0000000E+00
       18       .4250000E+00       .0000000E+00
       19       .4500000E+00       .0000000E+00
       20       .4750000E+00       .0000000E+00
       21       .5000000E+00       .0000000E+00
       22       .5250000E+00       .0000000E+00
       23       .5500000E+00       .0000000E+00
       24       .5750000E+00       .0000000E+00
       25       .6000000E+00       .0000000E+00
       26       .6250000E+00       .0000000E+00
       27       .6500000E+00       .0000000E+00
       28       .6750000E+00       .0000000E+00
       29       .7000000E+00       .0000000E+00
       30       .7250000E+00       .0000000E+00
       31       .7500000E+00       .0000000E+00
       32       .7750000E+00       .0000000E+00
       33       .8000000E+00       .0000000E+00
       34       .8250000E+00       .0000000E+00
       35       .8500000E+00       .0000000E+00
       36       .8750000E+00       .0000000E+00
       37       .9000000E+00       .0000000E+00
       38       .9250000E+00       .0000000E+00
       39       .9500000E+00       .0000000E+00
       40       .9750000E+00       .0000000E+00
       41       .1000000E+01       .0000000E+00
       42       .1000000E+01       .0000000E+00
       43       .1000000E+01       .2500000E-01
       44       .1000000E+01       .5000000E-01
       45       .1000000E+01       .7500000E-01
       46       .1000000E+01       .1000000E+00
       47       .1000000E+01       .1250000E+00
       48       .1000000E+01       .1500000E+00
       49       .1000000E+01       .1750000E+00
       50       .1000000E+01       .2000000E+00
       51       .1000000E+01       .2250000E+00
       52       .1000000E+01       .2500000E+00
       53       .1000000E+01       .2750000E+00
       54       .1000000E+01       .3000000E+00
       55       .1000000E+01       .3250000E+00
       56       .1000000E+01       .3500000E+00
       57       .1000000E+01       .3750000E+00
       58       .1000000E+01       .4000000E+00
       59       .1000000E+01       .4250000E+00
       60       .1000000E+01       .4500000E+00
       61       .1000000E+01       .4750000E+00
       62       .1000000E+01       .5000000E+00
       63       .1000000E+01       .5250000E+00
       64       .1000000E+01       .5500000E+00
       65       .1000000E+01       .5750000E+00
       66       .1000000E+01       .6000000E+00
       67       .1000000E+01       .6250000E+00
       68       .1000000E+01       .6500000E+00
       69       .1000000E+01       .6750000E+00
       70       .1000000E+01       .7000000E+00
       71       .1000000E+01       .7250000E+00
       72       .1000000E+01       .7500000E+00
       73       .1000000E+01       .7750000E+00
       74       .1000000E+01       .8000000E+00
       75       .1000000E+01       .8250000E+00
       76       .1000000E+01       .8500000E+00
       77       .1000000E+01       .8750000E+00
       78       .1000000E+01       .9000000E+00
       79       .1000000E+01       .9250000E+00
       80       .1000000E+01       .9500000E+00
       81       .1000000E+01       .9750000E+00
       82       .1000000E+01       .1000000E+01
       83       .1000000E+01       .1000000E+01
       84       .9750000E+00       .1000000E+01
       85       .9500000E+00       .1000000E+01
       86       .9250000E+00       .1000000E+01
       87       .9000000E+00       .1000000E+01
       88       .8750000E+00       .1000000E+01
       89       .8500000E+00       .1000000E+01
       90       .8250000E+00       .1000000E+01
       91       .8000000E+00       .1000000E+01
       92       .7750000E+00       .1000000E+01
       93       .7500000E+00       .1000000E+01
       94       .7250000E+00       .1000000E+01
       95       .7000000E+00       .1000000E+01
       96       .6750000E+00       .1000000E+01
       97       .6500000E+00       .1000000E+01
       98       .6250000E+00       .1000000E+01
       99       .6000000E+00       .1000000E+01
      100       .5750000E+00       .1000000E+01
      101       .5500000E+00       .1000000E+01
      102       .5250000E+00       .1000000E+01
      103       .5000000E+00       .1000000E+01
      104       .4750000E+00       .1000000E+01
      105       .4500000E+00       .1000000E+01
      106       .4250000E+00       .1000000E+01
      107       .4000000E+00       .1000000E+01
      108       .3750000E+00       .1000000E+01
      109       .3500000E+00       .1000000E+01
      110       .3250000E+00       .1000000E+01
      111       .3000000E+00       .1000000E+01
      112       .2750000E+00       .1000000E+01
      113       .2500000E+00       .1000000E+01
      114       .2250000E+00       .1000000E+01
      115       .2000000E+00       .1000000E+01
      116       .1750000E+00       .1000000E+01
      117       .1500000E+00       .1000000E+01
      118       .1250000E+00       .1000000E+01
      119       .1000000E+00       .1000000E+01
      120       .7500000E-01       .1000000E+01
      121       .5000000E-01       .1000000E+01
      122       .2500000E-01       .1000000E+01
      123       .0000000E+00       .1000000E+01
      124       .0000000E+00       .1000000E+01
      125       .0000000E+00       .9750000E+00
      126       .0000000E+00       .9500000E+00
      127       .0000000E+00       .9250000E+00
      128       .0000000E+00       .9000000E+00
      129       .0000000E+00       .8750000E+00
      130       .0000000E+00       .8500000E+00
      131       .0000000E+00       .8250000E+00
      132       .0000000E+00       .8000000E+00
      133       .0000000E+00       .7750000E+00
      134       .0000000E+00       .7500000E+00
      135       .0000000E+00       .7250000E+00
      136       .0000000E+00       .7000000E+00
      137       .0000000E+00       .6750000E+00
      138       .0000000E+00       .6500000E+00
      139       .0000000E+00       .6250000E+00
      140       .0000000E+00       .6000000E+00
      141       .0000000E+00       .5750000E+00
      142       .0000000E+00       .5500000E+00
      143       .0000000E+00       .5250000E+00
      144       .0000000E+00       .5000000E+00
      145       .0000000E+00       .4750000E+00
      146       .0000000E+00       .4500000E+00
      147       .0000000E+00       .4250000E+00
      148       .0000000E+00       .4000000E+00
      149       .0000000E+00       .3750000E+00
      150       .0000000E+00       .3500000E+00
      151       .0000000E+00       .3250000E+00
      152       .0000000E+00       .3000000E+00
      153       .0000000E+00       .2750000E+00
      154       .0000000E+00       .2500000E+00
      155       .0000000E+00       .2250000E+00
      156       .0000000E+00       .2000000E+00
      157       .0000000E+00       .1750000E+00
      158       .0000000E+00       .1500000E+00
      159       .0000000E+00       .1250000E+00
      160       .0000000E+00       .1000000E+00
      161       .0000000E+00       .7500000E-01
      162       .0000000E+00       .5000000E-01
      163       .0000000E+00       .2500000E-01
      164       .0000000E+00       .0000000E+00
      165       .4167000E-01       .4167000E-01
      166       .1250000E+00       .4167000E-01
      167       .2083300E+00       .4167000E-01
      168       .2916700E+00       .4167000E-01
      169       .3750000E+00       .4167000E-01
      170       .4583300E+00       .4167000E-01
      171       .5416700E+00       .4167000E-01
      172       .6250000E+00       .4167000E-01
      173       .7083300E+00       .4167000E-01
      174       .7916700E+00       .4167000E-01
      175       .8750000E+00       .4167000E-01
      176       .9583300E+00       .4167000E-01
      177       .4167000E-01       .1250000E+00
      178       .1250000E+00       .1250000E+00
      179       .2083300E+00       .1250000E+00
      180       .2916700E+00       .1250000E+00
      181       .3750000E+00       .1250000E+00
      182       .4583300E+00       .1250000E+00
      183       .5416700E+00       .1250000E+00
      184       .6250000E+00       .1250000E+00
      185       .7083300E+00       .1250000E+00
      186       .7916700E+00       .1250000E+00
      187       .8750000E+00       .1250000E+00
      188       .9583300E+00       .1250000E+00
      189       .4167000E-01       .2083300E+00
      190       .1250000E+00       .2083300E+00
      191       .2083300E+00       .2083300E+00
      192       .2916700E+00       .2083300E+00
      193       .3750000E+00       .2083300E+00
      194       .4583300E+00       .2083300E+00
      195       .5416700E+00       .2083300E+00
      196       .6250000E+00       .2083300E+00
      197       .7083300E+00       .2083300E+00
      198       .7916700E+00       .2083300E+00
      199       .8750000E+00       .2083300E+00
      200       .9583300E+00       .2083300E+00
      201       .4167000E-01       .2916700E+00
      202       .1250000E+00       .2916700E+00
      203       .2083300E+00       .2916700E+00
      204       .2916700E+00       .2916700E+00
      205       .3750000E+00       .2916700E+00
      206       .4583300E+00       .2916700E+00
      207       .5416700E+00       .2916700E+00
      208       .6250000E+00       .2916700E+00
      209       .7083300E+00       .2916700E+00
      210       .7916700E+00       .2916700E+00
      211       .8750000E+00       .2916700E+00
      212       .9583300E+00       .2916700E+00
      213       .4167000E-01       .3750000E+00
      214       .1250000E+00       .3750000E+00
      215       .2083300E+00       .3750000E+00
      216       .2916700E+00       .3750000E+00
      217       .3750000E+00       .3750000E+00
      218       .4583300E+00       .3750000E+00
      219       .5416700E+00       .3750000E+00
      220       .6250000E+00       .3750000E+00
      221       .7083300E+00       .3750000E+00
      222       .7916700E+00       .3750000E+00
      223       .8750000E+00       .3750000E+00
      224       .9583300E+00       .3750000E+00
      225       .4167000E-01       .4583300E+00
      226       .1250000E+00       .4583300E+00
      227       .2083300E+00       .4583300E+00
      228       .2916700E+00       .4583300E+00
      229       .3750000E+00       .4583300E+00
      230       .4583300E+00       .4583300E+00
      231       .5416700E+00       .4583300E+00
      232       .6250000E+00       .4583300E+00
      233       .7083300E+00       .4583300E+00
      234       .7916700E+00       .4583300E+00
      235       .8750000E+00       .4583300E+00
      236       .9583300E+00       .4583300E+00
      237       .4167000E-01       .5416700E+00
      238       .1250000E+00       .5416700E+00
      239       .2083300E+00       .5416700E+00
      240       .2916700E+00       .5416700E+00
      241       .3750000E+00       .5416700E+00
      242       .4583300E+00       .5416700E+00
      243       .5416700E+00       .5416700E+00
      244       .6250000E+00       .5416700E+00
      245       .7083300E+00       .5416700E+00
      246       .7916700E+00       .5416700E+00
      247       .8750000E+00       .5416700E+00
      248       .9583300E+00       .5416700E+00
      249       .4167000E-01       .6250000E+00
      250       .1250000E+00       .6250000E+00
      251       .2083300E+00       .6250000E+00
      252       .2916700E+00       .6250000E+00
      253       .3750000E+00       .6250000E+00
      254       .4583300E+00       .6250000E+00
      255       .5416700E+00       .6250000E+00
      256       .6250000E+00       .6250000E+00
      257       .7083300E+00       .6250000E+00
      258       .7916700E+00       .6250000E+00
      259       .8750000E+00       .6250000E+00
      260       .9583300E+00       .6250000E+00
      261       .4167000E-01       .7083300E+00
      262       .1250000E+00       .7083300E+00
      263       .2083300E+00       .7083300E+00
      264       .2916700E+00       .7083300E+00
      265       .3750000E+00       .7083300E+00
      266       .4583300E+00       .7083300E+00
      267       .5416700E+00       .7083300E+00
      268       .6250000E+00       .7083300E+00
      269       .7083300E+00       .7083300E+00
      270       .7916700E+00       .7083300E+00
      271       .8750000E+00       .7083300E+00
      272       .9583300E+00       .7083300E+00
      273       .4167000E-01       .7916700E+00
      274       .1250000E+00       .7916700E+00
      275       .2083300E+00       .7916700E+00
      276       .2916700E+00       .7916700E+00
      277       .3750000E+00       .7916700E+00
      278       .4583300E+00       .7916700E+00
      279       .5416700E+00       .7916700E+00
      280       .6250000E+00       .7916700E+00
      281       .7083300E+00       .7916700E+00
      282       .7916700E+00       .7916700E+00
      283       .8750000E+00       .7916700E+00
      284       .9583300E+00       .7916700E+00
      285       .4167000E-01       .8750000E+00
      286       .1250000E+00       .8750000E+00
      287       .2083300E+00       .8750000E+00
      288       .2916700E+00       .8750000E+00
      289       .3750000E+00       .8750000E+00
      290       .4583300E+00       .8750000E+00
      291       .5416700E+00       .8750000E+00
      292       .6250000E+00       .8750000E+00
      293       .7083300E+00       .8750000E+00
      294       .7916700E+00       .8750000E+00
      295       .8750000E+00       .8750000E+00
      296       .9583300E+00       .8750000E+00
      297       .4167000E-01       .9583300E+00
      298       .1250000E+00       .9583300E+00
      299       .2083300E+00       .9583300E+00
      300       .2916700E+00       .9583300E+00
      301       .3750000E+00       .9583300E+00
      302       .4583300E+00       .9583300E+00
      303       .5416700E+00       .9583300E+00
      304       .6250000E+00       .9583300E+00
      305       .7083300E+00       .9583300E+00
      306       .7916700E+00       .9583300E+00
      307       .8750000E+00       .9583300E+00
      308       .9583300E+00       .9583300E+00


  boundary conditions

     node      code     prescribed value
       1        0        164          .0000000E+00
       2        0          0          .0000000E+00
       3        0          0          .0000000E+00
       4        0          0          .0000000E+00
       5        0          0          .0000000E+00
       6        0          0          .0000000E+00
       7        0          0          .0000000E+00
       8        0          0          .0000000E+00
       9        0          0          .0000000E+00
      10        0          0          .0000000E+00
      11        0          0          .0000000E+00
      12        0          0          .0000000E+00
      13        0          0          .0000000E+00
      14        0          0          .0000000E+00
      15        0          0          .0000000E+00
      16        0          0          .0000000E+00
      17        0          0          .0000000E+00
      18        0          0          .0000000E+00
      19        0          0          .0000000E+00
      20        0          0          .0000000E+00
      21        0          0          .0000000E+00
      22        0          0          .0000000E+00
      23        0          0          .0000000E+00
      24        0          0          .0000000E+00
      25        0          0          .0000000E+00
      26        0          0          .0000000E+00
      27        0          0          .0000000E+00
      28        0          0          .0000000E+00
      29        0          0          .0000000E+00
      30        0          0          .0000000E+00
      31        0          0          .0000000E+00
      32        0          0          .0000000E+00
      33        0          0          .0000000E+00
      34        0          0          .0000000E+00
      35        0          0          .0000000E+00
      36        0          0          .0000000E+00
      37        0          0          .0000000E+00
      38        0          0          .0000000E+00
      39        0          0          .0000000E+00
      40        0          0          .0000000E+00
      41        0         42          .0000000E+00
      42        0         41          .0000000E+00
      43        0          0          .7850000E-01
      44        0          0          .1564000E+00
      45        0          0          .2334000E+00
      46        0          0          .3090000E+00
      47        0          0          .3827000E+00
      48        0          0          .4540000E+00
      49        0          0          .5225000E+00
      50        0          0          .5878000E+00
      51        0          0          .6494000E+00
      52        0          0          .7071000E+00
      53        0          0          .7604000E+00
      54        0          0          .8090000E+00
      55        0          0          .8526000E+00
      56        0          0          .8910000E+00
      57        0          0          .9239000E+00
      58        0          0          .9510000E+00
      59        0          0          .9724000E+00
      60        0          0          .9877000E+00
      61        0          0          .9969000E+00
      62        0          0          .1000000E+01
      63        0          0          .9969000E+00
      64        0          0          .9877000E+00
      65        0          0          .9724000E+00
      66        0          0          .9511000E+00
      67        0          0          .9239000E+00
      68        0          0          .8910000E+00
      69        0          0          .8527000E+00
      70        0          0          .8091000E+00
      71        0          0          .7604000E+00
      72        0          0          .7072000E+00
      73        0          0          .6495000E+00
      74        0          0          .5878000E+00
      75        0          0          .5226000E+00
      76        0          0          .4541000E+00
      77        0          0          .3828000E+00
      78        0          0          .3091000E+00
      79        0          0          .2335000E+00
      80        0          0          .1565000E+00
      81        0          0          .7850000E-01
      82        0         83          .0000000E+00
      83        0         82          .0000000E+00
      84        0          0          .0000000E+00
      85        0          0          .0000000E+00
      86        0          0          .0000000E+00
      87        0          0          .0000000E+00
      88        0          0          .0000000E+00
      89        0          0          .0000000E+00
      90        0          0          .0000000E+00
      91        0          0          .0000000E+00
      92        0          0          .0000000E+00
      93        0          0          .0000000E+00
      94        0          0          .0000000E+00
      95        0          0          .0000000E+00
      96        0          0          .0000000E+00
      97        0          0          .0000000E+00
      98        0          0          .0000000E+00
      99        0          0          .0000000E+00
     100        0          0          .0000000E+00
     101        0          0          .0000000E+00
     102        0          0          .0000000E+00
     103        0          0          .0000000E+00
     104        0          0          .0000000E+00
     105        0          0          .0000000E+00
     106        0          0          .0000000E+00
     107        0          0          .0000000E+00
     108        0          0          .0000000E+00
     109        0          0          .0000000E+00
     110        0          0          .0000000E+00
     111        0          0          .0000000E+00
     112        0          0          .0000000E+00
     113        0          0          .0000000E+00
     114        0          0          .0000000E+00
     115        0          0          .0000000E+00
     116        0          0          .0000000E+00
     117        0          0          .0000000E+00
     118        0          0          .0000000E+00
     119        0          0          .0000000E+00
     120        0          0          .0000000E+00
     121        0          0          .0000000E+00
     122        0          0          .0000000E+00
     123        0        124          .0000000E+00
     124        0        123          .0000000E+00
     125        0          0          .0000000E+00
     126        0          0          .0000000E+00
     127        0          0          .0000000E+00
     128        0          0          .0000000E+00
     129        0          0          .0000000E+00
     130        0          0          .0000000E+00
     131        0          0          .0000000E+00
     132        0          0          .0000000E+00
     133        0          0          .0000000E+00
     134        0          0          .0000000E+00
     135        0          0          .0000000E+00
     136        0          0          .0000000E+00
     137        0          0          .0000000E+00
     138        0          0          .0000000E+00
     139        0          0          .0000000E+00
     140        0          0          .0000000E+00
     141        0          0          .0000000E+00
     142        0          0          .0000000E+00
     143        0          0          .0000000E+00
     144        0          0          .0000000E+00
     145        0          0          .0000000E+00
     146        0          0          .0000000E+00
     147        0          0          .0000000E+00
     148        0          0          .0000000E+00
     149        0          0          .0000000E+00
     150        0          0          .0000000E+00
     151        0          0          .0000000E+00
     152        0          0          .0000000E+00
     153        0          0          .0000000E+00
     154        0          0          .0000000E+00
     155        0          0          .0000000E+00
     156        0          0          .0000000E+00
     157        0          0          .0000000E+00
     158        0          0          .0000000E+00
     159        0          0          .0000000E+00
     160        0          0          .0000000E+00
     161        0          0          .0000000E+00
     162        0          0          .0000000E+00
     163        0          0          .0000000E+00
     164        0          1          .0000000E+00


  incidence of geometric nodes

      first node      second node

       1          1       2
       2          2       3
       3          3       4
       4          4       5
       5          5       6
       6          6       7
       7          7       8
       8          8       9
       9          9      10
      10         10      11
      11         11      12
      12         12      13
      13         13      14
      14         14      15
      15         15      16
      16         16      17
      17         17      18
      18         18      19
      19         19      20
      20         20      21
      21         21      22
      22         22      23
      23         23      24
      24         24      25
      25         25      26
      26         26      27
      27         27      28
      28         28      29
      29         29      30
      30         30      31
      31         31      32
      32         32      33
      33         33      34
      34         34      35
      35         35      36
      36         36      37
      37         37      38
      38         38      39
      39         39      40
      40         40      41
      41         42      43
      42         43      44
      43         44      45
      44         45      46
      45         46      47
      46         47      48
      47         48      49
      48         49      50
      49         50      51
      50         51      52
      51         52      53
      52         53      54
      53         54      55
      54         55      56
      55         56      57
      56         57      58
      57         58      59
      58         59      60
      59         60      61
      60         61      62
      61         62      63
      62         63      64
      63         64      65
      64         65      66
      65         66      67
      66         67      68
      67         68      69
      68         69      70
      69         70      71
      70         71      72
      71         72      73
      72         73      74
      73         74      75
      74         75      76
      75         76      77
      76         77      78
      77         78      79
      78         79      80
      79         80      81
      80         81      82
      81         83      84
      82         84      85
      83         85      86
      84         86      87
      85         87      88
      86         88      89
      87         89      90
      88         90      91
      89         91      92
      90         92      93
      91         93      94
      92         94      95
      93         95      96
      94         96      97
      95         97      98
      96         98      99
      97         99     100
      98        100     101
      99        101     102
     100        102     103
     101        103     104
     102        104     105
     103        105     106
     104        106     107
     105        107     108
     106        108     109
     107        109     110
     108        110     111
     109        111     112
     110        112     113
     111        113     114
     112        114     115
     113        115     116
     114        116     117
     115        117     118
     116        118     119
     117        119     120
     118        120     121
     119        121     122
     120        122     123
     121        124     125
     122        125     126
     123        126     127
     124        127     128
     125        128     129
     126        129     130
     127        130     131
     128        131     132
     129        132     133
     130        133     134
     131        134     135
     132        135     136
     133        136     137
     134        137     138
     135        138     139
     136        139     140
     137        140     141
     138        141     142
     139        142     143
     140        143     144
     141        144     145
     142        145     146
     143        146     147
     144        147     148
     145        148     149
     146        149     150
     147        150     151
     148        151     152
     149        152     153
     150        153     154
     151        154     155
     152        155     156
     153        156     157
     154        157     158
     155        158     159
     156        159     160
     157        160     161
     158        161     162
     159        162     163
     160        163     164
 NOVAS COORDENADAS DOS NOS DUPLOS
      .0005      .0000
      .0250      .0000
      .0500      .0000
      .0750      .0000
      .1000      .0000
      .1250      .0000
      .1500      .0000
      .1750      .0000
      .2000      .0000
      .2250      .0000
      .2500      .0000
      .2750      .0000
      .3000      .0000
      .3250      .0000
      .3500      .0000
      .3750      .0000
      .4000      .0000
      .4250      .0000
      .4500      .0000
      .4750      .0000
      .5000      .0000
      .5250      .0000
      .5500      .0000
      .5750      .0000
      .6000      .0000
      .6250      .0000
      .6500      .0000
      .6750      .0000
      .7000      .0000
      .7250      .0000
      .7500      .0000
      .7750      .0000
      .8000      .0000
      .8250      .0000
      .8500      .0000
      .8750      .0000
      .9000      .0000
      .9250      .0000
      .9500      .0000
      .9750      .0000
      .9995      .0000
     1.0000      .0005
     1.0000      .0250
     1.0000      .0500
     1.0000      .0750
     1.0000      .1000
     1.0000      .1250
     1.0000      .1500
     1.0000      .1750
     1.0000      .2000
     1.0000      .2250
     1.0000      .2500
     1.0000      .2750
     1.0000      .3000
     1.0000      .3250
     1.0000      .3500
     1.0000      .3750
     1.0000      .4000
     1.0000      .4250
     1.0000      .4500
     1.0000      .4750
     1.0000      .5000
     1.0000      .5250
     1.0000      .5500
     1.0000      .5750
     1.0000      .6000
     1.0000      .6250
     1.0000      .6500
     1.0000      .6750
     1.0000      .7000
     1.0000      .7250
     1.0000      .7500
     1.0000      .7750
     1.0000      .8000
     1.0000      .8250
     1.0000      .8500
     1.0000      .8750
     1.0000      .9000
     1.0000      .9250
     1.0000      .9500
     1.0000      .9750
     1.0000      .9995
      .9995     1.0000
      .9750     1.0000
      .9500     1.0000
      .9250     1.0000
      .9000     1.0000
      .8750     1.0000
      .8500     1.0000
      .8250     1.0000
      .8000     1.0000
      .7750     1.0000
      .7500     1.0000
      .7250     1.0000
      .7000     1.0000
      .6750     1.0000
      .6500     1.0000
      .6250     1.0000
      .6000     1.0000
      .5750     1.0000
      .5500     1.0000
      .5250     1.0000
      .5000     1.0000
      .4750     1.0000
      .4500     1.0000
      .4250     1.0000
      .4000     1.0000
      .3750     1.0000
      .3500     1.0000
      .3250     1.0000
      .3000     1.0000
      .2750     1.0000
      .2500     1.0000
      .2250     1.0000
      .2000     1.0000
      .1750     1.0000
      .1500     1.0000
      .1250     1.0000
      .1000     1.0000
      .0750     1.0000
      .0500     1.0000
      .0250     1.0000
      .0005     1.0000
      .0000      .9995
      .0000      .9750
      .0000      .9500
      .0000      .9250
      .0000      .9000
      .0000      .8750
      .0000      .8500
      .0000      .8250
      .0000      .8000
      .0000      .7750
      .0000      .7500
      .0000      .7250
      .0000      .7000
      .0000      .6750
      .0000      .6500
      .0000      .6250
      .0000      .6000
      .0000      .5750
      .0000      .5500
      .0000      .5250
      .0000      .5000
      .0000      .4750
      .0000      .4500
      .0000      .4250
      .0000      .4000
      .0000      .3750
      .0000      .3500
      .0000      .3250
      .0000      .3000
      .0000      .2750
      .0000      .2500
      .0000      .2250
      .0000      .2000
      .0000      .1750
      .0000      .1500
      .0000      .1250
      .0000      .1000
      .0000      .0750
      .0000      .0500
      .0000      .0250
      .0000      .0005
   
 VALORES DE DFI  ************************************
      1   .0803
      2   .0815
      3   .0828
      4   .0841
      5   .0855
      6   .0868
      7   .0882
      8   .0896
      9   .0911
     10   .0925
     11   .0940
     12   .0955
     13   .0970
     14   .0985
     15   .1000
     16   .1015
     17   .1030
     18   .1044
     19   .1058
     20   .1072
     21   .1085
     22   .1098
     23   .1109
     24   .1119
     25   .1127
     26   .1134
     27   .1138
     28   .1139
     29   .1137
     30   .1131
     31   .1119
     32   .1101
     33   .1075
     34   .1039
     35   .0992
     36   .0929
     37   .0846
     38   .0737
     39   .0590
     40   .0380
     41   .0017
     42   .0000
     43  -.0393
     44  -.0782
     45  -.1167
     46  -.1545
     47  -.1914
     48  -.2270
     49  -.2613
     50  -.2939
     51  -.3247
     52  -.3536
     53  -.3802
     54  -.4045
     55  -.4263
     56  -.4455
     57  -.4620
     58  -.4755
     59  -.4862
     60  -.4939
     61  -.4985
     62  -.5000
     63  -.4985
     64  -.4939
     65  -.4862
     66  -.4756
     67  -.4620
     68  -.4455
     69  -.4264
     70  -.4046
     71  -.3802
     72  -.3536
     73  -.3248
     74  -.2939
     75  -.2613
     76  -.2271
     77  -.1914
     78  -.1546
     79  -.1168
     80  -.0783
     81  -.0393
     82   .0000
     83   .0017
     84   .0380
     85   .0590
     86   .0737
     87   .0847
     88   .0929
     89   .0992
     90   .1040
     91   .1075
     92   .1101
     93   .1119
     94   .1131
     95   .1137
     96   .1139
     97   .1138
     98   .1134
     99   .1127
    100   .1119
    101   .1109
    102   .1098
    103   .1085
    104   .1072
    105   .1058
    106   .1044
    107   .1030
    108   .1015
    109   .1000
    110   .0985
    111   .0970
    112   .0955
    113   .0940
    114   .0925
    115   .0911
    116   .0896
    117   .0882
    118   .0868
    119   .0855
    120   .0841
    121   .0828
    122   .0815
    123   .0803
    124   .0803
    125   .0816
    126   .0830
    127   .0843
    128   .0856
    129   .0869
    130   .0881
    131   .0892
    132   .0903
    133   .0913
    134   .0922
    135   .0931
    136   .0939
    137   .0946
    138   .0952
    139   .0957
    140   .0961
    141   .0965
    142   .0967
    143   .0969
    144   .0969
    145   .0969
    146   .0967
    147   .0965
    148   .0961
    149   .0957
    150   .0952
    151   .0946
    152   .0939
    153   .0931
    154   .0922
    155   .0913
    156   .0903
    157   .0892
    158   .0881
    159   .0869
    160   .0856
    161   .0843
    162   .0830
    163   .0816
    164   .0803
    165   .0849
    166   .0899
    167   .0953
    168   .1010
    169   .1071
    170   .1133
    171   .1193
    172   .1245
    173   .1279
    174   .1271
    175   .1179
    176   .0903
    177   .0896
    178   .0956
    179   .1023
    180   .1098
    181   .1181
    182   .1272
    183   .1372
    184   .1479
    185   .1590
    186   .1697
    187   .1788
    188   .1864
    189   .0938
    190   .1007
    191   .1086
    192   .1177
    193   .1282
    194   .1403
    195   .1544
    196   .1709
    197   .1904
    198   .2137
    199   .2424
    200   .2800
    201   .0971
    202   .1048
    203   .1138
    204   .1243
    205   .1366
    206   .1514
    207   .1692
    208   .1910
    209   .2181
    210   .2527
    211   .2977
    212   .3582
    213   .0994
    214   .1077
    215   .1174
    216   .1289
    217   .1427
    218   .1594
    219   .1800
    220   .2058
    221   .2387
    222   .2814
    223   .3380
    224   .4140
    225   .1006
    226   .1092
    227   .1193
    228   .1314
    229   .1459
    230   .1637
    231   .1857
    232   .2137
    233   .2496
    234   .2966
    235   .3591
    236   .4431
    237   .1006
    238   .1092
    239   .1193
    240   .1314
    241   .1459
    242   .1637
    243   .1857
    244   .2137
    245   .2496
    246   .2966
    247   .3591
    248   .4431
    249   .0994
    250   .1077
    251   .1174
    252   .1289
    253   .1427
    254   .1594
    255   .1800
    256   .2058
    257   .2387
    258   .2814
    259   .3380
    260   .4141
    261   .0971
    262   .1048
    263   .1138
    264   .1243
    265   .1366
    266   .1514
    267   .1692
    268   .1910
    269   .2181
    270   .2527
    271   .2977
    272   .3582
    273   .0938
    274   .1007
    275   .1086
    276   .1177
    277   .1282
    278   .1403
    279   .1544
    280   .1709
    281   .1904
    282   .2137
    283   .2424
    284   .2800
    285   .0896
    286   .0956
    287   .1023
    288   .1098
    289   .1181
    290   .1272
    291   .1372
    292   .1479
    293   .1590
    294   .1697
    295   .1788
    296   .1864
    297   .0849
    298   .0899
    299   .0953
    300   .1010
    301   .1071
    302   .1133
    303   .1193
    304   .1245
    305   .1279
    306   .1271
    307   .1179
    308   .0903
   
 VALORES DE WR_POS ORIGINAIS ************************
      1    .00000
      2    .00000
      3    .00000
      4    .00000
      5    .00000
      6    .00000
      7    .00000
      8    .00000
      9    .00000
     10    .00000
     11    .00000
     12    .00000
     13    .00000
     14    .00000
     15    .00000
     16    .00000
     17    .00000
     18    .00000
     19    .00000
     20    .00000
     21    .00000
     22    .00000
     23    .00000
     24    .00000
     25    .00000
     26    .00000
     27    .00000
     28    .00000
     29    .00000
     30    .00000
     31    .00000
     32    .00000
     33    .00000
     34    .00000
     35    .00000
     36    .00000
     37    .00000
     38    .00000
     39    .00000
     40    .00000
     41    .00000
     42    .00000
     43    .00000
     44    .00000
     45    .00000
     46    .00000
     47    .00000
     48    .00000
     49    .00000
     50    .00000
     51    .00000
     52    .00000
     53    .00000
     54    .00000
     55    .00000
     56    .00000
     57    .00000
     58    .00000
     59    .00000
     60    .00000
     61    .00000
     62    .00000
     63    .00000
     64    .00000
     65    .00000
     66    .00000
     67    .00000
     68    .00000
     69    .00000
     70    .00000
     71    .00000
     72    .00000
     73    .00000
     74    .00000
     75    .00000
     76    .00000
     77    .00000
     78    .00000
     79    .00000
     80    .00000
     81    .00000
     82    .00000
     83    .00000
     84    .00000
     85    .00000
     86    .00000
     87    .00000
     88    .00000
     89    .00000
     90    .00000
     91    .00000
     92    .00000
     93    .00000
     94    .00000
     95    .00000
     96    .00000
     97    .00000
     98    .00000
     99    .00000
    100    .00000
    101    .00000
    102    .00000
    103    .00000
    104    .00000
    105    .00000
    106    .00000
    107    .00000
    108    .00000
    109    .00000
    110    .00000
    111    .00000
    112    .00000
    113    .00000
    114    .00000
    115    .00000
    116    .00000
    117    .00000
    118    .00000
    119    .00000
    120    .00000
    121    .00000
    122    .00000
    123    .00000
    124    .00000
    125    .00000
    126    .00000
    127    .00000
    128    .00000
    129    .00000
    130    .00000
    131    .00000
    132    .00000
    133    .00000
    134    .00000
    135    .00000
    136    .00000
    137    .00000
    138    .00000
    139    .00000
    140    .00000
    141    .00000
    142    .00000
    143    .00000
    144    .00000
    145    .00000
    146    .00000
    147    .00000
    148    .00000
    149    .00000
    150    .00000
    151    .00000
    152    .00000
    153    .00000
    154    .00000
    155    .00000
    156    .00000
    157    .00000
    158    .00000
    159    .00000
    160    .00000
    161    .00000
    162    .00000
    163    .00000
    164    .00000
    165    .00000
    166    .00000
    167    .00000
    168    .00000
    169    .00000
    170    .00000
    171    .00000
    172    .00000
    173    .00000
    174    .00000
    175    .00000
    176    .00000
    177    .00000
    178    .00000
    179    .00000
    180    .00000
    181    .00000
    182    .00000
    183    .00000
    184    .00000
    185    .00000
    186    .00000
    187    .00000
    188    .00000
    189    .00000
    190    .00000
    191    .00000
    192    .00000
    193    .00000
    194    .00000
    195    .00000
    196    .00000
    197    .00000
    198    .00000
    199    .00000
    200    .00000
    201    .00000
    202    .00000
    203    .00000
    204    .00000
    205    .00000
    206    .00000
    207    .00000
    208    .00000
    209    .00000
    210    .00000
    211    .00000
    212    .00000
    213    .00000
    214    .00000
    215    .00000
    216    .00000
    217    .00000
    218    .00000
    219    .00000
    220    .00000
    221    .00000
    222    .00000
    223    .00000
    224    .00000
    225    .00000
    226    .00000
    227    .00000
    228    .00000
    229    .00000
    230    .00000
    231    .00000
    232    .00000
    233    .00000
    234    .00000
    235    .00000
    236    .00000
    237    .00000
    238    .00000
    239    .00000
    240    .00000
    241    .00000
    242    .00000
    243    .00000
    244    .00000
    245    .00000
    246    .00000
    247    .00000
    248    .00000
    249    .00000
    250    .00000
    251    .00000
    252    .00000
    253    .00000
    254    .00000
    255    .00000
    256    .00000
    257    .00000
    258    .00000
    259    .00000
    260    .00000
    261    .00000
    262    .00000
    263    .00000
    264    .00000
    265    .00000
    266    .00000
    267    .00000
    268    .00000
    269    .00000
    270    .00000
    271    .00000
    272    .00000
    273    .00000
    274    .00000
    275    .00000
    276    .00000
    277    .00000
    278    .00000
    279    .00000
    280    .00000
    281    .00000
    282    .00000
    283    .00000
    284    .00000
    285    .00000
    286    .00000
    287    .00000
    288    .00000
    289    .00000
    290    .00000
    291    .00000
    292    .00000
    293    .00000
    294    .00000
    295    .00000
    296    .00000
    297    .00000
    298    .00000
    299    .00000
    300    .00000
    301    .00000
    302    .00000
    303    .00000
    304    .00000
    305    .00000
    306    .00000
    307    .00000
    308    .00000
    309    .00000
    310    .00000
    311    .00000
    312    .00000
    313    .00000
    314    .00000
    315    .00000
    316    .00000
    317    .00000
    318    .00000
    319    .00000
    320    .00000
    321    .00000
    322    .00000
    323    .00000
    324    .00000
    325    .00000
    326    .00000
    327    .00000
    328    .00000
    329    .00000
    330    .00000
    331    .00000
    332    .00000
    333    .00000
    334    .00000
    335    .00000
    336    .00000
    337    .00000
    338    .00000
    339    .00000
    340    .00000
    341    .00000
    342    .00000
    343    .00000
    344    .00000
    345    .00000
    346    .00000
    347    .00000
    348    .00000
    349    .00000
    350    .00000
    351    .00000
    352    .00000
    353    .00000
    354    .00000
    355    .00000
    356    .00000
    357    .00000
    358    .00000
    359    .00000
    360    .00000
    361    .00000
    362    .00000
    363    .00000
    364    .00000
    365    .00000
    366    .00000
    367    .00000
    368    .00000
    369    .00000
    370    .00000
    371    .00000
    372    .00000
    373    .00000
    374    .00000
    375    .00000
    376    .00000
    377    .00000
    378    .00000
    379    .00000
    380    .00000
    381    .00000
    382    .00000
    383    .00000
    384    .00000
    385    .00000
    386    .00000
    387    .00000
    388    .00000
    389    .00000
    390    .00000
    391    .00000
    392    .00000
    393    .00000
    394    .00000
    395    .00000
    396    .00000
    397    .00000
    398    .00000
    399    .00000
    400    .00000
    401    .00000
    402    .00000
    403    .00000
    404    .00000
    405    .00000
    406    .00000
    407    .00000
    408    .00000
    409    .00000
    410    .00000
    411    .00000
    412    .00000
    413    .00000
    414    .00000
    415    .00000
    416    .00000
    417    .00000
    418    .00000
    419    .00000
    420    .00000
    421    .00000
    422    .00000
    423    .00000
    424    .00000
    425    .00000
    426    .00000
    427    .00000
    428    .00000
    429    .00000
    430    .00000
    431    .00000
    432    .00000
    433    .00000
    434    .00000
    435    .00000
    436    .00000
    437    .00000
    438    .00000
    439    .00000
    440    .00000
    441    .00000
    442    .00000
    443    .00000
    444    .00000
    445    .00000
    446    .00000
    447    .00000
    448    .00000
    449    .00000
    450    .00000
    451    .00000
    452    .00000
    453    .00000
    454    .00000
    455    .00000
    456    .00000
    457    .00000
    458    .00000
    459    .00000
    460    .00000
    461    .00000
    462    .00000
    463    .00000
    464    .00000
    465    .00000
    466    .00000
    467    .00000
    468    .00000
    469    .00000
    470    .00000
    471    .00000
    472    .00000
    473    .00000
    474    .00000
    475    .00000
    476    .00000
    477    .00000
    478    .00000
    479    .00000
    480    .00000
    481    .00000
    482    .00000
    483    .00000
    484    .00000
    485    .00000
    486    .00000
    487    .00000
    488    .00000
    489    .00000
    490    .00000
    491    .00000
    492    .00000
    493    .00000
    494    .00000
    495    .00000
    496    .00000
    497    .00000
    498    .00000
    499    .00000
    500    .00000
    501    .00000
    502    .00000
    503    .00000
    504    .00000
    505    .00000
    506    .00000
    507    .00000
    508    .00000
    509    .00000
    510    .00000
    511    .00000
    512    .00000
    513    .00000
    514    .00000
    515    .00000
    516    .00000
    517    .00000
    518    .00000
    519    .00000
    520    .00000
    521    .00000
    522    .00000
    523    .00000
    524    .00000
    525    .00000
    526    .00000
    527    .00000
    528    .00000
    529    .00000
    530    .00000
    531    .00000
    532    .00000
    533    .00000
    534    .00000
    535    .00000
    536    .00000
    537    .00000
    538    .00000
    539    .00000
    540    .00000
    541    .00000
    542    .00000
    543    .00000
    544    .00000
    545    .00000
    546    .00000
    547    .00000
    548    .00000
    549    .00000
    550    .00000
    551    .00000
    552    .00000
    553    .00000
    554    .00000
    555    .00000
    556    .00000
    557    .00000
    558    .00000
    559    .00000
    560    .00000
    561    .00000
    562    .00000
    563    .00000
    564    .00000
    565    .00000
    566    .00000
    567    .00000
    568    .00000
    569    .00000
    570    .00000
    571    .00000
    572    .00000
    573    .00000
    574    .00000
    575    .00000
    576    .00000
   
 VALORES DE WRA  ************************************
 WRA ORIGINAL POSSUIA         576 NUM., REDUZIDO PARA         277 NUM.
      1    .66995
      2   1.22174
      3    .90471
      4   1.05134
      5    .97528
      6   1.01260
      7    .99376
      8   1.00313
      9    .99844
     10   1.00078
     11    .99961
     12   1.00020
     13    .99990
     14   1.00005
     15    .99998
     16   1.00001
     17    .99999
     18   1.00000
     19   1.00000
     20   1.00000
     21   1.00000
     22   1.00000
     23   1.00000
     24   1.00000
     25   1.00000
     26   1.00000
     27   1.00000
     28   1.00000
     29   1.00000
     30   1.00000
     31   1.00000
     32   1.00000
     33   1.00000
     34   1.00000
     35   1.00000
     36   1.00000
     37   1.00000
     38   1.00000
     39   1.00000
     40   1.00000
     41   1.00000
     42   1.00000
     43   1.00000
     44   1.00000
     45   1.00000
     46   1.00000
     47   1.00000
     48   1.00000
     49   1.00000
     50   1.00000
     51   1.00000
     52   1.00000
     53   1.00000
     54   1.00000
     55   1.00000
     56   1.00000
     57   1.00000
     58   1.00000
     59   1.00000
     60   1.00000
     61   1.00000
     62   1.00000
     63   1.00000
     64   1.00000
     65   1.00000
     66   1.00000
     67   1.00000
     68   1.00000
     69   1.00000
     70   1.00000
     71   1.00000
     72   1.00000
     73   1.00000
     74   1.00000
     75   1.00000
     76   1.00000
     77   1.00000
     78   1.00000
     79   1.00000
     80   1.00000
     81   1.00000
     82   1.00000
     83   1.00000
     84   1.00000
     85   1.00000
     86   1.00000
     87   1.00000
     88   1.00000
     89   1.00000
     90   1.00000
     91   1.00000
     92   1.00000
     93   1.00000
     94   1.00000
     95   1.00000
     96   1.00000
     97   1.00000
     98   1.00000
     99   1.00000
    100   1.00000
    101   1.00000
    102   1.00000
    103   1.00000
    104   1.00000
    105   1.00000
    106   1.00000
    107   1.00000
    108   1.00000
    109   1.00000
    110   1.00000
    111   1.00000
    112   1.00000
    113   1.00000
    114   1.00000
    115   1.00000
    116   1.00000
    117   1.00000
    118   1.00000
    119   1.00000
    120   1.00000
    121   1.00000
    122   1.00000
    123   1.00000
    124   1.00000
    125   1.00000
    126   1.00000
    127   1.00000
    128   1.00000
    129   1.00000
    130   1.00000
    131   1.00000
    132   1.00000
    133   1.00000
    134   1.00000
    135   1.00000
    136   1.00000
    137   1.00000
    138   1.00000
    139   1.00000
    140   1.00000
    141   1.00000
    142   1.00000
    143   1.00000
    144   1.00000
    145   1.00000
    146   1.00000
    147   1.00000
    148   1.00000
    149   1.00000
    150   1.00000
    151   1.00000
    152   1.00000
    153   1.00000
    154   1.00000
    155   1.00000
    156   1.00000
    157   1.00000
    158   1.00000
    159   1.00000
    160   1.00000
    161   1.00000
    162   1.00000
    163   1.00000
    164   1.00000
    165   1.00000
    166   1.00000
    167   1.00000
    168   1.00000
    169   1.00000
    170   1.00000
    171   1.00000
    172   1.00000
    173   1.00000
    174   1.00000
    175   1.00000
    176   1.00000
    177   1.00000
    178   1.00000
    179   1.00000
    180   1.00000
    181   1.00000
    182   1.00000
    183   1.00000
    184   1.00000
    185   1.00000
    186   1.00000
    187   1.00000
    188   1.00000
    189   1.00000
    190   1.00000
    191   1.00000
    192   1.00000
    193   1.00000
    194   1.00000
    195   1.00000
    196   1.00000
    197   1.00000
    198   1.00000
    199   1.00000
    200   1.00000
    201   1.00000
    202   1.00000
    203   1.00000
    204   1.00000
    205   1.00000
    206   1.00000
    207   1.00000
    208   1.00000
    209   1.00000
    210   1.00000
    211   1.00000
    212   1.00000
    213   1.00000
    214   1.00000
    215   1.00000
    216   1.00000
    217   1.00000
    218   1.00000
    219   1.00000
    220   1.00000
    221   1.00000
    222   1.00000
    223   1.00000
    224   1.00000
    225   1.00000
    226   1.00000
    227   1.00000
    228   1.00000
    229   1.00000
    230   1.00000
    231   1.00000
    232   1.00000
    233   1.00000
    234   1.00000
    235   1.00000
    236   1.00000
    237   1.00000
    238   1.00000
    239   1.00000
    240   1.00000
    241   1.00000
    242   1.00000
    243   1.00000
    244   1.00000
    245   1.00000
    246   1.00000
    247   1.00000
    248   1.00000
    249   1.00000
    250   1.00000
    251   1.00000
    252   1.00000
    253   1.00000
    254   1.00000
    255   1.00000
    256   1.00000
    257   1.00000
    258   1.00000
    259   1.00000
    260   1.00000
    261   1.00000
    262   1.00000
    263   1.00000
    264   1.00000
    265   1.00000
    266   1.00000
    267   1.00000
    268   1.00000
    269   1.00000
    270   1.00000
    271   1.00000
    272   1.00000
    273   1.00000
    274   1.00000
    275   1.00000
    276   1.00000
    277   1.00000



           - AUTOVALORES - 
          REAL     IMAGINARIO
           1       -7.219543107700019   0.000000000000000E+000
           2  -6.699364292574161E-002       -5.527021095898584
           3  -6.699364292574161E-002        5.527021095898584
           4        2.228010008024556       -3.383807761746440
           5        2.228010008024556        3.383807761746440
           6       -1.739130935808777       -2.776305619785428
           7       -1.739130935808777        2.776305619785428
           8       -2.703218975645299  -7.786267105334498E-001
           9       -2.703218975645299   7.786267105334498E-001
          10        3.207545630303929  -4.695364010329871E-001
          11        3.207545630303929   4.695364010329871E-001
          12        3.083779529946668   0.000000000000000E+000
          13        2.595178686834625  -7.647270087551713E-001
          14        2.595178686834625   7.647270087551713E-001
          15        2.658199930845394  -4.566483564299576E-001
          16        2.658199930845394   4.566483564299576E-001
          17        2.460765633234851       -1.038630094019110
          18        2.460765633234851        1.038630094019110
          19        2.626171644972386  -1.080471619546102E-001
          20        2.626171644972386   1.080471619546102E-001
          21        2.561745142097416  -1.866720210654420E-001
          22        2.561745142097416   1.866720210654420E-001
          23        2.281642615397035       -1.306034976523709
          24        2.281642615397035        1.306034976523709
          25        2.491165304018287  -4.875274279741526E-001
          26        2.491165304018287   4.875274279741526E-001
          27        2.088731937141428       -1.555433910960639
          28        2.088731937141428        1.555433910960639
          29        2.369040067919352  -8.144292148437029E-001
          30        2.369040067919352   8.144292148437029E-001
          31        1.866419271335064       -1.762464152691813
          32        1.866419271335064        1.762464152691813
          33        2.217221046496850       -1.101168681036345
          34        2.217221046496850        1.101168681036345
          35        1.608410444679440       -1.938700848495943
          36        1.608410444679440        1.938700848495943
          37        2.005089334752883       -1.338852801040301
          38        2.005089334752883        1.338852801040301
          39        1.346488442984624       -2.085987642833379
          40        1.346488442984624        2.085987642833379
          41   5.335014493298121E-001       -2.502949690797029
          42   5.335014493298121E-001        2.502949690797029
          43        1.731392633307470       -1.576288345468066
          44        1.731392633307470        1.576288345468066
          45        1.081271863845099       -2.178310884578913
          46        1.081271863845099        2.178310884578913
          47        1.477039197647342       -1.766695802578915
          48        1.477039197647342        1.766695802578915
          49        1.756270017426199       -1.384819402279429
          50        1.756270017426199        1.384819402279429
          51   7.951909544780872E-001       -2.231422636147349
          52   7.951909544780872E-001        2.231422636147349
          53        1.188677474210070       -1.880460779977133
          54        1.188677474210070        1.880460779977133
          55   4.911971737547134E-001       -2.251189004606252
          56   4.911971737547134E-001        2.251189004606252
          57   8.423315264850060E-001       -1.975194233798560
          58   8.423315264850060E-001        1.975194233798560
          59   2.321372959910232E-001       -2.188108782580689
          60   2.321372959910232E-001        2.188108782580689
          61   5.487728610564018E-001       -2.029590485099206
          62   5.487728610564018E-001        2.029590485099206
          63        1.777481091868282  -2.300693774341274E-001
          64        1.777481091868282   2.300693774341274E-001
          65   9.467929301462452E-003       -2.102051113490177
          66   9.467929301462452E-003        2.102051113490177
          67  -4.935644848048790E-001       -2.045971126286047
          68  -4.935644848048790E-001        2.045971126286047
          69   2.405235791559583E-001       -2.000132896308693
          70   2.405235791559583E-001        2.000132896308693
          71  -1.932509819119697E-001       -2.013516417949484
          72  -1.932509819119697E-001        2.013516417949484
          73   9.562134916845266E-002       -1.953455076680348
          74   9.562134916845266E-002        1.953455076680348
          75  -9.301538807023124E-002       -1.949694120910622
          76  -9.301538807023124E-002        1.949694120910622
          77  -3.672132257487702E-001       -1.901979044503675
          78  -3.672132257487702E-001        1.901979044503675
          79  -3.934254315527915E-001       -1.882022652018738
          80  -3.934254315527915E-001        1.882022652018738
          81   9.614787673652847E-001       -1.437394059205526
          82   9.614787673652847E-001        1.437394059205526
          83        1.338427736666318       -1.022357277727775
          84        1.338427736666318        1.022357277727775
          85        1.653133779337276  -2.285257122378833E-003
          86        1.653133779337276   2.285257122378833E-003
          87        1.627966422642786  -2.405796302553580E-001
          88        1.627966422642786   2.405796302553580E-001
          89        1.605382511894844  -2.881133036034996E-001
          90        1.605382511894844   2.881133036034996E-001
          91        1.425895535090389  -8.080935310417931E-001
          92        1.425895535090389   8.080935310417931E-001
          93        1.189767794211724       -1.158670196615570
          94        1.189767794211724        1.158670196615570
          95        1.508289371837458  -5.391329295959942E-001
          96        1.508289371837458   5.391329295959942E-001
          97        1.507991170252636  -4.490599670792372E-001
          98        1.507991170252636   4.490599670792372E-001
          99        1.011623302669032       -1.307185226804161
         100        1.011623302669032        1.307185226804161
         101  -4.752554959615661E-001       -1.792641027967121
         102  -4.752554959615661E-001        1.792641027967121
         103  -6.435279064992924E-001       -1.755705187691885
         104  -6.435279064992924E-001        1.755705187691885
         105        1.373175111402986  -7.396039194846211E-001
         106        1.373175111402986   7.396039194846211E-001
         107        1.236927462749744  -9.823980517467825E-001
         108        1.236927462749744   9.823980517467825E-001
         109   8.363796809784312E-001       -1.402454346284693
         110   8.363796809784312E-001        1.402454346284693
         111        1.040754804913464       -1.199755899186641
         112        1.040754804913464        1.199755899186641
         113   6.886734934820193E-001       -1.484094269952416
         114   6.886734934820193E-001        1.484094269952416
         115        1.401518321740172  -5.292613191415675E-001
         116        1.401518321740172   5.292613191415675E-001
         117   4.567975250541041E-001       -1.589834698264232
         118   4.567975250541041E-001        1.589834698264232
         119   8.141709172470311E-001       -1.345094391749295
         120   8.141709172470311E-001        1.345094391749295
         121   4.551190625742142E-001       -1.570482319839469
         122   4.551190625742142E-001        1.570482319839469
         123  -9.382245923550496E-001       -1.577576485862906
         124  -9.382245923550496E-001        1.577576485862906
         125   2.056386351513792E-001       -1.637248992245052
         126   2.056386351513792E-001        1.637248992245052
         127  -5.644339483099399E-001       -1.673221316131116
         128  -5.644339483099399E-001        1.673221316131116
         129       -1.247250724249732       -1.352725382607535
         130       -1.247250724249732        1.352725382607535
         131   5.146789545968163E-001       -1.479758228228027
         132   5.146789545968163E-001        1.479758228228027
         133  -5.061654929158477E-002       -1.660776264344531
         134  -5.061654929158477E-002        1.660776264344531
         135       -1.169936529479232       -1.396628788608851
         136       -1.169936529479232        1.396628788608851
         137   9.483022250864875E-002       -1.616723218146910
         138   9.483022250864875E-002        1.616723218146910
         139  -3.005159022674105E-001       -1.652366895878216
         140  -3.005159022674105E-001        1.652366895878216
         141   2.732453590512594E-001       -1.543221049436348
         142   2.732453590512594E-001        1.543221049436348
         143  -5.238830254610820E-001       -1.597998773762280
         144  -5.238830254610820E-001        1.597998773762280
         145  -1.225381080083254E-002       -1.558505796394917
         146  -1.225381080083254E-002        1.558505796394917
         147       -1.338718376288876       -1.152304593503633
         148       -1.338718376288876        1.152304593503633
         149        1.247996179246309  -4.810300926159608E-001
         150        1.247996179246309   4.810300926159608E-001
         151        1.282800531280367  -3.045291731408898E-001
         152        1.282800531280367   3.045291731408898E-001
         153  -7.352321672884009E-001       -1.509086122398234
         154  -7.352321672884009E-001        1.509086122398234
         155  -6.329572671450843E-001       -1.524777838596280
         156  -6.329572671450843E-001        1.524777838596280
         157  -2.912854441499513E-001       -1.548602170452510
         158  -2.912854441499513E-001        1.548602170452510
         159        1.285277175367308  -1.035973563367330E-001
         160        1.285277175367308   1.035973563367330E-001
         161  -9.218047013620474E-001       -1.399337931587435
         162  -9.218047013620474E-001        1.399337931587435
         163        1.144631507163431  -6.490091692421319E-001
         164        1.144631507163431   6.490091692421319E-001
         165  -5.577503362234089E-001       -1.494904825663735
         166  -5.577503362234089E-001        1.494904825663735
         167       -1.505991306881441  -8.609932515620774E-001
         168       -1.505991306881441   8.609932515620774E-001
         169       -1.123449261475641       -1.254489338379981
         170       -1.123449261475641        1.254489338379981
         171  -8.272034747081695E-001       -1.390983490121200
         172  -8.272034747081695E-001        1.390983490121200
         173       -1.066297760315301       -1.263892026010449
         174       -1.066297760315301        1.263892026010449
         175       -1.619412090602426  -5.892364540423449E-001
         176       -1.619412090602426   5.892364540423449E-001
         177       -1.336736598067463       -1.021600855472159
         178       -1.336736598067463        1.021600855472159
         179       -1.734129392705679  -5.594034661226481E-002
         180       -1.734129392705679   5.594034661226481E-002
         181        1.008138120728769  -8.130870404516772E-001
         182        1.008138120728769   8.130870404516772E-001
         183       -1.459871774941188  -8.086977302035933E-001
         184       -1.459871774941188   8.086977302035933E-001
         185  -6.742453876696668E-001       -1.386061956251568
         186  -6.742453876696668E-001        1.386061956251568
         187       -1.180666209932944       -1.104944214535035
         188       -1.180666209932944        1.104944214535035
         189       -1.660092848762854  -2.969937270198502E-001
         190       -1.660092848762854   2.969937270198502E-001
         191       -1.549019477926032  -5.612530462316059E-001
         192       -1.549019477926032   5.612530462316059E-001
         193       -1.657539214065696  -1.571932718719052E-002
         194       -1.657539214065696   1.571932718719052E-002
         195       -1.622943048067179  -2.973871743507353E-001
         196       -1.622943048067179   2.973871743507353E-001
         197   8.512715296231693E-001  -9.627215930654457E-001
         198   8.512715296231693E-001   9.627215930654457E-001
         199   6.818212362961095E-001       -1.093240501863573
         200   6.818212362961095E-001        1.093240501863573
         201       -1.265534187801193  -9.491260818400378E-001
         202       -1.265534187801193   9.491260818400378E-001
         203   4.877750112801408E-001       -1.183710124739665
         204   4.877750112801408E-001        1.183710124739665
         205        1.103707060227859  -3.866292636563811E-002
         206        1.103707060227859   3.866292636563811E-002
         207        1.101912565533096  -1.284769712150727E-001
         208        1.101912565533096   1.284769712150727E-001
         209        1.089523151858872  -2.100060969540239E-001
         210        1.089523151858872   2.100060969540239E-001
         211        1.071060655508254  -2.864041153945481E-001
         212        1.071060655508254   2.864041153945481E-001
         213        1.048640649046573  -3.694442078775850E-001
         214        1.048640649046573   3.694442078775850E-001
         215        1.010756573655715  -4.449606514542063E-001
         216        1.010756573655715   4.449606514542063E-001
         217        1.042429235701164  -2.523069093369356E-001
         218        1.042429235701164   2.523069093369356E-001
         219        1.052731000638106  -7.512321837369548E-002
         220        1.052731000638106   7.512321837369548E-002
         221        1.041422681164315  -1.038084479650234E-001
         222        1.041422681164315   1.038084479650234E-001
         223   9.986538317977958E-001  -4.203719560860651E-001
         224   9.986538317977958E-001   4.203719560860651E-001
         225   9.766977602433200E-001  -5.210356966651025E-001
         226   9.766977602433200E-001   5.210356966651025E-001
         227        1.002252673256962  -2.695090915895470E-001
         228        1.002252673256962   2.695090915895470E-001
         229   9.379708763857251E-001  -5.945603329595632E-001
         230   9.379708763857251E-001   5.945603329595632E-001
         231   9.257305130664211E-001  -5.819818650838988E-001
         232   9.257305130664211E-001   5.819818650838988E-001
         233   8.901844507900698E-001  -6.635327080469509E-001
         234   8.901844507900698E-001   6.635327080469509E-001
         235   8.420080578918106E-001  -7.258393361589086E-001
         236   8.420080578918106E-001   7.258393361589086E-001
         237   8.377361076526253E-001  -7.293925096614847E-001
         238   8.377361076526253E-001   7.293925096614847E-001
         239   7.912435256570654E-001  -7.851453720962769E-001
         240   7.912435256570654E-001   7.851453720962769E-001
         241   9.307341367749979E-001  -4.277001507411342E-001
         242   9.307341367749979E-001   4.277001507411342E-001
         243   2.827519765382190E-001       -1.229327904291207
         244   2.827519765382190E-001        1.229327904291207
         245   7.303088696407489E-001  -8.578315932314193E-001
         246   7.303088696407489E-001   8.578315932314193E-001
         247   7.215129252236545E-001  -8.453412621755315E-001
         248   7.215129252236545E-001   8.453412621755315E-001
         249   6.759225071649835E-001  -8.938219789369291E-001
         250   6.759225071649835E-001   8.938219789369291E-001
         251   8.352666074517348E-001  -5.799022297626182E-001
         252   8.352666074517348E-001   5.799022297626182E-001
         253   6.040308967207145E-001  -9.680423782695177E-001
         254   6.040308967207145E-001   9.680423782695177E-001
         255   5.569424752907406E-001  -9.960079505753566E-001
         256   5.569424752907406E-001   9.960079505753566E-001
         257   5.929702752533792E-001  -9.504739835078669E-001
         258   5.929702752533792E-001   9.504739835078669E-001
         259   4.694276905794165E-001       -1.052848489501796
         260   4.694276905794165E-001        1.052848489501796
         261   4.439035831983578E-001       -1.069450783904757
         262   4.439035831983578E-001        1.069450783904757
         263   7.212914803049935E-001  -7.102711968412536E-001
         264   7.212914803049935E-001   7.102711968412536E-001
         265   8.160636623551545E-001  -4.737179307780919E-001
         266   8.160636623551545E-001   4.737179307780919E-001
         267   4.517265826354945E-001       -1.030142065579903
         268   4.517265826354945E-001        1.030142065579903
         269   7.389115376223204E-002       -1.244522995339920
         270   7.389115376223204E-002        1.244522995339920
         271   3.304613037851553E-001       -1.100772529466674
         272   3.304613037851553E-001        1.100772529466674
         273   3.081313037867950E-001       -1.116261009908105
         274   3.081313037867950E-001        1.116261009908105
         275  -6.935697578927618E-001       -1.263129127633807
         276  -6.935697578927618E-001        1.263129127633807
         277   5.775448629172025E-001  -8.159954976272544E-001
         278   5.775448629172025E-001   8.159954976272544E-001
         279   2.914877137925079E-001       -1.087933391336013
         280   2.914877137925079E-001        1.087933391336013
         281       -1.311903037074797  -7.990931090355133E-001
         282       -1.311903037074797   7.990931090355133E-001
         283   1.551317063475307E-001       -1.147902642202000
         284   1.551317063475307E-001        1.147902642202000
         285   1.866725284869165E-001       -1.121244599787577
         286   1.866725284869165E-001        1.121244599787577
         287   4.184474234590375E-001  -9.047560474770189E-001
         288   4.184474234590375E-001   9.047560474770189E-001
         289   1.329007019225013E-001       -1.129456983219718
         290   1.329007019225013E-001        1.129456983219718
         291  -1.334504310143115E-001       -1.221668762129793
         292  -1.334504310143115E-001        1.221668762129793
         293   2.641475706846058E-003       -1.163246352036383
         294   2.641475706846058E-003        1.163246352036383
         295   2.355463065802860E-002       -1.119161404589576
         296   2.355463065802860E-002        1.119161404589576
         297  -2.851098715018624E-002       -1.145201698706071
         298  -2.851098715018624E-002        1.145201698706071
         299   2.540323475650522E-001  -9.575039501675059E-001
         300   2.540323475650522E-001   9.575039501675059E-001
         301  -1.445884924965421E-001       -1.164958860544351
         302  -1.445884924965421E-001        1.164958860544351
         303  -7.042111664135659E-001       -1.158908537536736
         304  -7.042111664135659E-001        1.158908537536736
         305       -1.334790205222300  -6.528196509503274E-001
         306       -1.334790205222300   6.528196509503274E-001
         307  -1.237714723856916E-001       -1.122820113588103
         308  -1.237714723856916E-001        1.122820113588103
         309   8.360272569437699E-002       -1.019458621787817
         310   8.360272569437699E-002        1.019458621787817
         311  -1.962466393790281E-001       -1.135892576184692
         312  -1.962466393790281E-001        1.135892576184692
         313  -2.911777732624631E-001       -1.154427369268087
         314  -2.911777732624631E-001        1.154427369268087
         315  -3.356432134186776E-001       -1.157847916484132
         316  -3.356432134186776E-001        1.157847916484132
         317  -9.859143932747844E-001  -9.893014679922382E-001
         318  -9.859143932747844E-001   9.893014679922382E-001
         319  -2.489441384038406E-001       -1.107641298998565
         320  -2.489441384038406E-001        1.107641298998565
         321  -4.185958099631950E-001       -1.139664867631820
         322  -4.185958099631950E-001        1.139664867631820
         323   7.551800909405509E-002  -9.689863675629260E-001
         324   7.551800909405509E-002   9.689863675629260E-001
         325  -3.574961281155095E-001       -1.109761660394576
         326  -3.574961281155095E-001        1.109761660394576
         327       -1.190814748507480  -7.730744517245365E-001
         328       -1.190814748507480   7.730744517245365E-001
         329       -1.349380591379933  -5.234731038837861E-001
         330       -1.349380591379933   5.234731038837861E-001
         331  -7.153135778830813E-001       -1.077861543180886
         332  -7.153135778830813E-001        1.077861543180886
         333  -3.661883553858450E-001       -1.060430613184438
         334  -3.661883553858450E-001        1.060430613184438
         335  -5.263961464083683E-001       -1.086278706943114
         336  -5.263961464083683E-001        1.086278706943114
         337  -1.028092475883842E-001  -9.634969234263781E-001
         338  -1.028092475883842E-001   9.634969234263781E-001
         339  -5.301118727062034E-001       -1.067331951359154
         340  -5.301118727062034E-001        1.067331951359154
         341  -5.057997667011251E-001       -1.059921963167705
         342  -5.057997667011251E-001        1.059921963167705
         343       -1.266516192582548  -5.976486060809568E-001
         344       -1.266516192582548   5.976486060809568E-001
         345       -1.350287328908101  -4.078119910338231E-001
         346       -1.350287328908101   4.078119910338231E-001
         347  -7.201616526962693E-001       -1.008972474925930
         348  -7.201616526962693E-001        1.008972474925930
         349  -6.459337828244076E-001       -1.016530445850032
         350  -6.459337828244076E-001        1.016530445850032
         351  -4.892642341252943E-001  -9.948014287678402E-001
         352  -4.892642341252943E-001   9.948014287678402E-001
         353  -6.420783308936224E-001  -9.927931410755483E-001
         354  -6.420783308936224E-001   9.927931410755483E-001
         355  -2.709508684011613E-001  -9.221459454747447E-001
         356  -2.709508684011613E-001   9.221459454747447E-001
         357       -1.345253650103169  -2.943496400210510E-001
         358       -1.345253650103169   2.943496400210510E-001
         359  -7.392191768269434E-001  -9.475825023619644E-001
         360  -7.392191768269434E-001   9.475825023619644E-001
         361  -6.949254268331988E-001  -9.410137106932207E-001
         362  -6.949254268331988E-001   9.410137106932207E-001
         363  -7.204139836780290E-001  -9.368188847953645E-001
         364  -7.204139836780290E-001   9.368188847953645E-001
         365  -7.699117726324800E-001  -9.158952391885700E-001
         366  -7.699117726324800E-001   9.158952391885700E-001
         367  -6.099764936202411E-001  -9.143237930876758E-001
         368  -6.099764936202411E-001   9.143237930876758E-001
         369  -8.201378401831523E-001  -8.859753076858085E-001
         370  -8.201378401831523E-001   8.859753076858085E-001
         371       -1.341433733700063  -1.869923200128110E-001
         372       -1.341433733700063   1.869923200128110E-001
         373       -1.041219296162462  -7.295438223425589E-001
         374       -1.041219296162462   7.295438223425589E-001
         375  -9.151277763926367E-001  -8.138463222075890E-001
         376  -9.151277763926367E-001   8.138463222075890E-001
         377  -8.828929430780510E-001  -8.168074996546940E-001
         378  -8.828929430780510E-001   8.168074996546940E-001
         379       -1.330717139387192  -8.433334296430452E-002
         380       -1.330717139387192   8.433334296430452E-002
         381       -1.008766216053587  -7.237992376226409E-001
         382       -1.008766216053587   7.237992376226409E-001
         383       -1.314416856054335  -2.106655495696987E-002
         384       -1.314416856054335   2.106655495696987E-002
         385       -1.296945162922736  -1.248439643391273E-001
         386       -1.296945162922736   1.248439643391273E-001
         387       -1.272504728794924  -2.255072205152121E-001
         388       -1.272504728794924   2.255072205152121E-001
         389       -1.240456419864241  -3.267617198002238E-001
         390       -1.240456419864241   3.267617198002238E-001
         391       -1.263581316797819  -5.179854301008350E-002
         392       -1.263581316797819   5.179854301008350E-002
         393       -1.201227867057496  -4.255715276917884E-001
         394       -1.201227867057496   4.255715276917884E-001
         395       -1.077419438621882  -6.259245469808954E-001
         396       -1.077419438621882   6.259245469808954E-001
         397       -1.145277683072580  -5.291752856769771E-001
         398       -1.145277683072580   5.291752856769771E-001
         399  -7.426399219885772E-001  -8.684977063488839E-001
         400  -7.426399219885772E-001   8.684977063488839E-001
         401       -1.227575581451417  -1.621683119849631E-001
         402       -1.227575581451417   1.621683119849631E-001
         403  -9.772798104314999E-001  -6.955342101154004E-001
         404  -9.772798104314999E-001   6.955342101154004E-001
         405       -1.063353804252068  -5.680124997319666E-001
         406       -1.063353804252068   5.680124997319666E-001
         407       -1.177047080248201  -2.934833393956333E-001
         408       -1.177047080248201   2.934833393956333E-001
         409       -1.120794115121301  -4.607074629455338E-001
         410       -1.120794115121301   4.607074629455338E-001
         411  -8.192474228714441E-001  -7.924186674031494E-001
         412  -8.192474228714441E-001   7.924186674031494E-001
         413       -1.122755096921074  -4.174349918182805E-001
         414       -1.122755096921074   4.174349918182805E-001
         415  -7.627204573645238E-001  -7.962845663281872E-001
         416  -7.627204573645238E-001   7.962845663281872E-001
         417  -7.263881025098734E-001  -8.078666058072479E-001
         418  -7.263881025098734E-001   8.078666058072479E-001
         419  -4.297106473841559E-001  -8.426335998777371E-001
         420  -4.297106473841559E-001   8.426335998777371E-001
         421  -9.289670681700105E-001  -6.267695151791377E-001
         422  -9.289670681700105E-001   6.267695151791377E-001
         423  -7.869330225000616E-001  -7.177318905248952E-001
         424  -7.869330225000616E-001   7.177318905248952E-001
         425  -8.289286676021294E-001  -6.917985220031654E-001
         426  -8.289286676021294E-001   6.917985220031654E-001
         427  -8.183398023666970E-001  -6.379149132414913E-001
         428  -8.183398023666970E-001   6.379149132414913E-001
         429  -9.134555358205798E-001  -5.619907352792332E-001
         430  -9.134555358205798E-001   5.619907352792332E-001
         431  -9.975235027216246E-001  -4.592144993574618E-001
         432  -9.975235027216246E-001   4.592144993574618E-001
         433  -8.493580984217544E-001  -5.550907144299386E-001
         434  -8.493580984217544E-001   5.550907144299386E-001
         435  -9.707684977964964E-001  -4.115837418114771E-001
         436  -9.707684977964964E-001   4.115837418114771E-001
         437       -1.024639238588596  -2.846235193120842E-001
         438       -1.024639238588596   2.846235193120842E-001
         439       -1.009372739173558  -2.616440287507492E-001
         440       -1.009372739173558   2.616440287507492E-001
         441       -1.031255462202824  -1.233529198575034E-001
         442       -1.031255462202824   1.233529198575034E-001
         443       -1.022370990966645  -1.203250188464538E-001
         444       -1.022370990966645   1.203250188464538E-001
         445       -1.017962226742861  -1.566855878788943E-002
         446       -1.017962226742861   1.566855878788943E-002
         447       -1.012247162285663  -2.322307805952512E-002
         448       -1.012247162285663   2.322307805952512E-002
         449  -9.923754706842185E-001  -1.657310395054460E-001
         450  -9.923754706842185E-001   1.657310395054460E-001
         451  -9.889489721614241E-001  -1.436486786380440E-001
         452  -9.889489721614241E-001   1.436486786380440E-001
         453  -9.599254025848928E-001  -2.632268132870037E-001
         454  -9.599254025848928E-001   2.632268132870037E-001
         455  -9.539463556537438E-001  -2.970263745635937E-001
         456  -9.539463556537438E-001   2.970263745635937E-001
         457  -9.252032364424221E-001  -3.659834582103228E-001
         458  -9.252032364424221E-001   3.659834582103228E-001
         459  -8.838845026996823E-001  -4.622774712950156E-001
         460  -8.838845026996823E-001   4.622774712950156E-001
         461  -8.906240658665050E-001  -4.243011569924285E-001
         462  -8.906240658665050E-001   4.243011569924285E-001
         463  -8.144744045285797E-001  -5.430920256300887E-001
         464  -8.144744045285797E-001   5.430920256300887E-001
         465  -7.291587686543499E-001  -6.347979549885424E-001
         466  -7.291587686543499E-001   6.347979549885424E-001
         467  -5.767231343686348E-001  -7.376385862668656E-001
         468  -5.767231343686348E-001   7.376385862668656E-001
         469  -6.310946192040752E-001  -6.989397508025865E-001
         470  -6.310946192040752E-001   6.989397508025865E-001
         471  -5.188855383531187E-001  -7.463485300775460E-001
         472  -5.188855383531187E-001   7.463485300775460E-001
         473  -6.900693375869254E-001  -6.113761664830494E-001
         474  -6.900693375869254E-001   6.113761664830494E-001
         475  -4.052207113911984E-001  -7.808488802009417E-001
         476  -4.052207113911984E-001   7.808488802009417E-001
         477  -7.738213648996120E-001  -4.674539956442416E-001
         478  -7.738213648996120E-001   4.674539956442416E-001
         479  -8.345575558628060E-001  -3.228984449329532E-001
         480  -8.345575558628060E-001   3.228984449329532E-001
         481  -8.515437898728511E-001  -1.864993789958047E-001
         482  -8.515437898728511E-001   1.864993789958047E-001
         483  -2.902279802396924E-001  -7.987717380102319E-001
         484  -2.902279802396924E-001   7.987717380102319E-001
         485  -8.230089725661114E-001  -4.531475568801958E-002
         486  -8.230089725661114E-001   4.531475568801958E-002
         487  -7.659929755127890E-001  -8.396366127773185E-002
         488  -7.659929755127890E-001   8.396366127773185E-002
         489  -7.062057728790643E-001  -1.926047434942450E-001
         490  -7.062057728790643E-001   1.926047434942450E-001
         491  -1.700157889566726E-001  -8.030821972817903E-001
         492  -1.700157889566726E-001   8.030821972817903E-001
         493  -6.359243344930499E-001  -2.752664691912917E-001
         494  -6.359243344930499E-001   2.752664691912917E-001
         495  -6.099678745570075E-002  -7.951715551303844E-001
         496  -6.099678745570075E-002   7.951715551303844E-001
         497  -5.636395411179809E-001  -3.368921805457644E-001
         498  -5.636395411179809E-001   3.368921805457644E-001
         499  -4.937811331060070E-001  -3.804668196424630E-001
         500  -4.937811331060070E-001   3.804668196424630E-001
         501   3.988757511505797E-002  -7.611213225685576E-001
         502   3.988757511505797E-002   7.611213225685576E-001
         503  -4.257504896108944E-001  -4.108223118857098E-001
         504  -4.257504896108944E-001   4.108223118857098E-001
         505  -3.601828568125378E-001  -4.316333768689752E-001
         506  -3.601828568125378E-001   4.316333768689752E-001
         507   1.437876989388373E-001  -7.104693608406810E-001
         508   1.437876989388373E-001   7.104693608406810E-001
         509  -2.953439743364472E-001  -4.458581132794570E-001
         510  -2.953439743364472E-001   4.458581132794570E-001
         511   2.253321294107184E-001  -6.607037018880196E-001
         512   2.253321294107184E-001   6.607037018880196E-001
         513  -2.331639514642382E-001  -4.580640024740350E-001
         514  -2.331639514642382E-001   4.580640024740350E-001
         515  -1.743741741930222E-001  -4.661311975686165E-001
         516  -1.743741741930222E-001   4.661311975686165E-001
         517   2.882180661502165E-001  -5.951988146352334E-001
         518   2.882180661502165E-001   5.951988146352334E-001
         519  -9.006418892196330E-002  -5.052441161021192E-001
         520  -9.006418892196330E-002   5.052441161021192E-001
         521  -1.117634416244107E-001  -4.721204135824368E-001
         522  -1.117634416244107E-001   4.721204135824368E-001
         523  -4.511961589560767E-002  -4.648043835525003E-001
         524  -4.511961589560767E-002   4.648043835525003E-001
         525   4.953156601635006E-003  -4.525829926038630E-001
         526   4.953156601635006E-003   4.525829926038630E-001
         527   3.528363667454371E-001  -5.145761002560038E-001
         528   3.528363667454371E-001   5.145761002560038E-001
         529   5.300516209370863E-002  -4.372198142071834E-001
         530   5.300516209370863E-002   4.372198142071834E-001
         531   1.004093381869278E-001  -4.227691702427975E-001
         532   1.004093381869278E-001   4.227691702427975E-001
         533   4.004254978634335E-001  -4.432749208640461E-001
         534   4.004254978634335E-001   4.432749208640461E-001
         535   1.440004499626221E-001  -4.063059707702393E-001
         536   1.440004499626221E-001   4.063059707702393E-001
         537   1.875837487720184E-001  -3.858817051162390E-001
         538   1.875837487720184E-001   3.858817051162390E-001
         539   2.831064090985165E-001  -4.072307468047447E-001
         540   2.831064090985165E-001   4.072307468047447E-001
         541   4.502144612925747E-001  -3.645977837900848E-001
         542   4.502144612925747E-001   3.645977837900848E-001
         543   2.322580102855440E-001  -3.647956628795427E-001
         544   2.322580102855440E-001   3.647956628795427E-001
         545   5.622998062542246E-001  -1.738733102549378E-001
         546   5.622998062542246E-001   1.738733102549378E-001
         547   4.601576922114109E-001  -3.167055823892578E-001
         548   4.601576922114109E-001   3.167055823892578E-001
         549   3.631704042944653E-001  -3.511055891923188E-001
         550   3.631704042944653E-001   3.511055891923188E-001
         551   2.704274586777742E-001  -3.389099499440258E-001
         552   2.704274586777742E-001   3.389099499440258E-001
         553   2.995140532769000E-001  -3.073479193833085E-001
         554   2.995140532769000E-001   3.073479193833085E-001
         555   4.726004575399044E-001  -2.401780981538074E-001
         556   4.726004575399044E-001   2.401780981538074E-001
         557   3.271356339477699E-001  -2.711134044403196E-001
         558   3.271356339477699E-001   2.711134044403196E-001
         559   4.731741818299344E-001  -1.728613986177132E-001
         560   4.731741818299344E-001   1.728613986177132E-001
         561   4.711294493223051E-001  -1.031673828059336E-001
         562   4.711294493223051E-001   1.031673828059336E-001
         563   4.689091842990758E-001  -4.808226171419464E-002
         564   4.689091842990758E-001   4.808226171419464E-002
         565   4.563989618996980E-001  -3.654421396555552E-003
         566   4.563989618996980E-001   3.654421396555552E-003
         567   4.413103901279567E-001  -6.018932288698816E-002
         568   4.413103901279567E-001   6.018932288698816E-002
         569   4.261893119578511E-001  -1.075320720876393E-001
         570   4.261893119578511E-001   1.075320720876393E-001
         571   4.037634631942314E-001  -1.504640218159926E-001
         572   4.037634631942314E-001   1.504640218159926E-001
         573   3.787945111044943E-001  -1.946344159416609E-001
         574   3.787945111044943E-001   1.946344159416609E-001
         575   3.539469312612085E-001  -2.341578319145773E-001
         576   3.539469312612085E-001   2.341578319145773E-001



           - AUTOVALORES DIFERENTES E REAIS e positivos - 
          REAL
           1        3.083779529946668
