 ************************************************************************************************************************
                         Exem


data

  number of boundary elements= 80

  number of functional nodes= 84

  number of internal source points where the funct. is calculated=144




  coordinates of the source points of the boundary el ements

    point          x                  y
        1       .0000000E+00       .0000000E+00
        2       .5000000E-01       .0000000E+00
        3       .1000000E+00       .0000000E+00
        4       .1500000E+00       .0000000E+00
        5       .2000000E+00       .0000000E+00
        6       .2500000E+00       .0000000E+00
        7       .3000000E+00       .0000000E+00
        8       .3500000E+00       .0000000E+00
        9       .4000000E+00       .0000000E+00
       10       .4500000E+00       .0000000E+00
       11       .5000000E+00       .0000000E+00
       12       .5500000E+00       .0000000E+00
       13       .6000000E+00       .0000000E+00
       14       .6500000E+00       .0000000E+00
       15       .7000000E+00       .0000000E+00
       16       .7500000E+00       .0000000E+00
       17       .8000000E+00       .0000000E+00
       18       .8500000E+00       .0000000E+00
       19       .9000000E+00       .0000000E+00
       20       .9500000E+00       .0000000E+00
       21       .1000000E+01       .0000000E+00
       22       .1000000E+01       .0000000E+00
       23       .1000000E+01       .5000000E-01
       24       .1000000E+01       .1000000E+00
       25       .1000000E+01       .1500000E+00
       26       .1000000E+01       .2000000E+00
       27       .1000000E+01       .2500000E+00
       28       .1000000E+01       .3000000E+00
       29       .1000000E+01       .3500000E+00
       30       .1000000E+01       .4000000E+00
       31       .1000000E+01       .4500000E+00
       32       .1000000E+01       .5000000E+00
       33       .1000000E+01       .5500000E+00
       34       .1000000E+01       .6000000E+00
       35       .1000000E+01       .6500000E+00
       36       .1000000E+01       .7000000E+00
       37       .1000000E+01       .7500000E+00
       38       .1000000E+01       .8000000E+00
       39       .1000000E+01       .8500000E+00
       40       .1000000E+01       .9000000E+00
       41       .1000000E+01       .9500000E+00
       42       .1000000E+01       .1000000E+01
       43       .1000000E+01       .1000000E+01
       44       .9500000E+00       .1000000E+01
       45       .9000000E+00       .1000000E+01
       46       .8500000E+00       .1000000E+01
       47       .8000000E+00       .1000000E+01
       48       .7500000E+00       .1000000E+01
       49       .7000000E+00       .1000000E+01
       50       .6500000E+00       .1000000E+01
       51       .6000000E+00       .1000000E+01
       52       .5500000E+00       .1000000E+01
       53       .5000000E+00       .1000000E+01
       54       .4500000E+00       .1000000E+01
       55       .4000000E+00       .1000000E+01
       56       .3500000E+00       .1000000E+01
       57       .3000000E+00       .1000000E+01
       58       .2500000E+00       .1000000E+01
       59       .2000000E+00       .1000000E+01
       60       .1500000E+00       .1000000E+01
       61       .1000000E+00       .1000000E+01
       62       .5000000E-01       .1000000E+01
       63       .0000000E+00       .1000000E+01
       64       .0000000E+00       .1000000E+01
       65       .0000000E+00       .9500000E+00
       66       .0000000E+00       .9000000E+00
       67       .0000000E+00       .8500000E+00
       68       .0000000E+00       .8000000E+00
       69       .0000000E+00       .7500000E+00
       70       .0000000E+00       .7000000E+00
       71       .0000000E+00       .6500000E+00
       72       .0000000E+00       .6000000E+00
       73       .0000000E+00       .5500000E+00
       74       .0000000E+00       .5000000E+00
       75       .0000000E+00       .4500000E+00
       76       .0000000E+00       .4000000E+00
       77       .0000000E+00       .3500000E+00
       78       .0000000E+00       .3000000E+00
       79       .0000000E+00       .2500000E+00
       80       .0000000E+00       .2000000E+00
       81       .0000000E+00       .1500000E+00
       82       .0000000E+00       .1000000E+00
       83       .0000000E+00       .5000000E-01
       84       .0000000E+00       .0000000E+00
       85       .4167000E-01       .4167000E-01
       86       .1250000E+00       .4167000E-01
       87       .2083300E+00       .4167000E-01
       88       .2916700E+00       .4167000E-01
       89       .3750000E+00       .4167000E-01
       90       .4583300E+00       .4167000E-01
       91       .5416700E+00       .4167000E-01
       92       .6250000E+00       .4167000E-01
       93       .7083300E+00       .4167000E-01
       94       .7916700E+00       .4167000E-01
       95       .8750000E+00       .4167000E-01
       96       .9583300E+00       .4167000E-01
       97       .4167000E-01       .1250000E+00
       98       .1250000E+00       .1250000E+00
       99       .2083300E+00       .1250000E+00
      100       .2916700E+00       .1250000E+00
      101       .3750000E+00       .1250000E+00
      102       .4583300E+00       .1250000E+00
      103       .5416700E+00       .1250000E+00
      104       .6250000E+00       .1250000E+00
      105       .7083300E+00       .1250000E+00
      106       .7916700E+00       .1250000E+00
      107       .8750000E+00       .1250000E+00
      108       .9583300E+00       .1250000E+00
      109       .4167000E-01       .2083300E+00
      110       .1250000E+00       .2083300E+00
      111       .2083300E+00       .2083300E+00
      112       .2916700E+00       .2083300E+00
      113       .3750000E+00       .2083300E+00
      114       .4583300E+00       .2083300E+00
      115       .5416700E+00       .2083300E+00
      116       .6250000E+00       .2083300E+00
      117       .7083300E+00       .2083300E+00
      118       .7916700E+00       .2083300E+00
      119       .8750000E+00       .2083300E+00
      120       .9583300E+00       .2083300E+00
      121       .4167000E-01       .2916700E+00
      122       .1250000E+00       .2916700E+00
      123       .2083300E+00       .2916700E+00
      124       .2916700E+00       .2916700E+00
      125       .3750000E+00       .2916700E+00
      126       .4583300E+00       .2916700E+00
      127       .5416700E+00       .2916700E+00
      128       .6250000E+00       .2916700E+00
      129       .7083300E+00       .2916700E+00
      130       .7916700E+00       .2916700E+00
      131       .8750000E+00       .2916700E+00
      132       .9583300E+00       .2916700E+00
      133       .4167000E-01       .3750000E+00
      134       .1250000E+00       .3750000E+00
      135       .2083300E+00       .3750000E+00
      136       .2916700E+00       .3750000E+00
      137       .3750000E+00       .3750000E+00
      138       .4583300E+00       .3750000E+00
      139       .5416700E+00       .3750000E+00
      140       .6250000E+00       .3750000E+00
      141       .7083300E+00       .3750000E+00
      142       .7916700E+00       .3750000E+00
      143       .8750000E+00       .3750000E+00
      144       .9583300E+00       .3750000E+00
      145       .4167000E-01       .4583300E+00
      146       .1250000E+00       .4583300E+00
      147       .2083300E+00       .4583300E+00
      148       .2916700E+00       .4583300E+00
      149       .3750000E+00       .4583300E+00
      150       .4583300E+00       .4583300E+00
      151       .5416700E+00       .4583300E+00
      152       .6250000E+00       .4583300E+00
      153       .7083300E+00       .4583300E+00
      154       .7916700E+00       .4583300E+00
      155       .8750000E+00       .4583300E+00
      156       .9583300E+00       .4583300E+00
      157       .4167000E-01       .5416700E+00
      158       .1250000E+00       .5416700E+00
      159       .2083300E+00       .5416700E+00
      160       .2916700E+00       .5416700E+00
      161       .3750000E+00       .5416700E+00
      162       .4583300E+00       .5416700E+00
      163       .5416700E+00       .5416700E+00
      164       .6250000E+00       .5416700E+00
      165       .7083300E+00       .5416700E+00
      166       .7916700E+00       .5416700E+00
      167       .8750000E+00       .5416700E+00
      168       .9583300E+00       .5416700E+00
      169       .4167000E-01       .6250000E+00
      170       .1250000E+00       .6250000E+00
      171       .2083300E+00       .6250000E+00
      172       .2916700E+00       .6250000E+00
      173       .3750000E+00       .6250000E+00
      174       .4583300E+00       .6250000E+00
      175       .5416700E+00       .6250000E+00
      176       .6250000E+00       .6250000E+00
      177       .7083300E+00       .6250000E+00
      178       .7916700E+00       .6250000E+00
      179       .8750000E+00       .6250000E+00
      180       .9583300E+00       .6250000E+00
      181       .4167000E-01       .7083300E+00
      182       .1250000E+00       .7083300E+00
      183       .2083300E+00       .7083300E+00
      184       .2916700E+00       .7083300E+00
      185       .3750000E+00       .7083300E+00
      186       .4583300E+00       .7083300E+00
      187       .5416700E+00       .7083300E+00
      188       .6250000E+00       .7083300E+00
      189       .7083300E+00       .7083300E+00
      190       .7916700E+00       .7083300E+00
      191       .8750000E+00       .7083300E+00
      192       .9583300E+00       .7083300E+00
      193       .4167000E-01       .7916700E+00
      194       .1250000E+00       .7916700E+00
      195       .2083300E+00       .7916700E+00
      196       .2916700E+00       .7916700E+00
      197       .3750000E+00       .7916700E+00
      198       .4583300E+00       .7916700E+00
      199       .5416700E+00       .7916700E+00
      200       .6250000E+00       .7916700E+00
      201       .7083300E+00       .7916700E+00
      202       .7916700E+00       .7916700E+00
      203       .8750000E+00       .7916700E+00
      204       .9583300E+00       .7916700E+00
      205       .4167000E-01       .8750000E+00
      206       .1250000E+00       .8750000E+00
      207       .2083300E+00       .8750000E+00
      208       .2916700E+00       .8750000E+00
      209       .3750000E+00       .8750000E+00
      210       .4583300E+00       .8750000E+00
      211       .5416700E+00       .8750000E+00
      212       .6250000E+00       .8750000E+00
      213       .7083300E+00       .8750000E+00
      214       .7916700E+00       .8750000E+00
      215       .8750000E+00       .8750000E+00
      216       .9583300E+00       .8750000E+00
      217       .4167000E-01       .9583300E+00
      218       .1250000E+00       .9583300E+00
      219       .2083300E+00       .9583300E+00
      220       .2916700E+00       .9583300E+00
      221       .3750000E+00       .9583300E+00
      222       .4583300E+00       .9583300E+00
      223       .5416700E+00       .9583300E+00
      224       .6250000E+00       .9583300E+00
      225       .7083300E+00       .9583300E+00
      226       .7916700E+00       .9583300E+00
      227       .8750000E+00       .9583300E+00
      228       .9583300E+00       .9583300E+00


  boundary conditions

     node      code     prescribed value
       1        1         84          .0000000E+00
       2        1          0          .0000000E+00
       3        1          0          .0000000E+00
       4        1          0          .0000000E+00
       5        1          0          .0000000E+00
       6        1          0          .0000000E+00
       7        1          0          .0000000E+00
       8        1          0          .0000000E+00
       9        1          0          .0000000E+00
      10        1          0          .0000000E+00
      11        1          0          .0000000E+00
      12        1          0          .0000000E+00
      13        1          0          .0000000E+00
      14        1          0          .0000000E+00
      15        1          0          .0000000E+00
      16        1          0          .0000000E+00
      17        1          0          .0000000E+00
      18        1          0          .0000000E+00
      19        1          0          .0000000E+00
      20        1          0          .0000000E+00
      21        1         22          .0000000E+00
      22        1         21          .1000000E+01
      23        1          0          .1000000E+01
      24        1          0          .1000000E+01
      25        1          0          .1000000E+01
      26        1          0          .1000000E+01
      27        1          0          .1000000E+01
      28        1          0          .1000000E+01
      29        1          0          .1000000E+01
      30        1          0          .1000000E+01
      31        1          0          .1000000E+01
      32        1          0          .1000000E+01
      33        1          0          .1000000E+01
      34        1          0          .1000000E+01
      35        1          0          .1000000E+01
      36        1          0          .1000000E+01
      37        1          0          .1000000E+01
      38        1          0          .1000000E+01
      39        1          0          .1000000E+01
      40        1          0          .1000000E+01
      41        1          0          .1000000E+01
      42        1         43          .1000000E+01
      43        1         42          .0000000E+00
      44        1          0          .0000000E+00
      45        1          0          .0000000E+00
      46        1          0          .0000000E+00
      47        1          0          .0000000E+00
      48        1          0          .0000000E+00
      49        1          0          .0000000E+00
      50        1          0          .0000000E+00
      51        1          0          .0000000E+00
      52        1          0          .0000000E+00
      53        1          0          .0000000E+00
      54        1          0          .0000000E+00
      55        1          0          .0000000E+00
      56        1          0          .0000000E+00
      57        1          0          .0000000E+00
      58        1          0          .0000000E+00
      59        1          0          .0000000E+00
      60        1          0          .0000000E+00
      61        1          0          .0000000E+00
      62        1          0          .0000000E+00
      63        1         64          .0000000E+00
      64        0         63          .0000000E+00
      65        0          0          .0000000E+00
      66        0          0          .0000000E+00
      67        0          0          .0000000E+00
      68        0          0          .0000000E+00
      69        0          0          .0000000E+00
      70        0          0          .0000000E+00
      71        0          0          .0000000E+00
      72        0          0          .0000000E+00
      73        0          0          .0000000E+00
      74        0          0          .0000000E+00
      75        0          0          .0000000E+00
      76        0          0          .0000000E+00
      77        0          0          .0000000E+00
      78        0          0          .0000000E+00
      79        0          0          .0000000E+00
      80        0          0          .0000000E+00
      81        0          0          .0000000E+00
      82        0          0          .0000000E+00
      83        0          0          .0000000E+00
      84        0          1          .0000000E+00


  incidence of geometric nodes

      first node      second node

       1          1       2
       2          2       3
       3          3       4
       4          4       5
       5          5       6
       6          6       7
       7          7       8
       8          8       9
       9          9      10
      10         10      11
      11         11      12
      12         12      13
      13         13      14
      14         14      15
      15         15      16
      16         16      17
      17         17      18
      18         18      19
      19         19      20
      20         20      21
      21         22      23
      22         23      24
      23         24      25
      24         25      26
      25         26      27
      26         27      28
      27         28      29
      28         29      30
      29         30      31
      30         31      32
      31         32      33
      32         33      34
      33         34      35
      34         35      36
      35         36      37
      36         37      38
      37         38      39
      38         39      40
      39         40      41
      40         41      42
      41         43      44
      42         44      45
      43         45      46
      44         46      47
      45         47      48
      46         48      49
      47         49      50
      48         50      51
      49         51      52
      50         52      53
      51         53      54
      52         54      55
      53         55      56
      54         56      57
      55         57      58
      56         58      59
      57         59      60
      58         60      61
      59         61      62
      60         62      63
      61         64      65
      62         65      66
      63         66      67
      64         67      68
      65         68      69
      66         69      70
      67         70      71
      68         71      72
      69         72      73
      70         73      74
      71         74      75
      72         75      76
      73         76      77
      74         77      78
      75         78      79
      76         79      80
      77         80      81
      78         81      82
      79         82      83
      80         83      84
 NOVAS COORDENADAS DOS nos duplos
      .0010      .0000
      .0500      .0000
      .1000      .0000
      .1500      .0000
      .2000      .0000
      .2500      .0000
      .3000      .0000
      .3500      .0000
      .4000      .0000
      .4500      .0000
      .5000      .0000
      .5500      .0000
      .6000      .0000
      .6500      .0000
      .7000      .0000
      .7500      .0000
      .8000      .0000
      .8500      .0000
      .9000      .0000
      .9500      .0000
      .9990      .0000
     1.0000      .0010
     1.0000      .0500
     1.0000      .1000
     1.0000      .1500
     1.0000      .2000
     1.0000      .2500
     1.0000      .3000
     1.0000      .3500
     1.0000      .4000
     1.0000      .4500
     1.0000      .5000
     1.0000      .5500
     1.0000      .6000
     1.0000      .6500
     1.0000      .7000
     1.0000      .7500
     1.0000      .8000
     1.0000      .8500
     1.0000      .9000
     1.0000      .9500
     1.0000      .9990
      .9990     1.0000
      .9500     1.0000
      .9000     1.0000
      .8500     1.0000
      .8000     1.0000
      .7500     1.0000
      .7000     1.0000
      .6500     1.0000
      .6000     1.0000
      .5500     1.0000
      .5000     1.0000
      .4500     1.0000
      .4000     1.0000
      .3500     1.0000
      .3000     1.0000
      .2500     1.0000
      .2000     1.0000
      .1500     1.0000
      .1000     1.0000
      .0500     1.0000
      .0010     1.0000
      .0000      .9990
      .0000      .9500
      .0000      .9000
      .0000      .8500
      .0000      .8000
      .0000      .7500
      .0000      .7000
      .0000      .6500
      .0000      .6000
      .0000      .5500
      .0000      .5000
      .0000      .4500
      .0000      .4000
      .0000      .3500
      .0000      .3000
      .0000      .2500
      .0000      .2000
      .0000      .1500
      .0000      .1000
      .0000      .0500
      .0000      .0010
   -.1999
   -.1878
   -.1749
   -.1616
   -.1478
   -.1337
   -.1192
   -.1044
   -.0894
   -.0741
   -.0587
   -.0432
   -.0277
   -.0122
    .0032
    .0184
    .0333
    .0479
    .0620
    .0755
    .0882
    .0898
    .1277
    .1551
    .1771
    .1953
    .2101
    .2220
    .2311
    .2375
    .2413
    .2426
    .2413
    .2375
    .2311
    .2220
    .2101
    .1953
    .1771
    .1551
    .1277
    .0898
    .0882
    .0755
    .0620
    .0479
    .0333
    .0184
    .0032
   -.0122
   -.0277
   -.0432
   -.0587
   -.0741
   -.0894
   -.1044
   -.1192
   -.1337
   -.1478
   -.1616
   -.1749
   -.1878
   -.1999
   -.2000
   -.1951
   -.1904
   -.1862
   -.1824
   -.1792
   -.1764
   -.1743
   -.1728
   -.1718
   -.1715
   -.1718
   -.1728
   -.1743
   -.1764
   -.1792
   -.1824
   -.1862
   -.1904
   -.1951
   -.2000
   -.1853
   -.1630
   -.1394
   -.1147
   -.0890
   -.0625
   -.0355
   -.0080
    .0195
    .0471
    .0748
    .1042
   -.1771
   -.1535
   -.1285
   -.1021
   -.0746
   -.0460
   -.0165
    .0138
    .0448
    .0768
    .1102
    .1465
   -.1702
   -.1455
   -.1193
   -.0916
   -.0625
   -.0321
   -.0005
    .0322
    .0661
    .1014
    .1383
    .1774
   -.1648
   -.1393
   -.1121
   -.0833
   -.0530
   -.0212
    .0120
    .0466
    .0825
    .1200
    .1590
    .1995
   -.1611
   -.1350
   -.1072
   -.0777
   -.0465
   -.0138
    .0205
    .0563
    .0936
    .1324
    .1726
    .2138
   -.1592
   -.1329
   -.1047
   -.0748
   -.0432
   -.0100
    .0249
    .0613
    .0992
    .1387
    .1793
    .2209
   -.1592
   -.1329
   -.1047
   -.0748
   -.0432
   -.0100
    .0249
    .0613
    .0992
    .1387
    .1793
    .2209
   -.1611
   -.1350
   -.1072
   -.0777
   -.0465
   -.0138
    .0205
    .0563
    .0936
    .1324
    .1726
    .2138
   -.1648
   -.1393
   -.1121
   -.0833
   -.0530
   -.0212
    .0120
    .0466
    .0825
    .1200
    .1590
    .1995
   -.1702
   -.1455
   -.1193
   -.0916
   -.0625
   -.0321
   -.0005
    .0322
    .0661
    .1014
    .1383
    .1774
   -.1771
   -.1535
   -.1285
   -.1021
   -.0746
   -.0460
   -.0165
    .0138
    .0448
    .0768
    .1102
    .1465
   -.1853
   -.1630
   -.1394
   -.1147
   -.0890
   -.0625
   -.0355
   -.0080
    .0195
    .0471
    .0748
    .1042
    .00328
  17.46054
    .23932
   2.04416
    .69943
   1.19572
    .91450
   1.04570
    .97790
   1.01123
    .99443
   1.00280
    .99860
   1.00070
    .99965
   1.00017
    .99991
   1.00004
    .99998
   1.00001
    .99999
   1.00000
   1.00000
   1.00000
   1.00000
   1.00000
   1.00000
   1.00000
   1.00000
   1.00000
   1.00000
   1.00000
   1.00000
   1.00000
   1.00000
   1.00000
   1.00000
   1.00000
   1.00000
   1.00000
   1.00000
   1.00000
   1.00000
   1.00000
   1.00000
   1.00000
   1.00000
   1.00000
   1.00000
   1.00000
   1.00000
   1.00000
   1.00000
   1.00000
   1.00000
   1.00000
   1.00000
   1.00000
   1.00000
   1.00000
   1.00000
   1.00000
   1.00000
   1.00000
   1.00000
   1.00000
   1.00000
   1.00000
   1.00000
   1.00000
   1.00000
   1.00000
   1.00000
   1.00000
   1.00000
   1.00000
   1.00000
   1.00000
   1.00000
   1.00000
   1.00000
   1.00000
   1.00000
   1.00000
   1.00000
   1.00000
   1.00000
   1.00000
   1.00000
   1.00000
   1.00000
   1.00000
   1.00000
   1.00000
   1.00000
   1.00000
   1.00000
   1.00000
   1.00000
   1.00000
   1.00000
   1.00000
   1.00000
   1.00000
   1.00000
   1.00000
   1.00000
   1.00000
   1.00000
   1.00000
   1.00000
   1.00000
   1.00000
   1.00000
   1.00000
   1.00000
   1.00000
   1.00000
   1.00000
   1.00000
   1.00000
   1.00000
   1.00000
   1.00000
   1.00000
   1.00000
   1.00000
   1.00000
   1.00000
   1.00000
   1.00000
   1.00000
   1.00000
   1.00000
   1.00000
   1.00000
   1.00000
   1.00000
   1.00000
   1.00000
   1.00000
   1.00000
   1.00000
   1.00000
   1.00000
   1.00000
   1.00000
   1.00000
   1.00000
   1.00000
   1.00000
   1.00000
   1.00000
   1.00000
   1.00000
   1.00000
   1.00000
   1.00000
   1.00000
   1.00000
   1.00000
   1.00000
   1.00000
   1.00000
   1.00000
   1.00000
   1.00000
   1.00000
   1.00000
   1.00000
   1.00000
   1.00000
   1.00000
   1.00000
   1.00000
   1.00000
   1.00000
   1.00000
   1.00000
   1.00000
   1.00000
   1.00000
   1.00000
   1.00000
   1.00000
   1.00000
   1.00000
   1.00000
   1.00000
   1.00000
   1.00000
   1.00000
   1.00000
   1.00000
   1.00000
   1.00000
   1.00000
   1.00000
   1.00000
   1.00000
   1.00000
   1.00000
   1.00000
   1.00000
   1.00000
   1.00000
   1.00000
   1.00000
   1.00000
   1.00000
   1.00000
   1.00000
   1.00000
   1.00000
   1.00000
   1.00000
   1.00000
   1.00000
   1.00000
   1.00000
   1.00000
   1.00000
   1.00000
   1.00000
   1.00000
   1.00000
   1.00000
   1.00000
   1.00000
   1.00000
   1.00000
   1.00000
   1.00000
   1.00000
   1.00000
   1.00000
   1.00000
   1.00000
   1.00000
   1.00000
   1.00000
   1.00000



           - AUTOVALORES - 
          REAL     IMAGINARIO
           1   -75194.826911374510000   -54632.390301828430000
           2   -75194.826911374510000    54632.390301828430000
           3    92945.957617975770000   0.000000000000000E+000
           4    28721.892735406880000   -88397.064412869210000
           5    28721.892735406880000    88397.064412869210000
           6        5.944113693840227    -1573.486448827607000
           7        5.944113693840227     1573.486448827607000
           8     -219.900565328034900   0.000000000000000E+000
           9      102.840263104619800     -186.540284659081800
          10      102.840263104619800      186.540284659081800
          11       18.449584952919570      -37.994755200610290
          12       18.449584952919570       37.994755200610290
          13      -37.573585277494720   0.000000000000000E+000
          14       28.714241755895630   0.000000000000000E+000
          15      -25.289063741373440   0.000000000000000E+000
          16       21.217281873401670   0.000000000000000E+000
          17      -13.069887840870920   0.000000000000000E+000
          18        1.861468182565851       -6.898421786798580
          19        1.861468182565851        6.898421786798580
          20       -5.323463440750664   0.000000000000000E+000
          21        3.811484748146440       -2.628466984892488
          22        3.811484748146440        2.628466984892488
          23       -2.617821860551090       -3.125143105176759
          24       -2.617821860551090        3.125143105176759
          25        4.378928828609952   0.000000000000000E+000
          26        3.811245025687633       -1.507753206544724
          27        3.811245025687633        1.507753206544724
          28        3.945833412412233       -1.137995792060096
          29        3.945833412412233        1.137995792060096
          30        4.040683538164414  -7.606515467344566E-001
          31        4.040683538164414   7.606515467344566E-001
          32        4.094338009498835  -3.767658689600191E-001
          33        4.094338009498835   3.767658689600191E-001
          34        4.102620718075287   0.000000000000000E+000
          35        3.635632191932905       -1.870499666896038
          36        3.635632191932905        1.870499666896038
          37        3.405616445826984       -2.224256489206855
          38        3.405616445826984        2.224256489206855
          39        3.114445968594693       -2.527243143659344
          40        3.114445968594693        2.527243143659344
          41        3.820245708966671  -6.618111524216076E-001
          42        3.820245708966671   6.618111524216076E-001
          43        3.852496708364522  -2.682725832890495E-001
          44        3.852496708364522   2.682725832890495E-001
          45        3.736074822155160       -1.015667882254219
          46        3.736074822155160        1.015667882254219
          47        3.617384620928257       -1.344394726400966
          48        3.617384620928257        1.344394726400966
          49        3.469404938170553       -1.649503969975035
          50        3.469404938170553        1.649503969975035
          51        2.808760798514712       -2.771451987868236
          52        2.808760798514712        2.771451987868236
          53        3.296237193283378       -1.931856718057295
          54        3.296237193283378        1.931856718057295
          55        3.694254104218599   0.000000000000000E+000
          56        3.100889170998245       -2.193680500199374
          57        3.100889170998245        2.193680500199374
          58        2.492502325502799       -2.981977120997902
          59        2.492502325502799        2.981977120997902
          60        2.884573832348629       -2.436963177870907
          61        2.884573832348629        2.436963177870907
          62        2.648156812049364       -2.660889441389838
          63        2.648156812049364        2.660889441389838
          64        2.157903750060449       -3.170409588262853
          65        2.157903750060449        3.170409588262853
          66   7.069671607279426E-002       -3.795317420278842
          67   7.069671607279426E-002        3.795317420278842
          68        2.394848440259279       -2.860975144980574
          69        2.394848440259279        2.860975144980574
          70        1.809981538559116       -3.336034088601832
          71        1.809981538559116        3.336034088601832
          72  -2.080574777386113E-001       -3.719110663036583
          73  -2.080574777386113E-001        3.719110663036583
          74        2.127892577809894       -3.027825363859895
          75        2.127892577809894        3.027825363859895
          76        1.453063138064230       -3.466233931156812
          77        1.453063138064230        3.466233931156812
          78   3.900336839122073E-001       -3.695645446050228
          79   3.900336839122073E-001        3.695645446050228
          80        1.092816805264832       -3.556948784460630
          81        1.092816805264832        3.556948784460630
          82        1.841596300421172       -3.156208091505099
          83        1.841596300421172        3.156208091505099
          84   7.411752051017460E-001       -3.621735447815572
          85   7.411752051017460E-001        3.621735447815572
          86  -5.884410079861790E-001       -3.583414084446643
          87  -5.884410079861790E-001        3.583414084446643
          88        1.536652781223285       -3.251280605817061
          89        1.536652781223285        3.251280605817061
          90  -9.606091337796882E-001       -3.429119705769085
          91  -9.606091337796882E-001        3.429119705769085
          92        1.219020775696346       -3.312667665424974
          93        1.219020775696346        3.312667665424974
          94       -1.311507818568250       -3.244689071664553
          95       -1.311507818568250        3.244689071664553
          96       -1.640095723359328       -3.028633801072845
          97       -1.640095723359328        3.028633801072845
          98   8.949698365391526E-001       -3.334170771961149
          99   8.949698365391526E-001        3.334170771961149
         100       -1.944426355083452       -2.776506479836632
         101       -1.944426355083452        2.776506479836632
         102       -2.209462521283144       -2.485791860588801
         103       -2.209462521283144        2.485791860588801
         104   5.781292944542252E-001       -3.308810633090234
         105   5.781292944542252E-001        3.308810633090234
         106       -2.425637153538570       -2.178022168717386
         107       -2.425637153538570        2.178022168717386
         108       -2.607665447010957       -1.863804108454403
         109       -2.607665447010957        1.863804108454403
         110       -2.762384971188009       -1.537639848701303
         111       -2.762384971188009        1.537639848701303
         112       -2.886521866637273       -1.194726082220665
         113       -2.886521866637273        1.194726082220665
         114       -2.971499926554412  -8.349934676396369E-001
         115       -2.971499926554412   8.349934676396369E-001
         116   2.830102385338917E-001       -3.242817566759838
         117   2.830102385338917E-001        3.242817566759838
         118       -2.999176250037413  -4.661611374876328E-001
         119       -2.999176250037413   4.661611374876328E-001
         120       -2.986343598820329  -1.545801299684500E-001
         121       -2.986343598820329   1.545801299684500E-001
         122       -2.988614407748940   0.000000000000000E+000
         123       -2.922913908489658  -4.039528208461363E-001
         124       -2.922913908489658   4.039528208461363E-001
         125       -2.811958954416110  -7.299563734741408E-001
         126       -2.811958954416110   7.299563734741408E-001
         127   1.215368963993579E-002       -3.146526819237519
         128   1.215368963993579E-002        3.146526819237519
         129       -2.680429646271658       -1.034761764052001
         130       -2.680429646271658        1.034761764052001
         131       -2.518005404864602       -1.317670894643213
         132       -2.518005404864602        1.317670894643213
         133  -2.353552332744382E-001       -3.025454960021309
         134  -2.353552332744382E-001        3.025454960021309
         135       -2.323998467228455       -1.573699119886836
         136       -2.323998467228455        1.573699119886836
         137       -2.100778820624802       -1.798600170099162
         138       -2.100778820624802        1.798600170099162
         139  -4.592856104304438E-001       -2.883073134060950
         140  -4.592856104304438E-001        2.883073134060950
         141       -1.853758363969964       -1.989272525960898
         142       -1.853758363969964        1.989272525960898
         143  -6.591112557174518E-001       -2.723276753913789
         144  -6.591112557174518E-001        2.723276753913789
         145        2.547742947425920  -1.411342636717957E-001
         146        2.547742947425920   1.411342636717957E-001
         147        2.520100753195434  -4.244072048666837E-001
         148        2.520100753195434   4.244072048666837E-001
         149        2.460870083438342  -7.065157343237429E-001
         150        2.460870083438342   7.065157343237429E-001
         151        2.368874207811586  -9.818628570026409E-001
         152        2.368874207811586   9.818628570026409E-001
         153        2.245350956629085       -1.245272781002281
         154        2.245350956629085        1.245272781002281
         155        2.460940517035724  -1.381556249762110E-001
         156        2.460940517035724   1.381556249762110E-001
         157        2.428963513580530  -4.106750077584926E-001
         158        2.428963513580530   4.106750077584926E-001
         159        2.369342793980825  -6.757241764761830E-001
         160        2.369342793980825   6.757241764761830E-001
         161        2.092365403339329       -1.492271068125235
         162        2.092365403339329        1.492271068125235
         163        2.284263621014571  -9.330931587764322E-001
         164        2.284263621014571   9.330931587764322E-001
         165        1.912413653560485       -1.718532080047305
         166        1.912413653560485        1.718532080047305
         167        2.173689579242693       -1.182036942113236
         168        2.173689579242693        1.182036942113236
         169        1.708387945198096       -1.919359507436555
         170        1.708387945198096        1.919359507436555
         171        2.037378022651177       -1.420491913541002
         172        2.037378022651177        1.420491913541002
         173        1.875871115240458       -1.645829604717474
         174        1.875871115240458        1.645829604717474
         175        1.690652001420769       -1.855892659130387
         176        1.690652001420769        1.855892659130387
         177        1.482534844393058       -2.087608051680085
         178        1.482534844393058        2.087608051680085
         179        1.485057395252770       -2.051557447758643
         180        1.485057395252770        2.051557447758643
         181        1.276994560333252       -2.221282290221179
         182        1.276994560333252        2.221282290221179
         183        1.223563782961076       -2.229578396987010
         184        1.223563782961076        2.229578396987010
         185        1.045075771393988       -2.355397464443880
         186        1.045075771393988        2.355397464443880
         187   7.958263950442416E-001       -2.461457376738447
         188   7.958263950442416E-001        2.461457376738447
         189   9.602068201193774E-001       -2.351200872826098
         190   9.602068201193774E-001        2.351200872826098
         191   5.336919220847708E-001       -2.535296358277038
         192   5.336919220847708E-001        2.535296358277038
         193   6.933871797136524E-001       -2.442960584578673
         194   6.933871797136524E-001        2.442960584578673
         195   2.647237919937572E-001       -2.571619927366882
         196   2.647237919937572E-001        2.571619927366882
         197   4.256058065564665E-001       -2.508425253236964
         198   4.256058065564665E-001        2.508425253236964
         199       -1.590289970559736       -2.142537099593227
         200       -1.590289970559736        2.142537099593227
         201   1.572801977268307E-001       -2.552801549079017
         202   1.572801977268307E-001        2.552801549079017
         203   3.061019143061339E-004       -2.569110585182670
         204   3.061019143061339E-004        2.569110585182670
         205  -1.168320004934438E-001       -2.576857216654620
         206  -1.168320004934438E-001        2.576857216654620
         207  -8.417346691911684E-001       -2.547877747666655
         208  -8.417346691911684E-001        2.547877747666655
         209  -3.977863562730132E-001       -2.568109308093615
         210  -3.977863562730132E-001        2.568109308093615
         211  -2.535515296114007E-001       -2.538542995396304
         212  -2.535515296114007E-001        2.538542995396304
         213  -6.770470546853925E-001       -2.519147510944390
         214  -6.770470546853925E-001        2.519147510944390
         215       -1.323141863631986       -2.256001045117296
         216       -1.323141863631986        2.256001045117296
         217  -5.013539734644540E-001       -2.487342955149058
         218  -5.013539734644540E-001        2.487342955149058
         219  -9.368632436452857E-001       -2.430483306044636
         220  -9.368632436452857E-001        2.430483306044636
         221       -1.068582508592956       -2.362184025929953
         222       -1.068582508592956        2.362184025929953
         223       -1.172258090835612       -2.286152390879904
         224       -1.172258090835612        2.286152390879904
         225  -7.413333039978201E-001       -2.418908320373745
         226  -7.413333039978201E-001        2.418908320373745
         227  -9.335916802346033E-001       -2.339251232347188
         228  -9.335916802346033E-001        2.339251232347188
         229       -1.364466254549033       -2.116920197471750
         230       -1.364466254549033        2.116920197471750
         231       -1.524399051461718       -1.934985694945985
         232       -1.524399051461718        1.934985694945985
         233       -1.052005546429766       -2.188046154736647
         234       -1.052005546429766        2.188046154736647
         235       -1.658349264331730       -1.741874155219573
         236       -1.658349264331730        1.741874155219573
         237       -1.762679654914420       -1.540144080792675
         238       -1.762679654914420        1.540144080792675
         239       -1.146823357264899       -1.985466790205128
         240       -1.146823357264899        1.985466790205128
         241       -1.833960695439295       -1.333983816216148
         242       -1.833960695439295        1.333983816216148
         243       -1.869352501005951       -1.129742553555094
         244       -1.869352501005951        1.129742553555094
         245       -1.211761248563155       -1.771572998667535
         246       -1.211761248563155        1.771572998667535
         247       -1.867176150121849  -9.369094279287611E-001
         248       -1.867176150121849   9.369094279287611E-001
         249       -1.233664547948413       -1.550344530609604
         250       -1.233664547948413        1.550344530609604
         251        1.609467122914384  -4.225240024729049E-001
         252        1.609467122914384   4.225240024729049E-001
         253        1.661187685029903  -8.524458341070569E-002
         254        1.661187685029903   8.524458341070569E-002
         255        1.643967329754988  -2.550187683874497E-001
         256        1.643967329754988   2.550187683874497E-001
         257        1.557744069502741  -5.859453047455022E-001
         258        1.557744069502741   5.859453047455022E-001
         259        1.489162116096267  -7.432777434940803E-001
         260        1.489162116096267   7.432777434940803E-001
         261        1.404472092704985  -8.925182894628032E-001
         262        1.404472092704985   8.925182894628032E-001
         263        1.304769858979818       -1.031856041913717
         264        1.304769858979818        1.031856041913717
         265        1.191368642684626       -1.159789804034459
         266        1.191368642684626        1.159789804034459
         267        1.065631718884273       -1.275135115043326
         268        1.065631718884273        1.275135115043326
         269   9.288411915307815E-001       -1.376909536190847
         270   9.288411915307815E-001        1.376909536190847
         271       -1.830552238861532  -7.696344593084491E-001
         272       -1.830552238861532   7.696344593084491E-001
         273   7.821918521949089E-001       -1.464154095039942
         274   7.821918521949089E-001        1.464154095039942
         275   6.269233196805287E-001       -1.535816033992181
         276   6.269233196805287E-001        1.535816033992181
         277   4.644887008908539E-001       -1.590775090843003
         278   4.644887008908539E-001        1.590775090843003
         279   2.966451999575574E-001       -1.627973757013155
         280   2.966451999575574E-001        1.627973757013155
         281   1.254427324284200E-001       -1.646556684772682
         282   1.254427324284200E-001        1.646556684772682
         283  -4.684394596025698E-002       -1.645964552311865
         284  -4.684394596025698E-002        1.645964552311865
         285        1.356436204406156  -4.407620305186492E-001
         286        1.356436204406156   4.407620305186492E-001
         287        1.394117686036989  -3.132525236773273E-001
         288        1.394117686036989   3.132525236773273E-001
         289        1.416115932250599  -1.862513659452380E-001
         290        1.416115932250599   1.862513659452380E-001
         291        1.425229870046634  -6.152097859165431E-002
         292        1.425229870046634   6.152097859165431E-002
         293        1.302953524120335  -5.698278815188322E-001
         294        1.302953524120335   5.698278815188322E-001
         295        1.243458131174176  -6.995587070402658E-001
         296        1.243458131174176   6.995587070402658E-001
         297        1.101606355190672  -9.240899811686274E-001
         298        1.101606355190672   9.240899811686274E-001
         299        1.015661226878491       -1.019348309237945
         300        1.015661226878491        1.019348309237945
         301  -2.177928788868849E-001       -1.625981190581744
         302  -2.177928788868849E-001        1.625981190581744
         303   9.221025930909460E-001       -1.103212754590573
         304   9.221025930909460E-001        1.103212754590573
         305   8.235289901150311E-001       -1.175727157183224
         306   8.235289901150311E-001        1.175727157183224
         307       -1.233800000337410       -1.320809339771405
         308       -1.233800000337410        1.320809339771405
         309       -1.775430176962831  -6.408924890851899E-001
         310       -1.775430176962831   6.408924890851899E-001
         311   7.224896356713532E-001       -1.238171981119115
         312   7.224896356713532E-001        1.238171981119115
         313   6.199583908474106E-001       -1.293135300597467
         314   6.199583908474106E-001        1.293135300597467
         315       -1.135618817694966       -1.331044113771383
         316       -1.135618817694966        1.331044113771383
         317       -1.352366739524236       -1.154843666004271
         318       -1.352366739524236        1.154843666004271
         319   5.143952692275318E-001       -1.342384852487446
         320   5.143952692275318E-001        1.342384852487446
         321  -5.456376209787384E-001       -1.528801820757634
         322  -5.456376209787384E-001        1.528801820757634
         323   4.039099512466294E-001       -1.385037743520896
         324   4.039099512466294E-001        1.385037743520896
         325   2.884195140171944E-001       -1.419003884685001
         326   2.884195140171944E-001        1.419003884685001
         327        1.154796444415640  -5.346367020528082E-001
         328        1.154796444415640   5.346367020528082E-001
         329        1.151443910214644  -4.345778831710050E-001
         330        1.151443910214644   4.345778831710050E-001
         331        1.136412499253499  -4.682102736281016E-001
         332        1.136412499253499   4.682102736281016E-001
         333        1.171905948239243  -3.556053348717886E-001
         334        1.171905948239243   3.556053348717886E-001
         335        1.221165852918595  -1.203496260074275E-001
         336        1.221165852918595   1.203496260074275E-001
         337        1.228413983037710   0.000000000000000E+000
         338        1.201187386413816  -2.394723276501756E-001
         339        1.201187386413816   2.394723276501756E-001
         340        1.170531919357191  -3.205017380771149E-001
         341        1.170531919357191   3.205017380771149E-001
         342        1.198926867235222  -1.107475154920482E-001
         343        1.198926867235222   1.107475154920482E-001
         344        1.203500644325060   0.000000000000000E+000
         345        1.185002989216903  -2.179458614075870E-001
         346        1.185002989216903   2.179458614075870E-001
         347        1.183735119129662  -6.199039127983236E-002
         348        1.183735119129662   6.199039127983236E-002
         349        1.172105794820990  -1.876175536387556E-001
         350        1.172105794820990   1.876175536387556E-001
         351        1.097039295606186  -5.619113361684158E-001
         352        1.097039295606186   5.619113361684158E-001
         353        1.080634650187977  -5.955607937980204E-001
         354        1.080634650187977   5.955607937980204E-001
         355        1.139289708220495  -3.158840027371189E-001
         356        1.139289708220495   3.158840027371189E-001
         357        1.036634274117661  -6.577136101047608E-001
         358        1.036634274117661   6.577136101047608E-001
         359        1.091526575824381  -4.310198378078981E-001
         360        1.091526575824381   4.310198378078981E-001
         361        1.008988034008008  -6.921135889865766E-001
         362        1.008988034008008   6.921135889865766E-001
         363   1.692406482442180E-001       -1.442784426815979
         364   1.692406482442180E-001        1.442784426815979
         365   9.699105884659314E-001  -7.486433172293660E-001
         366   9.699105884659314E-001   7.486433172293660E-001
         367        1.034288093535212  -5.397860301623366E-001
         368        1.034288093535212   5.397860301623366E-001
         369   9.343251183913158E-001  -7.814387782440692E-001
         370   9.343251183913158E-001   7.814387782440692E-001
         371   8.954811164436951E-001  -8.324509981971380E-001
         372   8.954811164436951E-001   8.324509981971380E-001
         373   4.801154282306591E-002       -1.455800104627850
         374   4.801154282306591E-002        1.455800104627850
         375   9.668367251555196E-001  -6.421473901510568E-001
         376   9.668367251555196E-001   6.421473901510568E-001
         377   8.537995032931622E-001  -8.629660843332703E-001
         378   8.537995032931622E-001   8.629660843332703E-001
         379   8.138914275759458E-001  -9.079954885976386E-001
         380   8.138914275759458E-001   9.079954885976386E-001
         381  -7.384395907956332E-002       -1.457990973396503
         382  -7.384395907956332E-002        1.457990973396503
         383  -6.974835467642979E-001       -1.453033978294913
         384  -6.974835467642979E-001        1.453033978294913
         385   8.892924045075358E-001  -7.376686088032084E-001
         386   8.892924045075358E-001   7.376686088032084E-001
         387   7.671044154604281E-001  -9.359008478016327E-001
         388   7.671044154604281E-001   9.359008478016327E-001
         389   7.261283905663141E-001  -9.741243453069733E-001
         390   7.261283905663141E-001   9.741243453069733E-001
         391  -1.951117201445737E-001       -1.449436013379970
         392  -1.951117201445737E-001        1.449436013379970
         393       -1.456031654129494  -9.822264457661910E-001
         394       -1.456031654129494   9.822264457661910E-001
         395   8.015485112632228E-001  -8.257483660425757E-001
         396   8.015485112632228E-001   8.257483660425757E-001
         397       -1.725338858203303  -5.483018015036024E-001
         398       -1.725338858203303   5.483018015036024E-001
         399   6.743209381532500E-001  -9.974848982519560E-001
         400   6.743209381532500E-001   9.974848982519560E-001
         401   6.350232605170285E-001       -1.028278083373506
         402   6.350232605170285E-001        1.028278083373506
         403   7.036728404803270E-001  -9.059123644388968E-001
         404   7.036728404803270E-001   9.059123644388968E-001
         405   5.858332622942396E-001       -1.042499797826485
         406   5.858332622942396E-001        1.042499797826485
         407   5.487525022034265E-001       -1.078797215043692
         408   5.487525022034265E-001        1.078797215043692
         409  -8.379587974623333E-001       -1.360772385286890
         410  -8.379587974623333E-001        1.360772385286890
         411   5.035917878848206E-001       -1.097692040952813
         412   5.035917878848206E-001        1.097692040952813
         413   4.511956565584816E-001       -1.128168528374542
         414   4.511956565584816E-001        1.128168528374542
         415   5.923863482640313E-001  -9.799607840646520E-001
         416   5.923863482640313E-001   9.799607840646520E-001
         417   4.052869324459310E-001       -1.147245548636363
         418   4.052869324459310E-001        1.147245548636363
         419  -4.313405648490788E-001       -1.400713639699062
         420  -4.313405648490788E-001        1.400713639699062
         421  -9.946529042486204E-001       -1.285999837249507
         422  -9.946529042486204E-001        1.285999837249507
         423       -1.531464774759237  -8.001931429398084E-001
         424       -1.531464774759237   8.001931429398084E-001
         425   3.459144318701678E-001       -1.165785570506601
         426   3.459144318701678E-001        1.165785570506601
         427   3.016220995623752E-001       -1.185371305397770
         428   3.016220995623752E-001        1.185371305397770
         429  -5.443003835129464E-001       -1.361034612611798
         430  -5.443003835129464E-001        1.361034612611798
         431   4.659927587011253E-001       -1.030682288256684
         432   4.659927587011253E-001        1.030682288256684
         433   2.371132554036278E-001       -1.191489231210406
         434   2.371132554036278E-001        1.191489231210406
         435   1.954982390801146E-001       -1.213072331386708
         436   1.954982390801146E-001        1.213072331386708
         437       -1.685194703205120  -4.733922061508437E-001
         438       -1.685194703205120   4.733922061508437E-001
         439   8.833174372100161E-002       -1.230851672866380
         440   8.833174372100161E-002        1.230851672866380
         441   1.265635841005222E-001       -1.205980441302791
         442   1.265635841005222E-001        1.205980441302791
         443   3.458297017822633E-001       -1.068482424459218
         444   3.458297017822633E-001        1.068482424459218
         445  -6.528996242709322E-001       -1.311482719074699
         446  -6.528996242709322E-001        1.311482719074699
         447  -9.392226206717872E-001       -1.244809300740154
         448  -9.392226206717872E-001        1.244809300740154
         449       -1.577618910977162  -6.131865261130484E-001
         450       -1.577618910977162   6.131865261130484E-001
         451  -1.882444287109425E-002       -1.239080071770123
         452  -1.882444287109425E-002        1.239080071770123
         453   1.520369750056033E-002       -1.209610545416295
         454   1.520369750056033E-002        1.209610545416295
         455   2.242724104816191E-001       -1.097075563927306
         456   2.242724104816191E-001        1.097075563927306
         457       -1.664897389360887  -3.993202646413551E-001
         458       -1.664897389360887   3.993202646413551E-001
         459  -1.251656205088275E-001       -1.238232006740868
         460  -1.251656205088275E-001        1.238232006740868
         461  -7.571660301898782E-001       -1.252512325989228
         462  -7.571660301898782E-001        1.252512325989228
         463  -9.588483083384369E-002       -1.202332898803439
         464  -9.588483083384369E-002        1.202332898803439
         465   1.011216577423349E-001       -1.112665402770823
         466   1.011216577423349E-001        1.112665402770823
         467  -2.301666570222891E-001       -1.228750025712610
         468  -2.301666570222891E-001        1.228750025712610
         469       -1.649173692379839  -3.470954078516753E-001
         470       -1.649173692379839   3.470954078516753E-001
         471  -2.051804271567004E-001       -1.184353918554807
         472  -2.051804271567004E-001        1.184353918554807
         473  -3.333459035223643E-001       -1.210991811365118
         474  -3.333459035223643E-001        1.210991811365118
         475  -2.220224814729499E-002       -1.113629828751303
         476  -2.220224814729499E-002        1.113629828751303
         477       -1.594210595216393  -4.276606267109381E-001
         478       -1.594210595216393   4.276606267109381E-001
         479  -8.579519898995054E-001       -1.185829638724312
         480  -8.579519898995054E-001        1.185829638724312
         481  -4.342380607873251E-001       -1.185595494668451
         482  -4.342380607873251E-001        1.185595494668451
         483  -8.946040316198589E-001       -1.167660717532109
         484  -8.946040316198589E-001        1.167660717532109
         485  -3.113452721662111E-001       -1.156462079740463
         486  -3.113452721662111E-001        1.156462079740463
         487  -9.256125506111059E-001       -1.143743699974017
         488  -9.256125506111059E-001        1.143743699974017
         489       -1.623829101948719  -2.796819977003534E-001
         490       -1.623829101948719   2.796819977003534E-001
         491  -1.440989207766847E-001       -1.099542797088124
         492  -1.440989207766847E-001        1.099542797088124
         493  -5.324548035682835E-001       -1.153708566505903
         494  -5.324548035682835E-001        1.153708566505903
         495  -9.348506779131436E-001       -1.110815860510386
         496  -9.348506779131436E-001        1.110815860510386
         497  -9.996515579647944E-001       -1.071364504563743
         498  -9.996515579647944E-001        1.071364504563743
         499  -8.434092836418352E-001       -1.128936056572752
         500  -8.434092836418352E-001        1.128936056572752
         501       -1.625025369162024  -1.960144715193349E-001
         502       -1.625025369162024   1.960144715193349E-001
         503       -1.621090124668469  -1.588031265360122E-001
         504       -1.621090124668469   1.588031265360122E-001
         505       -1.630364000613590  -4.262191928111472E-002
         506       -1.630364000613590   4.262191928111472E-002
         507       -1.017413628847962       -1.037145388951066
         508       -1.017413628847962        1.037145388951066
         509       -1.064774673625656  -9.996321754170942E-001
         510       -1.064774673625656   9.996321754170942E-001
         511  -4.136483400974964E-001       -1.119446868642881
         512  -4.136483400974964E-001        1.119446868642881
         513  -6.274434376507422E-001       -1.117338826898920
         514  -6.274434376507422E-001        1.117338826898920
         515       -1.095821403402117  -9.572900509163567E-001
         516       -1.095821403402117   9.572900509163567E-001
         517       -1.122521956014534  -9.285294199846971E-001
         518       -1.122521956014534   9.285294199846971E-001
         519  -8.028427869990877E-001       -1.092362565697983
         520  -8.028427869990877E-001        1.092362565697983
         521       -1.570552763493841  -2.637514100082372E-001
         522       -1.570552763493841   2.637514100082372E-001
         523       -1.594263358827763  -7.022679639585035E-002
         524       -1.594263358827763   7.022679639585035E-002
         525       -1.168336500294853  -8.716679128552055E-001
         526       -1.168336500294853   8.716679128552055E-001
         527       -1.174944666617497  -8.563729363726702E-001
         528       -1.174944666617497   8.563729363726702E-001
         529       -1.562607689441906  -1.692472018510598E-001
         530       -1.562607689441906   1.692472018510598E-001
         531       -1.570021454484473  -2.534068775395261E-002
         532       -1.570021454484473   2.534068775395261E-002
         533       -1.226228491412322  -7.843009359589697E-001
         534       -1.226228491412322   7.843009359589697E-001
         535       -1.229571316376736  -7.811801402348574E-001
         536       -1.229571316376736   7.811801402348574E-001
         537  -7.164162456010486E-001       -1.081001980250575
         538  -7.164162456010486E-001        1.081001980250575
         539       -1.265903078662100  -7.133450886680117E-001
         540       -1.265903078662100   7.133450886680117E-001
         541       -1.289661759020110  -6.840075386391561E-001
         542       -1.289661759020110   6.840075386391561E-001
         543       -1.305997185295444  -6.420492445511017E-001
         544       -1.305997185295444   6.420492445511017E-001
         545       -1.341449139556166  -5.847273024531383E-001
         546       -1.341449139556166   5.847273024531383E-001
         547       -1.338760543626332  -5.719515666929872E-001
         548       -1.338760543626332   5.719515666929872E-001
         549       -1.387810601460048  -4.872741280713647E-001
         550       -1.387810601460048   4.872741280713647E-001
         551       -1.371035272635975  -4.988882088728994E-001
         552       -1.371035272635975   4.988882088728994E-001
         553       -1.393387952896392  -4.336402642501375E-001
         554       -1.393387952896392   4.336402642501375E-001
         555       -1.427699123135232  -3.580375362682852E-001
         556       -1.427699123135232   3.580375362682852E-001
         557       -1.412912226479677  -3.829230693203104E-001
         558       -1.412912226479677   3.829230693203104E-001
         559       -1.483726553296475  -1.631286129992995E-001
         560       -1.483726553296475   1.631286129992995E-001
         561       -1.491566572588437  -4.105154564887173E-002
         562       -1.491566572588437   4.105154564887173E-002
         563       -1.463978695224478  -2.102936740024266E-001
         564       -1.463978695224478   2.102936740024266E-001
         565       -1.433697815036869  -2.973296140648257E-001
         566       -1.433697815036869   2.973296140648257E-001
         567       -1.427238104153515  -2.699197565863948E-001
         568       -1.427238104153515   2.699197565863948E-001
         569  -7.726316936900185E-001       -1.052587998582208
         570  -7.726316936900185E-001        1.052587998582208
         571  -5.114764337273121E-001       -1.073635549332139
         572  -5.114764337273121E-001        1.073635549332139
         573  -2.629358779930847E-001       -1.070389275708437
         574  -2.629358779930847E-001        1.070389275708437
         575       -1.412390578877556  -1.399824127019502E-001
         576       -1.412390578877556   1.399824127019502E-001
         577  -7.705165146540356E-001       -1.013239295756070
         578  -7.705165146540356E-001        1.013239295756070
         579  -6.038487518134924E-001       -1.019288430711724
         580  -6.038487518134924E-001        1.019288430711724
         581  -3.768348920362402E-001       -1.026597797016929
         582  -3.768348920362402E-001        1.026597797016929
         583  -7.757803596385235E-001  -9.685012465503893E-001
         584  -7.757803596385235E-001   9.685012465503893E-001
         585       -1.379200417130155   0.000000000000000E+000
         586  -6.895353895428625E-001  -9.569110593959223E-001
         587  -6.895353895428625E-001   9.569110593959223E-001
         588  -7.836209625193282E-001  -9.244698929590585E-001
         589  -7.836209625193282E-001   9.244698929590585E-001
         590  -4.840475795586847E-001  -9.694010635388141E-001
         591  -4.840475795586847E-001   9.694010635388141E-001
         592       -1.330808984178778   0.000000000000000E+000
         593  -7.951314472516877E-001  -8.859310641138443E-001
         594  -7.951314472516877E-001   8.859310641138443E-001
         595  -7.659887707674136E-001  -8.868946322206383E-001
         596  -7.659887707674136E-001   8.868946322206383E-001
         597  -5.837633649427497E-001  -9.004315826269976E-001
         598  -5.837633649427497E-001   9.004315826269976E-001
         599  -8.012405843909851E-001  -8.420237122470443E-001
         600  -8.012405843909851E-001   8.420237122470443E-001
         601  -8.522530756293958E-001  -8.117929856352683E-001
         602  -8.522530756293958E-001   8.117929856352683E-001
         603  -8.129144947275427E-001  -8.030671947600800E-001
         604  -8.129144947275427E-001   8.030671947600800E-001
         605  -9.139371158790732E-001  -7.281427594488104E-001
         606  -9.139371158790732E-001   7.281427594488104E-001
         607  -6.766058585863823E-001  -8.200364244237210E-001
         608  -6.766058585863823E-001   8.200364244237210E-001
         609  -8.327997191880834E-001  -7.603942786766857E-001
         610  -8.327997191880834E-001   7.603942786766857E-001
         611  -9.652425797405507E-001  -6.424922065085662E-001
         612  -9.652425797405507E-001   6.424922065085662E-001
         613  -8.536743024614708E-001  -7.155934047518651E-001
         614  -8.536743024614708E-001   7.155934047518651E-001
         615       -1.009709998415908  -5.579578625939895E-001
         616       -1.009709998415908   5.579578625939895E-001
         617  -8.768393432063514E-001  -6.688138240298176E-001
         618  -8.768393432063514E-001   6.688138240298176E-001
         619       -1.051501957448122  -4.709948325163222E-001
         620       -1.051501957448122   4.709948325163222E-001
         621       -1.087345825718995  -3.778034103016217E-001
         622       -1.087345825718995   3.778034103016217E-001
         623       -1.113780754139288  -2.801051774092929E-001
         624       -1.113780754139288   2.801051774092929E-001
         625       -1.129213965626336  -1.812704230543667E-001
         626       -1.129213965626336   1.812704230543667E-001
         627       -1.160140098289338   0.000000000000000E+000
         628       -1.135914347395743  -9.017008604258689E-002
         629       -1.135914347395743   9.017008604258689E-002
         630       -1.142471311272821   0.000000000000000E+000
         631       -1.128864908410439  -6.543118589352683E-002
         632       -1.128864908410439   6.543118589352683E-002
         633       -1.121422316047814   0.000000000000000E+000
         634       -1.105960993159618  -1.748882878736790E-001
         635       -1.105960993159618   1.748882878736790E-001
         636       -1.103931496531367  -9.946352985468276E-002
         637       -1.103931496531367   9.946352985468276E-002
         638       -1.077904508415143  -2.733455292562853E-001
         639       -1.077904508415143   2.733455292562853E-001
         640       -1.078352824308458  -1.819330349404719E-001
         641       -1.078352824308458   1.819330349404719E-001
         642  -9.010313673940713E-001  -6.184655426816765E-001
         643  -9.010313673940713E-001   6.184655426816765E-001
         644       -1.042830450091424  -3.676923403383133E-001
         645       -1.042830450091424   3.676923403383133E-001
         646       -1.049937570993646  -2.574598729115838E-001
         647       -1.049937570993646   2.574598729115838E-001
         648  -9.996198155406919E-001  -4.553085044435237E-001
         649  -9.996198155406919E-001   4.553085044435237E-001
         650  -9.199022115488305E-001  -5.634424401757520E-001
         651  -9.199022115488305E-001   5.634424401757520E-001
         652  -9.349734342486191E-001  -5.452795898613807E-001
         653  -9.349734342486191E-001   5.452795898613807E-001
         654  -9.493019996302723E-001  -5.151637489140748E-001
         655  -9.493019996302723E-001   5.151637489140748E-001
         656       -1.021272764642037  -3.274564589565177E-001
         657       -1.021272764642037   3.274564589565177E-001
         658  -9.932341226298236E-001  -3.939106794044984E-001
         659  -9.932341226298236E-001   3.939106794044984E-001
         660  -9.638832625902682E-001  -4.584674274537286E-001
         661  -9.638832625902682E-001   4.584674274537286E-001
         662  -8.626766866672970E-001  -6.210514261048598E-001
         663  -8.626766866672970E-001   6.210514261048598E-001
         664  -7.575580357721377E-001  -7.205979049553611E-001
         665  -7.575580357721377E-001   7.205979049553611E-001
         666  -7.896119147173359E-001  -6.787400453697083E-001
         667  -7.896119147173359E-001   6.787400453697083E-001
         668  -7.139443464838160E-001  -7.274210339921897E-001
         669  -7.139443464838160E-001   7.274210339921897E-001
         670  -6.279860495983438E-001  -7.678303691530556E-001
         671  -6.279860495983438E-001   7.678303691530556E-001
         672  -5.308043722207217E-001  -8.237730064986266E-001
         673  -5.308043722207217E-001   8.237730064986266E-001
         674  -4.526199672073745E-001  -8.612494788495243E-001
         675  -4.526199672073745E-001   8.612494788495243E-001
         676  -8.971360604414255E-001  -4.550412624380834E-001
         677  -8.971360604414255E-001   4.550412624380834E-001
         678  -8.217308385271306E-001  -5.590531719954998E-001
         679  -8.217308385271306E-001   5.590531719954998E-001
         680  -7.845906961526101E-001  -5.919760597249613E-001
         681  -7.845906961526101E-001   5.919760597249613E-001
         682  -9.395520715523045E-001  -3.375245639419187E-001
         683  -9.395520715523045E-001   3.375245639419187E-001
         684  -9.607196284929203E-001  -2.169444235409024E-001
         685  -9.607196284929203E-001   2.169444235409024E-001
         686  -9.644909239759527E-001  -1.000824890126204E-001
         687  -9.644909239759527E-001   1.000824890126204E-001
         688  -9.605980419026486E-001   0.000000000000000E+000
         689  -3.724343790565837E-001  -8.845469723294512E-001
         690  -3.724343790565837E-001   8.845469723294512E-001
         691  -9.157537423788099E-001   0.000000000000000E+000
         692  -8.866275403178561E-001  -1.038118967112595E-001
         693  -8.866275403178561E-001   1.038118967112595E-001
         694  -2.927707458595318E-001  -8.958885947937566E-001
         695  -2.927707458595318E-001   8.958885947937566E-001
         696  -8.317239387358038E-001  -1.973589924396516E-001
         697  -8.317239387358038E-001   1.973589924396516E-001
         698  -2.183106783070164E-001  -8.960448051958642E-001
         699  -2.183106783070164E-001   8.960448051958642E-001
         700  -7.668950968206952E-001  -2.750966902210538E-001
         701  -7.668950968206952E-001   2.750966902210538E-001
         702  -1.542277502807514E-001  -8.950915833997098E-001
         703  -1.542277502807514E-001   8.950915833997098E-001
         704  -8.526448464104075E-002  -8.989085309813052E-001
         705  -8.526448464104075E-002   8.989085309813052E-001
         706  -6.983227486163409E-001  -3.360387618154768E-001
         707  -6.983227486163409E-001   3.360387618154768E-001
         708  -9.771851218612543E-003  -8.941256211525033E-001
         709  -9.771851218612543E-003   8.941256211525033E-001
         710  -6.305136583462558E-001  -3.825294339023238E-001
         711  -6.305136583462558E-001   3.825294339023238E-001
         712   6.578503435583522E-002  -8.792421919171193E-001
         713   6.578503435583522E-002   8.792421919171193E-001
         714  -5.659470239049746E-001  -4.177683607034401E-001
         715  -5.659470239049746E-001   4.177683607034401E-001
         716   1.388478729658597E-001  -8.554875366455845E-001
         717   1.388478729658597E-001   8.554875366455845E-001
         718  -5.054107368901900E-001  -4.447688961371561E-001
         719  -5.054107368901900E-001   4.447688961371561E-001
         720   2.080054332610175E-001  -8.239674956905410E-001
         721   2.080054332610175E-001   8.239674956905410E-001
         722  -4.486872663472030E-001  -4.657156081535790E-001
         723  -4.486872663472030E-001   4.657156081535790E-001
         724   2.722659561149736E-001  -7.857323777184728E-001
         725   2.722659561149736E-001   7.857323777184728E-001
         726  -3.952663875329586E-001  -4.820001324773814E-001
         727  -3.952663875329586E-001   4.820001324773814E-001
         728   3.308765930580241E-001  -7.418471561880849E-001
         729   3.308765930580241E-001   7.418471561880849E-001
         730  -3.446443715627748E-001  -4.944955416895304E-001
         731  -3.446443715627748E-001   4.944955416895304E-001
         732   3.833133922107691E-001  -6.934018216649347E-001
         733   3.833133922107691E-001   6.934018216649347E-001
         734  -2.964164391571819E-001  -5.037570507469869E-001
         735  -2.964164391571819E-001   5.037570507469869E-001
         736   4.292628416487813E-001  -6.414322210292007E-001
         737   4.292628416487813E-001   6.414322210292007E-001
         738  -2.502914601799842E-001  -5.101639318860405E-001
         739  -2.502914601799842E-001   5.101639318860405E-001
         740  -2.060634996303368E-001  -5.140119966685609E-001
         741  -2.060634996303368E-001   5.140119966685609E-001
         742   4.685254170734005E-001  -5.869017187388024E-001
         743   4.685254170734005E-001   5.869017187388024E-001
         744  -1.635666583703556E-001  -5.155501588226178E-001
         745  -1.635666583703556E-001   5.155501588226178E-001
         746  -1.226610990850109E-001  -5.149772921741530E-001
         747  -1.226610990850109E-001   5.149772921741530E-001
         748   5.009905384716942E-001  -5.307893886774494E-001
         749   5.009905384716942E-001   5.307893886774494E-001
         750  -8.324394321818053E-002  -5.124636857396275E-001
         751  -8.324394321818053E-002   5.124636857396275E-001
         752  -4.523207847740032E-002  -5.081883850351742E-001
         753  -4.523207847740032E-002   5.081883850351742E-001
         754   5.267270278182599E-001  -4.741255050355875E-001
         755   5.267270278182599E-001   4.741255050355875E-001
         756  -8.539295533948055E-003  -5.023447880572277E-001
         757  -8.539295533948055E-003   5.023447880572277E-001
         758   2.691214609125742E-002  -4.951661989751283E-001
         759   2.691214609125742E-002   4.951661989751283E-001
         760   5.460545124603363E-001  -4.179157560019863E-001
         761   5.460545124603363E-001   4.179157560019863E-001
         762   6.112071077577934E-002  -4.869968268025256E-001
         763   6.112071077577934E-002   4.869968268025256E-001
         764   9.365346889400605E-002  -4.782957816090842E-001
         765   9.365346889400605E-002   4.782957816090842E-001
         766   5.595237707151475E-001  -3.630229576519933E-001
         767   5.595237707151475E-001   3.630229576519933E-001
         768   1.230696317812846E-001  -4.685036953849133E-001
         769   1.230696317812846E-001   4.685036953849133E-001
         770   5.678231139111442E-001  -3.101030395890835E-001
         771   5.678231139111442E-001   3.101030395890835E-001
         772   1.501819558062301E-001  -4.549092738184078E-001
         773   1.501819558062301E-001   4.549092738184078E-001
         774   5.716894722829194E-001  -2.596154428458761E-001
         775   5.716894722829194E-001   2.596154428458761E-001
         776   1.778785904574392E-001  -4.385421658594495E-001
         777   1.778785904574392E-001   4.385421658594495E-001
         778   5.718731838524109E-001  -2.118505548322620E-001
         779   5.718731838524109E-001   2.118505548322620E-001
         780   2.056730553371540E-001  -4.212768917401986E-001
         781   2.056730553371540E-001   4.212768917401986E-001
         782   5.691161824422921E-001  -1.669347679350537E-001
         783   5.691161824422921E-001   1.669347679350537E-001
         784   5.641144950859924E-001  -1.248205955388456E-001
         785   5.641144950859924E-001   1.248205955388456E-001
         786   5.574506343072780E-001  -8.528618520876265E-002
         787   5.574506343072780E-001   8.528618520876265E-002
         788   5.493967602327370E-001  -4.798871485707736E-002
         789   5.493967602327370E-001   4.798871485707736E-002
         790   5.409226202808501E-001  -1.550387153606961E-002
         791   5.409226202808501E-001   1.550387153606961E-002
         792   5.336070914252704E-001   0.000000000000000E+000
         793   5.237477610692399E-001  -4.054962627507142E-002
         794   5.237477610692399E-001   4.054962627507142E-002
         795   5.098423477900080E-001  -7.411862832480320E-002
         796   5.098423477900080E-001   7.411862832480320E-002
         797   4.948450242639649E-001  -1.058603602900673E-001
         798   4.948450242639649E-001   1.058603602900673E-001
         799   4.788764236208098E-001  -1.361523695116625E-001
         800   4.788764236208098E-001   1.361523695116625E-001
         801   4.618965979887865E-001  -1.651248416842468E-001
         802   4.618965979887865E-001   1.651248416842468E-001
         803   4.438363332116534E-001  -1.928249783895245E-001
         804   4.438363332116534E-001   1.928249783895245E-001
         805   4.246223599243222E-001  -2.192469773527445E-001
         806   4.246223599243222E-001   2.192469773527445E-001
         807   4.041448836759848E-001  -2.443528861905669E-001
         808   4.041448836759848E-001   2.443528861905669E-001
         809   3.821439800143904E-001  -2.680754310094777E-001
         810   3.821439800143904E-001   2.680754310094777E-001
         811   2.327491293971536E-001  -4.032438848505728E-001
         812   2.327491293971536E-001   4.032438848505728E-001
         813   3.576685096854141E-001  -2.904244283508999E-001
         814   3.576685096854141E-001   2.904244283508999E-001
         815   2.587840264362913E-001  -3.842005063363852E-001
         816   2.587840264362913E-001   3.842005063363852E-001
         817   3.296937362780091E-001  -3.165894742824837E-001
         818   3.296937362780091E-001   3.165894742824837E-001
         819   2.836296949163972E-001  -3.638793900373129E-001
         820   2.836296949163972E-001   3.638793900373129E-001
         821   3.071799876934451E-001  -3.418562018347253E-001
         822   3.071799876934451E-001   3.418562018347253E-001
         823   9.892493450166083E-002  -3.512142612642175E-001
         824   9.892493450166083E-002   3.512142612642175E-001
         825  -5.218494870964047E-002  -1.173086201894681E-001
         826  -5.218494870964047E-002   1.173086201894681E-001
         827   1.056353691620008E-002  -1.892238707282236E-002
         828   1.056353691620008E-002   1.892238707282236E-002



           - AUTOVALORES DIFERENTES E REAIS e positivos - 
          REAL
           1   5.336070914252704E-001
           2        1.203500644325060
           3        1.228413983037710
           4        3.694254104218599
           5        4.102620718075287
           6        4.378928828609952
           7       21.217281873401670
           8       28.714241755895630
           9    92945.957617975770000
