 ************************************************************************************************************************
                         Exem


data

  number of boundary elements= 80

  number of functional nodes= 84

  number of internal source points where the funct. is calculated=144




  coordinates of the source points of the boundary el ements

    point          x                  y
        1       .0000000E+00       .0000000E+00
        2       .5000000E-01       .0000000E+00
        3       .1000000E+00       .0000000E+00
        4       .1500000E+00       .0000000E+00
        5       .2000000E+00       .0000000E+00
        6       .2500000E+00       .0000000E+00
        7       .3000000E+00       .0000000E+00
        8       .3500000E+00       .0000000E+00
        9       .4000000E+00       .0000000E+00
       10       .4500000E+00       .0000000E+00
       11       .5000000E+00       .0000000E+00
       12       .5500000E+00       .0000000E+00
       13       .6000000E+00       .0000000E+00
       14       .6500000E+00       .0000000E+00
       15       .7000000E+00       .0000000E+00
       16       .7500000E+00       .0000000E+00
       17       .8000000E+00       .0000000E+00
       18       .8500000E+00       .0000000E+00
       19       .9000000E+00       .0000000E+00
       20       .9500000E+00       .0000000E+00
       21       .1000000E+01       .0000000E+00
       22       .1000000E+01       .0000000E+00
       23       .1000000E+01       .5000000E-01
       24       .1000000E+01       .1000000E+00
       25       .1000000E+01       .1500000E+00
       26       .1000000E+01       .2000000E+00
       27       .1000000E+01       .2500000E+00
       28       .1000000E+01       .3000000E+00
       29       .1000000E+01       .3500000E+00
       30       .1000000E+01       .4000000E+00
       31       .1000000E+01       .4500000E+00
       32       .1000000E+01       .5000000E+00
       33       .1000000E+01       .5500000E+00
       34       .1000000E+01       .6000000E+00
       35       .1000000E+01       .6500000E+00
       36       .1000000E+01       .7000000E+00
       37       .1000000E+01       .7500000E+00
       38       .1000000E+01       .8000000E+00
       39       .1000000E+01       .8500000E+00
       40       .1000000E+01       .9000000E+00
       41       .1000000E+01       .9500000E+00
       42       .1000000E+01       .1000000E+01
       43       .1000000E+01       .1000000E+01
       44       .9500000E+00       .1000000E+01
       45       .9000000E+00       .1000000E+01
       46       .8500000E+00       .1000000E+01
       47       .8000000E+00       .1000000E+01
       48       .7500000E+00       .1000000E+01
       49       .7000000E+00       .1000000E+01
       50       .6500000E+00       .1000000E+01
       51       .6000000E+00       .1000000E+01
       52       .5500000E+00       .1000000E+01
       53       .5000000E+00       .1000000E+01
       54       .4500000E+00       .1000000E+01
       55       .4000000E+00       .1000000E+01
       56       .3500000E+00       .1000000E+01
       57       .3000000E+00       .1000000E+01
       58       .2500000E+00       .1000000E+01
       59       .2000000E+00       .1000000E+01
       60       .1500000E+00       .1000000E+01
       61       .1000000E+00       .1000000E+01
       62       .5000000E-01       .1000000E+01
       63       .0000000E+00       .1000000E+01
       64       .0000000E+00       .1000000E+01
       65       .0000000E+00       .9500000E+00
       66       .0000000E+00       .9000000E+00
       67       .0000000E+00       .8500000E+00
       68       .0000000E+00       .8000000E+00
       69       .0000000E+00       .7500000E+00
       70       .0000000E+00       .7000000E+00
       71       .0000000E+00       .6500000E+00
       72       .0000000E+00       .6000000E+00
       73       .0000000E+00       .5500000E+00
       74       .0000000E+00       .5000000E+00
       75       .0000000E+00       .4500000E+00
       76       .0000000E+00       .4000000E+00
       77       .0000000E+00       .3500000E+00
       78       .0000000E+00       .3000000E+00
       79       .0000000E+00       .2500000E+00
       80       .0000000E+00       .2000000E+00
       81       .0000000E+00       .1500000E+00
       82       .0000000E+00       .1000000E+00
       83       .0000000E+00       .5000000E-01
       84       .0000000E+00       .0000000E+00
       85       .4167000E-01       .4167000E-01
       86       .1250000E+00       .4167000E-01
       87       .2083300E+00       .4167000E-01
       88       .2916700E+00       .4167000E-01
       89       .3750000E+00       .4167000E-01
       90       .4583300E+00       .4167000E-01
       91       .5416700E+00       .4167000E-01
       92       .6250000E+00       .4167000E-01
       93       .7083300E+00       .4167000E-01
       94       .7916700E+00       .4167000E-01
       95       .8750000E+00       .4167000E-01
       96       .9583300E+00       .4167000E-01
       97       .4167000E-01       .1250000E+00
       98       .1250000E+00       .1250000E+00
       99       .2083300E+00       .1250000E+00
      100       .2916700E+00       .1250000E+00
      101       .3750000E+00       .1250000E+00
      102       .4583300E+00       .1250000E+00
      103       .5416700E+00       .1250000E+00
      104       .6250000E+00       .1250000E+00
      105       .7083300E+00       .1250000E+00
      106       .7916700E+00       .1250000E+00
      107       .8750000E+00       .1250000E+00
      108       .9583300E+00       .1250000E+00
      109       .4167000E-01       .2083300E+00
      110       .1250000E+00       .2083300E+00
      111       .2083300E+00       .2083300E+00
      112       .2916700E+00       .2083300E+00
      113       .3750000E+00       .2083300E+00
      114       .4583300E+00       .2083300E+00
      115       .5416700E+00       .2083300E+00
      116       .6250000E+00       .2083300E+00
      117       .7083300E+00       .2083300E+00
      118       .7916700E+00       .2083300E+00
      119       .8750000E+00       .2083300E+00
      120       .9583300E+00       .2083300E+00
      121       .4167000E-01       .2916700E+00
      122       .1250000E+00       .2916700E+00
      123       .2083300E+00       .2916700E+00
      124       .2916700E+00       .2916700E+00
      125       .3750000E+00       .2916700E+00
      126       .4583300E+00       .2916700E+00
      127       .5416700E+00       .2916700E+00
      128       .6250000E+00       .2916700E+00
      129       .7083300E+00       .2916700E+00
      130       .7916700E+00       .2916700E+00
      131       .8750000E+00       .2916700E+00
      132       .9583300E+00       .2916700E+00
      133       .4167000E-01       .3750000E+00
      134       .1250000E+00       .3750000E+00
      135       .2083300E+00       .3750000E+00
      136       .2916700E+00       .3750000E+00
      137       .3750000E+00       .3750000E+00
      138       .4583300E+00       .3750000E+00
      139       .5416700E+00       .3750000E+00
      140       .6250000E+00       .3750000E+00
      141       .7083300E+00       .3750000E+00
      142       .7916700E+00       .3750000E+00
      143       .8750000E+00       .3750000E+00
      144       .9583300E+00       .3750000E+00
      145       .4167000E-01       .4583300E+00
      146       .1250000E+00       .4583300E+00
      147       .2083300E+00       .4583300E+00
      148       .2916700E+00       .4583300E+00
      149       .3750000E+00       .4583300E+00
      150       .4583300E+00       .4583300E+00
      151       .5416700E+00       .4583300E+00
      152       .6250000E+00       .4583300E+00
      153       .7083300E+00       .4583300E+00
      154       .7916700E+00       .4583300E+00
      155       .8750000E+00       .4583300E+00
      156       .9583300E+00       .4583300E+00
      157       .4167000E-01       .5416700E+00
      158       .1250000E+00       .5416700E+00
      159       .2083300E+00       .5416700E+00
      160       .2916700E+00       .5416700E+00
      161       .3750000E+00       .5416700E+00
      162       .4583300E+00       .5416700E+00
      163       .5416700E+00       .5416700E+00
      164       .6250000E+00       .5416700E+00
      165       .7083300E+00       .5416700E+00
      166       .7916700E+00       .5416700E+00
      167       .8750000E+00       .5416700E+00
      168       .9583300E+00       .5416700E+00
      169       .4167000E-01       .6250000E+00
      170       .1250000E+00       .6250000E+00
      171       .2083300E+00       .6250000E+00
      172       .2916700E+00       .6250000E+00
      173       .3750000E+00       .6250000E+00
      174       .4583300E+00       .6250000E+00
      175       .5416700E+00       .6250000E+00
      176       .6250000E+00       .6250000E+00
      177       .7083300E+00       .6250000E+00
      178       .7916700E+00       .6250000E+00
      179       .8750000E+00       .6250000E+00
      180       .9583300E+00       .6250000E+00
      181       .4167000E-01       .7083300E+00
      182       .1250000E+00       .7083300E+00
      183       .2083300E+00       .7083300E+00
      184       .2916700E+00       .7083300E+00
      185       .3750000E+00       .7083300E+00
      186       .4583300E+00       .7083300E+00
      187       .5416700E+00       .7083300E+00
      188       .6250000E+00       .7083300E+00
      189       .7083300E+00       .7083300E+00
      190       .7916700E+00       .7083300E+00
      191       .8750000E+00       .7083300E+00
      192       .9583300E+00       .7083300E+00
      193       .4167000E-01       .7916700E+00
      194       .1250000E+00       .7916700E+00
      195       .2083300E+00       .7916700E+00
      196       .2916700E+00       .7916700E+00
      197       .3750000E+00       .7916700E+00
      198       .4583300E+00       .7916700E+00
      199       .5416700E+00       .7916700E+00
      200       .6250000E+00       .7916700E+00
      201       .7083300E+00       .7916700E+00
      202       .7916700E+00       .7916700E+00
      203       .8750000E+00       .7916700E+00
      204       .9583300E+00       .7916700E+00
      205       .4167000E-01       .8750000E+00
      206       .1250000E+00       .8750000E+00
      207       .2083300E+00       .8750000E+00
      208       .2916700E+00       .8750000E+00
      209       .3750000E+00       .8750000E+00
      210       .4583300E+00       .8750000E+00
      211       .5416700E+00       .8750000E+00
      212       .6250000E+00       .8750000E+00
      213       .7083300E+00       .8750000E+00
      214       .7916700E+00       .8750000E+00
      215       .8750000E+00       .8750000E+00
      216       .9583300E+00       .8750000E+00
      217       .4167000E-01       .9583300E+00
      218       .1250000E+00       .9583300E+00
      219       .2083300E+00       .9583300E+00
      220       .2916700E+00       .9583300E+00
      221       .3750000E+00       .9583300E+00
      222       .4583300E+00       .9583300E+00
      223       .5416700E+00       .9583300E+00
      224       .6250000E+00       .9583300E+00
      225       .7083300E+00       .9583300E+00
      226       .7916700E+00       .9583300E+00
      227       .8750000E+00       .9583300E+00
      228       .9583300E+00       .9583300E+00


  boundary conditions

     node      code     prescribed value
       1        0         84          .0000000E+00
       2        0          0          .0000000E+00
       3        0          0          .0000000E+00
       4        0          0          .0000000E+00
       5        0          0          .0000000E+00
       6        0          0          .0000000E+00
       7        0          0          .0000000E+00
       8        0          0          .0000000E+00
       9        0          0          .0000000E+00
      10        0          0          .0000000E+00
      11        0          0          .0000000E+00
      12        0          0          .0000000E+00
      13        0          0          .0000000E+00
      14        0          0          .0000000E+00
      15        0          0          .0000000E+00
      16        0          0          .0000000E+00
      17        0          0          .0000000E+00
      18        0          0          .0000000E+00
      19        0          0          .0000000E+00
      20        0          0          .0000000E+00
      21        0         22          .0000000E+00
      22        0         21          .1000000E+01
      23        0          0          .1000000E+01
      24        0          0          .1000000E+01
      25        0          0          .1000000E+01
      26        0          0          .1000000E+01
      27        0          0          .1000000E+01
      28        0          0          .1000000E+01
      29        0          0          .1000000E+01
      30        0          0          .1000000E+01
      31        0          0          .1000000E+01
      32        0          0          .1000000E+01
      33        0          0          .1000000E+01
      34        0          0          .1000000E+01
      35        0          0          .1000000E+01
      36        0          0          .1000000E+01
      37        0          0          .1000000E+01
      38        0          0          .1000000E+01
      39        0          0          .1000000E+01
      40        0          0          .1000000E+01
      41        0          0          .1000000E+01
      42        0         43          .1000000E+01
      43        0         42          .0000000E+00
      44        0          0          .0000000E+00
      45        0          0          .0000000E+00
      46        0          0          .0000000E+00
      47        0          0          .0000000E+00
      48        0          0          .0000000E+00
      49        0          0          .0000000E+00
      50        0          0          .0000000E+00
      51        0          0          .0000000E+00
      52        0          0          .0000000E+00
      53        0          0          .0000000E+00
      54        0          0          .0000000E+00
      55        0          0          .0000000E+00
      56        0          0          .0000000E+00
      57        0          0          .0000000E+00
      58        0          0          .0000000E+00
      59        0          0          .0000000E+00
      60        0          0          .0000000E+00
      61        0          0          .0000000E+00
      62        0          0          .0000000E+00
      63        0         64          .0000000E+00
      64        0         63          .0000000E+00
      65        0          0          .0000000E+00
      66        0          0          .0000000E+00
      67        0          0          .0000000E+00
      68        0          0          .0000000E+00
      69        0          0          .0000000E+00
      70        0          0          .0000000E+00
      71        0          0          .0000000E+00
      72        0          0          .0000000E+00
      73        0          0          .0000000E+00
      74        0          0          .0000000E+00
      75        0          0          .0000000E+00
      76        0          0          .0000000E+00
      77        0          0          .0000000E+00
      78        0          0          .0000000E+00
      79        0          0          .0000000E+00
      80        0          0          .0000000E+00
      81        0          0          .0000000E+00
      82        0          0          .0000000E+00
      83        0          0          .0000000E+00
      84        0          1          .0000000E+00


  incidence of geometric nodes

      first node      second node

       1          1       2
       2          2       3
       3          3       4
       4          4       5
       5          5       6
       6          6       7
       7          7       8
       8          8       9
       9          9      10
      10         10      11
      11         11      12
      12         12      13
      13         13      14
      14         14      15
      15         15      16
      16         16      17
      17         17      18
      18         18      19
      19         19      20
      20         20      21
      21         22      23
      22         23      24
      23         24      25
      24         25      26
      25         26      27
      26         27      28
      27         28      29
      28         29      30
      29         30      31
      30         31      32
      31         32      33
      32         33      34
      33         34      35
      34         35      36
      35         36      37
      36         37      38
      37         38      39
      38         39      40
      39         40      41
      40         41      42
      41         43      44
      42         44      45
      43         45      46
      44         46      47
      45         47      48
      46         48      49
      47         49      50
      48         50      51
      49         51      52
      50         52      53
      51         53      54
      52         54      55
      53         55      56
      54         56      57
      55         57      58
      56         58      59
      57         59      60
      58         60      61
      59         61      62
      60         62      63
      61         64      65
      62         65      66
      63         66      67
      64         67      68
      65         68      69
      66         69      70
      67         70      71
      68         71      72
      69         72      73
      70         73      74
      71         74      75
      72         75      76
      73         76      77
      74         77      78
      75         78      79
      76         79      80
      77         80      81
      78         81      82
      79         82      83
      80         83      84
 NOVAS COORDENADAS DOS nos duplos
      .0010      .0000
      .0500      .0000
      .1000      .0000
      .1500      .0000
      .2000      .0000
      .2500      .0000
      .3000      .0000
      .3500      .0000
      .4000      .0000
      .4500      .0000
      .5000      .0000
      .5500      .0000
      .6000      .0000
      .6500      .0000
      .7000      .0000
      .7500      .0000
      .8000      .0000
      .8500      .0000
      .9000      .0000
      .9500      .0000
      .9990      .0000
     1.0000      .0010
     1.0000      .0500
     1.0000      .1000
     1.0000      .1500
     1.0000      .2000
     1.0000      .2500
     1.0000      .3000
     1.0000      .3500
     1.0000      .4000
     1.0000      .4500
     1.0000      .5000
     1.0000      .5500
     1.0000      .6000
     1.0000      .6500
     1.0000      .7000
     1.0000      .7500
     1.0000      .8000
     1.0000      .8500
     1.0000      .9000
     1.0000      .9500
     1.0000      .9990
      .9990     1.0000
      .9500     1.0000
      .9000     1.0000
      .8500     1.0000
      .8000     1.0000
      .7500     1.0000
      .7000     1.0000
      .6500     1.0000
      .6000     1.0000
      .5500     1.0000
      .5000     1.0000
      .4500     1.0000
      .4000     1.0000
      .3500     1.0000
      .3000     1.0000
      .2500     1.0000
      .2000     1.0000
      .1500     1.0000
      .1000     1.0000
      .0500     1.0000
      .0010     1.0000
      .0000      .9990
      .0000      .9500
      .0000      .9000
      .0000      .8500
      .0000      .8000
      .0000      .7500
      .0000      .7000
      .0000      .6500
      .0000      .6000
      .0000      .5500
      .0000      .5000
      .0000      .4500
      .0000      .4000
      .0000      .3500
      .0000      .3000
      .0000      .2500
      .0000      .2000
      .0000      .1500
      .0000      .1000
      .0000      .0500
      .0000      .0010
    .2315
    .2418
    .2517
    .2608
    .2693
    .2769
    .2837
    .2895
    .2944
    .2983
    .3011
    .3026
    .3029
    .3018
    .2991
    .2948
    .2887
    .2807
    .2706
    .2583
    .2440
   -.5063
   -.5058
   -.5053
   -.5048
   -.5043
   -.5038
   -.5033
   -.5029
   -.5026
   -.5022
   -.5019
   -.5017
   -.5015
   -.5013
   -.5012
   -.5012
   -.5012
   -.5013
   -.5014
   -.5016
   -.5019
    .2485
    .2628
    .2750
    .2849
    .2928
    .2987
    .3029
    .3054
    .3063
    .3059
    .3042
    .3012
    .2972
    .2921
    .2860
    .2791
    .2713
    .2627
    .2534
    .2433
    .2328
    .2328
    .2419
    .2504
    .2582
    .2651
    .2711
    .2760
    .2799
    .2827
    .2844
    .2849
    .2842
    .2824
    .2794
    .2754
    .2703
    .2642
    .2571
    .2492
    .2406
    .2314
    .2483
    .2654
    .2807
    .2940
    .3050
    .3137
    .3198
    .3233
    .3244
    .3246
    .3301
    .3829
    .2632
    .2821
    .2993
    .3150
    .3290
    .3414
    .3522
    .3619
    .3718
    .3848
    .4088
    .4594
    .2758
    .2961
    .3152
    .3330
    .3495
    .3650
    .3797
    .3941
    .4093
    .4272
    .4509
    .4810
    .2857
    .3072
    .3276
    .3471
    .3657
    .3836
    .4010
    .4183
    .4359
    .4545
    .4737
    .4909
    .2925
    .3148
    .3363
    .3570
    .3770
    .3964
    .4155
    .4343
    .4528
    .4706
    .4861
    .4960
    .2961
    .3188
    .3408
    .3621
    .3828
    .4030
    .4229
    .4424
    .4612
    .4783
    .4919
    .4985
    .2962
    .3190
    .3410
    .3623
    .3831
    .4033
    .4232
    .4427
    .4615
    .4787
    .4923
    .4990
    .2930
    .3154
    .3369
    .3577
    .3778
    .3973
    .4165
    .4354
    .4540
    .4718
    .4874
    .4973
    .2865
    .3081
    .3287
    .3483
    .3670
    .3851
    .4026
    .4200
    .4378
    .4565
    .4758
    .4930
    .2769
    .2973
    .3165
    .3345
    .3513
    .3670
    .3819
    .3965
    .4118
    .4300
    .4538
    .4840
    .2645
    .2835
    .3010
    .3169
    .3312
    .3438
    .3549
    .3648
    .3749
    .3881
    .4124
    .4631
    .2497
    .2671
    .2827
    .2962
    .3075
    .3165
    .3229
    .3267
    .3281
    .3285
    .3342
    .3871
    .50305
   1.40992
    .84218
   1.08968
    .95797
   1.02170
    .98932
   1.00538
    .99732
   1.00134
    .99933
   1.00034
    .99983
   1.00008
    .99996
   1.00002
    .99999
   1.00001
   1.00000
   1.00000
   1.00000
   1.00000
   1.00000
   1.00000
   1.00000
   1.00000
   1.00000
   1.00000
   1.00000
   1.00000
   1.00000
   1.00000
   1.00000
   1.00000
   1.00000
   1.00000
   1.00000
   1.00000
   1.00000
   1.00000
   1.00000
   1.00000
   1.00000
   1.00000
   1.00000
   1.00000
   1.00000
   1.00000
   1.00000
   1.00000
   1.00000
   1.00000
   1.00000
   1.00000
   1.00000
   1.00000
   1.00000
   1.00000
   1.00000
   1.00000
   1.00000
   1.00000
   1.00000
   1.00000
   1.00000
   1.00000
   1.00000
   1.00000
   1.00000
   1.00000
   1.00000
   1.00000
   1.00000
   1.00000
   1.00000
   1.00000
   1.00000
   1.00000
   1.00000
   1.00000
   1.00000
   1.00000
   1.00000
   1.00000
   1.00000
   1.00000
   1.00000
   1.00000
   1.00000
   1.00000
   1.00000
   1.00000
   1.00000
   1.00000
   1.00000
   1.00000
   1.00000
   1.00000
   1.00000
   1.00000
   1.00000
   1.00000
   1.00000
   1.00000
   1.00000
   1.00000
   1.00000
   1.00000
   1.00000
   1.00000
   1.00000
   1.00000
   1.00000
   1.00000
   1.00000
   1.00000
   1.00000
   1.00000
   1.00000
   1.00000
   1.00000
   1.00000
   1.00000
   1.00000
   1.00000
   1.00000
   1.00000
   1.00000
   1.00000
   1.00000
   1.00000
   1.00000
   1.00000
   1.00000
   1.00000
   1.00000
   1.00000
   1.00000
   1.00000
   1.00000
   1.00000
   1.00000
   1.00000
   1.00000
   1.00000
   1.00000
   1.00000
   1.00000
   1.00000
   1.00000
   1.00000
   1.00000
   1.00000
   1.00000
   1.00000
   1.00000
   1.00000
   1.00000
   1.00000
   1.00000
   1.00000
   1.00000
   1.00000
   1.00000
   1.00000
   1.00000
   1.00000
   1.00000
   1.00000
   1.00000
   1.00000
   1.00000
   1.00000
   1.00000
   1.00000
   1.00000
   1.00000
   1.00000
   1.00000
   1.00000
   1.00000
   1.00000
   1.00000
   1.00000
   1.00000
   1.00000
   1.00000
   1.00000
   1.00000
   1.00000
   1.00000
   1.00000
   1.00000
   1.00000
   1.00000
   1.00000
   1.00000
   1.00000
   1.00000
   1.00000
   1.00000
   1.00000
   1.00000
   1.00000
   1.00000
   1.00000
   1.00000
   1.00000
   1.00000
   1.00000
   1.00000
   1.00000
   1.00000
   1.00000
   1.00000
   1.00000
   1.00000
   1.00000
   1.00000
   1.00000
   1.00000
   1.00000
   1.00000
   1.00000
   1.00000
   1.00000
   1.00000
   1.00000
   1.00000
   1.00000
   1.00000
   1.00000
   1.00000
   1.00000
   1.00000
   1.00000
   1.00000
   1.00000
   1.00000
   1.00000
   1.00000
   1.00000
   1.00000
   1.00000
   1.00000
   1.00000
   1.00000
   1.00000
   1.00000
   1.00000
   1.00000
   1.00000
   1.00000
   1.00000
   1.00000
   1.00000
   1.00000
   1.00000
   1.00000
   1.00000
   1.00000
   1.00000
   1.00000
   1.00000
   1.00000
   1.00000
   1.00000
   1.00000
   1.00000
   1.00000
   1.00000
   1.00000
   1.00000
   1.00000
   1.00000



           - AUTOVALORES - 
          REAL     IMAGINARIO
           1        3.951651896208899       -1.942738899318860
           2        3.951651896208899        1.942738899318860
           3        4.160621720850006       -1.442787917991782
           4        4.160621720850006        1.442787917991782
           5        4.288162858840106  -9.245383039689715E-001
           6        4.288162858840106   9.245383039689715E-001
           7        3.655531964550524       -2.413054156696738
           8        3.655531964550524        2.413054156696738
           9        4.329839659854324  -4.009595605125483E-001
          10        4.329839659854324   4.009595605125483E-001
          11        3.836212751731902       -1.991925936966010
          12        3.836212751731902        1.991925936966010
          13        4.040651959808705       -1.493084035631407
          14        4.040651959808705        1.493084035631407
          15        4.275176173083054  -9.713949464124028E-002
          16        4.275176173083054   9.713949464124028E-002
          17        4.148912031450376  -9.805630304933625E-001
          18        4.148912031450376   9.805630304933625E-001
          19        3.550015082671491       -2.455747550580294
          20        3.550015082671491        2.455747550580294
          21        4.167156006306977  -5.143897970110002E-001
          22        4.167156006306977   5.143897970110002E-001
          23        3.264613398365524       -2.817173013113159
          24        3.264613398365524        2.817173013113159
          25        3.192833826730725       -2.871372610359721
          26        3.192833826730725        2.871372610359721
          27        2.775136189971311       -3.227735632852761
          28        2.775136189971311        3.227735632852761
          29        2.821158390407276       -3.118012667027782
          30        2.821158390407276        3.118012667027782
          31        2.308943335990080       -3.515809841310269
          32        2.308943335990080        3.515809841310269
          33        1.807133753226986       -3.729236333517603
          34        1.807133753226986        3.729236333517603
          35        2.361665027043525       -3.326763932073803
          36        2.361665027043525        3.326763932073803
          37        1.287640678268551       -3.867348130232461
          38        1.287640678268551        3.867348130232461
          39        1.900979729544879       -3.449985854672152
          40        1.900979729544879        3.449985854672152
          41   9.914860659602713E-001       -3.837383816222057
          42   9.914860659602713E-001        3.837383816222057
          43   7.463311826606398E-001       -3.875572385361687
          44   7.463311826606398E-001        3.875572385361687
          45        3.450420489713018   0.000000000000000E+000
          46        1.462928754074746       -3.489813920454497
          47        1.462928754074746        3.489813920454497
          48   2.366450890096201E-001       -3.835411558360496
          49   2.366450890096201E-001        3.835411558360496
          50       -3.440889247853137       -2.299692349446158
          51       -3.440889247853137        2.299692349446158
          52        1.080532397389265       -3.481628368208660
          53        1.080532397389265        3.481628368208660
          54  -2.015915934325430E-001       -3.726316755430372
          55  -2.015915934325430E-001        3.726316755430372
          56  -6.491123882250851E-001       -3.689977892437478
          57  -6.491123882250851E-001        3.689977892437478
          58       -1.143310173471841       -3.575425248755928
          59       -1.143310173471841        3.575425248755928
          60   6.915404908258069E-001       -3.548190127920488
          61   6.915404908258069E-001        3.548190127920488
          62       -1.623729591889944       -3.365689211980452
          63       -1.623729591889944        3.365689211980452
          64       -2.065521281917123       -3.076208619701180
          65       -2.065521281917123        3.076208619701180
          66   2.672257305545639E-001       -3.518787109934352
          67   2.672257305545639E-001        3.518787109934352
          68       -2.454941837529964       -2.719969285292684
          69       -2.454941837529964        2.719969285292684
          70       -2.783875314827164       -2.312282582628885
          71       -2.783875314827164        2.312282582628885
          72  -1.347306459507607E-001       -3.411452941181944
          73  -1.347306459507607E-001        3.411452941181944
          74       -3.056690936121232       -1.854208904371570
          75       -3.056690936121232        1.854208904371570
          76        2.914293285971268   0.000000000000000E+000
          77        2.697201888281960       -1.104208971248543
          78        2.697201888281960        1.104208971248543
          79        2.847198723131649  -4.940083395775453E-001
          80        2.847198723131649   4.940083395775453E-001
          81        2.518147685529907       -1.501751035742858
          82        2.518147685529907        1.501751035742858
          83        2.700784772916959  -9.058528163588996E-001
          84        2.700784772916959   9.058528163588996E-001
          85        2.816466883212526  -2.779196695879829E-001
          86        2.816466883212526   2.779196695879829E-001
          87        2.267395998742111       -1.865949546472212
          88        2.267395998742111        1.865949546472212
          89        2.507171630795822       -1.263959067302684
          90        2.507171630795822        1.263959067302684
          91        2.731098433653206   0.000000000000000E+000
          92  -5.004519442450907E-001       -3.237743580989300
          93  -5.004519442450907E-001        3.237743580989300
          94        1.954928076510909       -2.180812578246413
          95        1.954928076510909        2.180812578246413
          96       -3.239680903411463       -1.350907580265996
          97       -3.239680903411463        1.350907580265996
          98        2.277911020190888       -1.563632521204434
          99        2.277911020190888        1.563632521204434
         100  -9.849157188897614E-001       -3.062232098799541
         101  -9.849157188897614E-001        3.062232098799541
         102  -4.708955819478453E-001       -3.124876120504366
         103  -4.708955819478453E-001        3.124876120504366
         104   2.492363846992474E-002       -3.095036023423730
         105   2.492363846992474E-002        3.095036023423730
         106        1.593474623347388       -2.421448449717977
         107        1.593474623347388        2.421448449717977
         108   4.913336852375541E-001       -2.984593838472701
         109   4.913336852375541E-001        2.984593838472701
         110       -1.495964950723195       -2.883876375086478
         111       -1.495964950723195        2.883876375086478
         112        2.055870711221447       -1.806486306804099
         113        2.055870711221447        1.806486306804099
         114        1.822758218789982       -2.095390632381159
         115        1.822758218789982        2.095390632381159
         116   9.080112677326535E-001       -2.794246886327414
         117   9.080112677326535E-001        2.794246886327414
         118        1.520227878435117       -2.368193789631672
         119        1.520227878435117        2.368193789631672
         120        1.233415940055846       -2.572586588483991
         121        1.233415940055846        2.572586588483991
         122        1.166478415851013       -2.591881783317554
         123        1.166478415851013        2.591881783317554
         124  -8.215883865882658E-001       -3.006828637588229
         125  -8.215883865882658E-001        3.006828637588229
         126       -1.946472243462947       -2.604469683096425
         127       -1.946472243462947        2.604469683096425
         128   7.640907736075497E-001       -2.748135061740654
         129   7.640907736075497E-001        2.748135061740654
         130       -3.333449359605210  -8.350128968191600E-001
         131       -3.333449359605210   8.350128968191600E-001
         132       -2.326483107337729       -2.262377005452889
         133       -2.326483107337729        2.262377005452889
         134   3.458742829156087E-001       -2.824045288593859
         135   3.458742829156087E-001        2.824045288593859
         136       -2.639700039632586       -1.874968528252966
         137       -2.639700039632586        1.874968528252966
         138       -3.337959335136921  -3.199872647784945E-001
         139       -3.337959335136921   3.199872647784945E-001
         140  -6.561452675430579E-002       -2.828183438226083
         141  -6.561452675430579E-002        2.828183438226083
         142       -2.883004488273282       -1.444320373832793
         143       -2.883004488273282        1.444320373832793
         144        2.203890249798371  -6.893668080680068E-001
         145        2.203890249798371   6.893668080680068E-001
         146        2.256475859505787  -3.255839108866757E-001
         147        2.256475859505787   3.255839108866757E-001
         148        2.073764839414907       -1.035732989799204
         149        2.073764839414907        1.035732989799204
         150       -3.248467890791577  -1.700676096286546E-001
         151       -3.248467890791577   1.700676096286546E-001
         152  -4.608023585162784E-001       -2.774631049046274
         153  -4.608023585162784E-001        2.774631049046274
         154       -3.029053715357134  -9.892899961851785E-001
         155       -3.029053715357134   9.892899961851785E-001
         156        2.228654816193202   0.000000000000000E+000
         157        1.882345007229935       -1.350202542884373
         158        1.882345007229935        1.350202542884373
         159       -3.093639577562779  -5.838222917962199E-001
         160       -3.093639577562779   5.838222917962199E-001
         161  -8.379874873430340E-001       -2.672220200757101
         162  -8.379874873430340E-001        2.672220200757101
         163        1.639918015604585       -1.623598867413848
         164        1.639918015604585        1.623598867413848
         165       -1.186408758975591       -2.528303341029431
         166       -1.186408758975591        2.528303341029431
         167        1.355578590723863       -1.848096916374079
         168        1.355578590723863        1.848096916374079
         169       -1.279011452559038       -2.415159327746473
         170       -1.279011452559038        2.415159327746473
         171       -1.471890552353631       -2.297595564067348
         172       -1.471890552353631        2.297595564067348
         173        1.038803526977227       -2.016650975231401
         174        1.038803526977227        2.016650975231401
         175       -1.681369161312206       -2.026148504543636
         176       -1.681369161312206        2.026148504543636
         177       -1.450192430763201       -2.088397047059269
         178       -1.450192430763201        2.088397047059269
         179   7.001991740896085E-001       -2.122770682128643
         180   7.001991740896085E-001        2.122770682128643
         181       -1.820201513306357       -1.795996091818013
         182       -1.820201513306357        1.795996091818013
         183   3.521901976675986E-001       -2.159775132067218
         184   3.521901976675986E-001        2.159775132067218
         185       -2.000215971701608       -1.531527922417318
         186       -2.000215971701608        1.531527922417318
         187   8.639003444216420E-003       -2.117606223934249
         188   8.639003444216420E-003        2.117606223934249
         189        1.817240776204928  -4.517723010480106E-001
         190        1.817240776204928   4.517723010480106E-001
         191        1.737369507256337  -6.993456243799144E-001
         192        1.737369507256337   6.993456243799144E-001
         193        1.617738693564408  -9.196902424902080E-001
         194        1.617738693564408   9.196902424902080E-001
         195        1.839170996662587  -1.974490357785273E-001
         196        1.839170996662587   1.974490357785273E-001
         197        1.825450303307187   0.000000000000000E+000
         198        1.471447002540740       -1.108289070900232
         199        1.471447002540740        1.108289070900232
         200        1.316531789557006       -1.267977341497896
         201        1.316531789557006        1.267977341497896
         202        1.749506398078051  -1.616006688034872E-001
         203        1.749506398078051   1.616006688034872E-001
         204        1.522639794813605  -8.347799952480469E-001
         205        1.522639794813605   8.347799952480469E-001
         206        1.664478281022252  -4.041637620182711E-001
         207        1.664478281022252   4.041637620182711E-001
         208        1.681249360270767   0.000000000000000E+000
         209        1.668922995121173  -2.152133941030283E-001
         210        1.668922995121173   2.152133941030283E-001
         211        1.638042903670603  -4.332712568389125E-001
         212        1.638042903670603   4.332712568389125E-001
         213        1.598309247504151  -6.155663170842193E-001
         214        1.598309247504151   6.155663170842193E-001
         215        1.416101844138513       -1.046370520685462
         216        1.416101844138513        1.046370520685462
         217        1.555687245464399  -6.628106782426676E-001
         218        1.555687245464399   6.628106782426676E-001
         219        1.630518612446997  -1.142818928038939E-001
         220        1.630518612446997   1.142818928038939E-001
         221        1.600713137949005  -3.418670453206616E-001
         222        1.600713137949005   3.418670453206616E-001
         223        1.149990066401158       -1.419889125211972
         224        1.149990066401158        1.419889125211972
         225        1.269966972979862       -1.243511022065373
         226        1.269966972979862        1.243511022065373
         227        1.537213357578113  -5.587042536635286E-001
         228        1.537213357578113   5.587042536635286E-001
         229        1.426977882287515  -8.765630652705416E-001
         230        1.426977882287515   8.765630652705416E-001
         231        1.448601790142086  -7.521769933625122E-001
         232        1.448601790142086   7.521769933625122E-001
         233        1.089851933692305       -1.402043413698318
         234        1.089851933692305        1.402043413698318
         235        1.345564899378692  -9.253964214216982E-001
         236        1.345564899378692   9.253964214216982E-001
         237        1.265795834106710       -1.076684890756300
         238        1.265795834106710        1.076684890756300
         239   9.561380220741118E-001       -1.550912659173455
         240   9.561380220741118E-001        1.550912659173455
         241       -2.114288839310123       -1.207711612409972
         242       -2.114288839310123        1.207711612409972
         243       -1.543612397719624       -1.730980610086372
         244       -1.543612397719624        1.730980610086372
         245        1.098663833953998       -1.256464777274473
         246        1.098663833953998        1.256464777274473
         247   8.957871819724903E-001       -1.526685661324716
         248   8.957871819724903E-001        1.526685661324716
         249   7.462372499356762E-001       -1.648974559555926
         250   7.462372499356762E-001        1.648974559555926
         251  -3.625680598969919E-001       -2.005684034184990
         252  -3.625680598969919E-001        2.005684034184990
         253        1.066047945543696       -1.233511136534781
         254        1.066047945543696        1.233511136534781
         255   9.294683673589328E-001       -1.392440180192881
         256   9.294683673589328E-001        1.392440180192881
         257   6.880073645888898E-001       -1.619652306615237
         258   6.880073645888898E-001        1.619652306615237
         259   5.373789537156698E-001       -1.713385988518684
         260   5.373789537156698E-001        1.713385988518684
         261   7.499164186799943E-001       -1.505268304483600
         262   7.499164186799943E-001        1.505268304483600
         263   8.634296125103019E-001       -1.377768339442567
         264   8.634296125103019E-001        1.377768339442567
         265  -6.542782266517113E-001       -1.934133703953314
         266  -6.542782266517113E-001        1.934133703953314
         267   3.534537364531842E-001       -1.765775885245070
         268   3.534537364531842E-001        1.765775885245070
         269   4.750471033124931E-001       -1.680263100118117
         270   4.750471033124931E-001        1.680263100118117
         271   5.586134934677932E-001       -1.594271202266298
         272   5.586134934677932E-001        1.594271202266298
         273   1.487859001956137E-001       -1.804708815991098
         274   1.487859001956137E-001        1.804708815991098
         275   6.361247880601496E-001       -1.496636987999340
         276   6.361247880601496E-001        1.496636987999340
         277   2.520802269207412E-001       -1.718412738875634
         278   2.520802269207412E-001        1.718412738875634
         279   3.585733210241492E-001       -1.657688791798192
         280   3.585733210241492E-001        1.657688791798192
         281  -9.469351816862061E-001       -1.841273741566281
         282  -9.469351816862061E-001        1.841273741566281
         283  -6.965905422745888E-002       -1.815575466310878
         284  -6.965905422745888E-002        1.815575466310878
         285   3.885239171649880E-001       -1.585936452746891
         286   3.885239171649880E-001        1.585936452746891
         287   1.491158437008076E-001       -1.696646644490498
         288   1.491158437008076E-001        1.696646644490498
         289  -2.931564261771300E-001       -1.797230836785429
         290  -2.931564261771300E-001        1.797230836785429
         291   2.402072721722681E-002       -1.705652273615638
         292   2.402072721722681E-002        1.705652273615638
         293   1.308100848189569E-001       -1.644853929878016
         294   1.308100848189569E-001        1.644853929878016
         295  -7.661474287083703E-002       -1.714880949845385
         296  -7.661474287083703E-002        1.714880949845385
         297       -1.241964275064077       -1.685242577297485
         298       -1.241964275064077        1.685242577297485
         299  -1.317722322379339E-001       -1.690053488572333
         300  -1.317722322379339E-001        1.690053488572333
         301  -5.164163462866029E-001       -1.746154354642231
         302  -5.164163462866029E-001        1.746154354642231
         303       -2.127075538390984  -8.644756329192662E-001
         304       -2.127075538390984   8.644756329192662E-001
         305  -1.782817649748127E-001       -1.641893205934337
         306  -1.782817649748127E-001        1.641893205934337
         307  -3.158378590455850E-001       -1.668043435139412
         308  -3.158378590455850E-001        1.668043435139412
         309       -1.503427250275183       -1.465621174396049
         310       -1.503427250275183        1.465621174396049
         311  -3.885799949172833E-001       -1.649936534811287
         312  -3.885799949172833E-001        1.649936534811287
         313  -7.301486680065625E-001       -1.662917679858014
         314  -7.301486680065625E-001        1.662917679858014
         315  -3.701072477782562E-001       -1.592913618011300
         316  -3.701072477782562E-001        1.592913618011300
         317  -5.273544645529301E-001       -1.596263737126382
         318  -5.273544645529301E-001        1.596263737126382
         319   2.394541380795019E-001       -1.294743340216028
         320   2.394541380795019E-001        1.294743340216028
         321   3.807938809362002E-001       -1.213240261980165
         322   3.807938809362002E-001        1.213240261980165
         323   5.008672483463345E-001       -1.118346628893065
         324   5.008672483463345E-001        1.118346628893065
         325   6.036549528210305E-001       -1.015152321216551
         326   6.036549528210305E-001        1.015152321216551
         327   7.950950019247544E-002       -1.355180121611092
         328   7.950950019247544E-002        1.355180121611092
         329       -1.558557087558475       -1.341798512728074
         330       -1.558557087558475        1.341798512728074
         331  -9.300562072975538E-002       -1.390216274824238
         332  -9.300562072975538E-002        1.390216274824238
         333  -6.365447918827230E-001       -1.556150693259088
         334  -6.365447918827230E-001        1.556150693259088
         335       -1.715951905890865       -1.186730124399212
         336       -1.715951905890865        1.186730124399212
         337  -2.724767604297473E-001       -1.396538799974489
         338  -2.724767604297473E-001        1.396538799974489
         339  -7.402853551287510E-001       -1.506074162436028
         340  -7.402853551287510E-001        1.506074162436028
         341  -6.959467503661820E-001       -1.494255399181557
         342  -6.959467503661820E-001        1.494255399181557
         343  -4.459371086678484E-001       -1.370089797591418
         344  -4.459371086678484E-001        1.370089797591418
         345  -8.195130508027821E-001       -1.451551263647660
         346  -8.195130508027821E-001        1.451551263647660
         347       -1.110784744447334       -1.415078051858644
         348       -1.110784744447334        1.415078051858644
         349  -9.739391167087710E-001       -1.411313251231294
         350  -9.739391167087710E-001        1.411313251231294
         351  -8.650092352002344E-001       -1.410405283481852
         352  -8.650092352002344E-001        1.410405283481852
         353       -1.857894443356395  -8.660466746277963E-001
         354       -1.857894443356395   8.660466746277963E-001
         355       -2.016823295265532  -5.739159175489222E-001
         356       -2.016823295265532   5.739159175489222E-001
         357  -5.940019535936518E-001       -1.338794972953553
         358  -5.940019535936518E-001        1.338794972953553
         359  -9.601807956262708E-001       -1.329707429164454
         360  -9.601807956262708E-001        1.329707429164454
         361  -7.612799733397486E-001       -1.290720791613367
         362  -7.612799733397486E-001        1.290720791613367
         363       -1.268321283447165       -1.253177465566823
         364       -1.268321283447165        1.253177465566823
         365       -1.169546791074662       -1.266047067506328
         366       -1.169546791074662        1.266047067506328
         367       -1.042757330658107       -1.289106601125268
         368       -1.042757330658107        1.289106601125268
         369       -1.105724935858505       -1.228040985409012
         370       -1.105724935858505        1.228040985409012
         371  -9.406729597344965E-001       -1.213757376519351
         372  -9.406729597344965E-001        1.213757376519351
         373       -1.965943941788627  -2.549371407281025E-001
         374       -1.965943941788627   2.549371407281025E-001
         375       -1.881568405701743  -5.328119241144970E-001
         376       -1.881568405701743   5.328119241144970E-001
         377       -1.400372563753847       -1.080381052823889
         378       -1.400372563753847        1.080381052823889
         379       -1.294878393744501       -1.109195924360234
         380       -1.294878393744501        1.109195924360234
         381       -1.471656154266680  -9.929625208703055E-001
         382       -1.471656154266680   9.929625208703055E-001
         383       -1.273633974620380       -1.101331912903254
         384       -1.273633974620380        1.101331912903254
         385       -1.189975575905728       -1.121295331513480
         386       -1.189975575905728        1.121295331513480
         387       -1.100169645264548       -1.115325265765728
         388       -1.100169645264548        1.115325265765728
         389       -1.607986763801974  -8.367267750382416E-001
         390       -1.607986763801974   8.367267750382416E-001
         391       -1.509083802776737  -8.881485817477591E-001
         392       -1.509083802776737   8.881485817477591E-001
         393       -1.269001840799942       -1.000476199312277
         394       -1.269001840799942        1.000476199312277
         395       -1.275889448120888  -9.724185369766153E-001
         396       -1.275889448120888   9.724185369766153E-001
         397       -1.462468024753816  -8.616624174033361E-001
         398       -1.462468024753816   8.616624174033361E-001
         399       -1.685391525622243  -6.311645238651951E-001
         400       -1.685391525622243   6.311645238651951E-001
         401       -1.357609299144039  -8.810310520812933E-001
         402       -1.357609299144039   8.810310520812933E-001
         403       -1.783829872106075  -4.556564416046962E-001
         404       -1.783829872106075   4.556564416046962E-001
         405       -1.539736497627579  -7.449713191400603E-001
         406       -1.539736497627579   7.449713191400603E-001
         407       -1.354087053937629  -8.471304357666453E-001
         408       -1.354087053937629   8.471304357666453E-001
         409       -1.797185684733599  -3.809288043996710E-001
         410       -1.797185684733599   3.809288043996710E-001
         411       -1.567913108753822  -6.849874680149305E-001
         412       -1.567913108753822   6.849874680149305E-001
         413       -1.748433912254042  -4.240139686393313E-001
         414       -1.748433912254042   4.240139686393313E-001
         415       -1.420248987672553  -7.486209381741288E-001
         416       -1.420248987672553   7.486209381741288E-001
         417       -1.818942046416359   0.000000000000000E+000
         418       -1.797092668581393  -1.725241971383140E-001
         419       -1.797092668581393   1.725241971383140E-001
         420       -1.631481120189250  -5.204130407352799E-001
         421       -1.631481120189250   5.204130407352799E-001
         422       -1.606514751153517  -5.119759075068008E-001
         423       -1.606514751153517   5.119759075068008E-001
         424       -1.716721500172311  -3.405487541736804E-001
         425       -1.716721500172311   3.405487541736804E-001
         426       -1.750946541641709   0.000000000000000E+000
         427       -1.725230419744589  -1.571448651904890E-001
         428       -1.725230419744589   1.571448651904890E-001
         429       -1.730062898354656  -1.259875812503176E-001
         430       -1.730062898354656   1.259875812503176E-001
         431       -1.689431748957034  -3.099171282404218E-001
         432       -1.689431748957034   3.099171282404218E-001
         433       -1.670174261465832  -3.251073544094092E-001
         434       -1.670174261465832   3.251073544094092E-001
         435       -1.472543058691153  -6.346314375818103E-001
         436       -1.472543058691153   6.346314375818103E-001
         437       -1.677343942901417  -2.246785705665221E-001
         438       -1.677343942901417   2.246785705665221E-001
         439       -1.512379856246508  -5.205751720916731E-001
         440       -1.512379856246508   5.205751720916731E-001
         441       -1.377515448821448  -6.606150627456179E-001
         442       -1.377515448821448   6.606150627456179E-001
         443       -1.671325403871699  -4.435262527196397E-002
         444       -1.671325403871699   4.435262527196397E-002
         445       -1.661561012576398   0.000000000000000E+000
         446       -1.645781365002492  -1.087768918978493E-001
         447       -1.645781365002492   1.087768918978493E-001
         448       -1.537772511811582  -4.068439334511515E-001
         449       -1.537772511811582   4.068439334511515E-001
         450       -1.559243450764939  -2.985840364195386E-001
         451       -1.559243450764939   2.985840364195386E-001
         452       -1.488169323435402  -4.457786619118801E-001
         453       -1.488169323435402   4.457786619118801E-001
         454       -1.596184088133682  -2.833062629222365E-002
         455       -1.596184088133682   2.833062629222365E-002
         456       -1.577590442013956  -1.048506681065402E-001
         457       -1.577590442013956   1.048506681065402E-001
         458       -1.548580275534713  -9.930316282653046E-002
         459       -1.548580275534713   9.930316282653046E-002
         460       -1.529086300894409  -1.384452235583955E-001
         461       -1.529086300894409   1.384452235583955E-001
         462       -1.456905978095448  -3.544434435910644E-001
         463       -1.456905978095448   3.544434435910644E-001
         464       -1.002792677423778       -1.019079848276568
         465       -1.002792677423778        1.019079848276568
         466  -9.249768278820146E-001       -1.059134350580266
         467  -9.249768278820146E-001        1.059134350580266
         468  -8.993135752762574E-001       -1.051252553696737
         469  -8.993135752762574E-001        1.051252553696737
         470  -8.949858459425606E-001       -1.026166133853715
         471  -8.949858459425606E-001        1.026166133853715
         472  -9.037310981290330E-001  -9.918998966306155E-001
         473  -9.037310981290330E-001   9.918998966306155E-001
         474  -9.215915578325200E-001  -9.505635912062849E-001
         475  -9.215915578325200E-001   9.505635912062849E-001
         476       -1.375230695886328  -1.918069928893737E-001
         477       -1.375230695886328   1.918069928893737E-001
         478  -9.457812020449665E-001  -9.034573438265986E-001
         479  -9.457812020449665E-001   9.034573438265986E-001
         480  -9.750380479198429E-001  -8.526043657009326E-001
         481  -9.750380479198429E-001   8.526043657009326E-001
         482       -1.006490099226525  -8.009255064740898E-001
         483       -1.006490099226525   8.009255064740898E-001
         484       -1.032578414663074  -7.423989054593744E-001
         485       -1.032578414663074   7.423989054593744E-001
         486       -1.061215519409239  -6.662301936202444E-001
         487       -1.061215519409239   6.662301936202444E-001
         488       -1.235958862039710  -3.395900758943650E-001
         489       -1.235958862039710   3.395900758943650E-001
         490       -1.100503939335271  -5.744935179576560E-001
         491       -1.100503939335271   5.744935179576560E-001
         492       -1.154634293764211  -4.669013542539868E-001
         493       -1.154634293764211   4.669013542539868E-001
         494   6.910395997060677E-001  -9.013007739328165E-001
         495   6.910395997060677E-001   9.013007739328165E-001
         496   7.581748512855291E-001  -7.770458716331832E-001
         497   7.581748512855291E-001   7.770458716331832E-001
         498       -1.100662531681425   0.000000000000000E+000
         499   8.012313058187786E-001  -6.484021399151496E-001
         500   8.012313058187786E-001   6.484021399151496E-001
         501   8.200242391543551E-001  -5.234003692284761E-001
         502   8.200242391543551E-001   5.234003692284761E-001
         503  -8.052624830023146E-001   0.000000000000000E+000
         504  -7.753464415229285E-001  -1.045007090157796E-001
         505  -7.753464415229285E-001   1.045007090157796E-001
         506  -7.180141676106837E-001  -2.082564021852720E-001
         507  -7.180141676106837E-001   2.082564021852720E-001
         508  -6.477737615558299E-001  -2.952070882219094E-001
         509  -6.477737615558299E-001   2.952070882219094E-001
         510  -5.699256715000525E-001  -3.619673856334634E-001
         511  -5.699256715000525E-001   3.619673856334634E-001
         512   8.186893014817988E-001  -4.100505604715843E-001
         513   8.186893014817988E-001   4.100505604715843E-001
         514  -4.913468567344134E-001  -4.097468332539460E-001
         515  -4.913468567344134E-001   4.097468332539460E-001
         516   8.068806285492731E-001  -3.149748680679190E-001
         517   8.068806285492731E-001   3.149748680679190E-001
         518  -4.160582011094977E-001  -4.427183736703535E-001
         519  -4.160582011094977E-001   4.427183736703535E-001
         520   7.916691355713167E-001  -2.302525222212199E-001
         521   7.916691355713167E-001   2.302525222212199E-001
         522  -3.453930406293095E-001  -4.645429440466313E-001
         523  -3.453930406293095E-001   4.645429440466313E-001
         524   7.731819431402385E-001  -1.521251775807434E-001
         525   7.731819431402385E-001   1.521251775807434E-001
         526  -2.796608129840208E-001  -4.779813564715484E-001
         527  -2.796608129840208E-001   4.779813564715484E-001
         528   7.512491003182867E-001  -8.067128423156170E-002
         529   7.512491003182867E-001   8.067128423156170E-002
         530  -2.185833517735652E-001  -4.851044955171447E-001
         531  -2.185833517735652E-001   4.851044955171447E-001
         532   7.232720272886678E-001  -1.619828504549203E-002
         533   7.232720272886678E-001   1.619828504549203E-002
         534  -1.616343206470790E-001  -4.873150472634347E-001
         535  -1.616343206470790E-001   4.873150472634347E-001
         536  -1.082977976549315E-001  -4.855448028024374E-001
         537  -1.082977976549315E-001   4.855448028024374E-001
         538   6.326665912659260E-001   0.000000000000000E+000
         539  -5.811539625929671E-002  -4.804520737079197E-001
         540  -5.811539625929671E-002   4.804520737079197E-001
         541   5.432255174130918E-001   0.000000000000000E+000
         542   5.040873267367512E-001   0.000000000000000E+000
         543   4.922685169520696E-001  -5.050419625965416E-002
         544   4.922685169520696E-001   5.050419625965416E-002
         545   4.734872219033457E-001  -9.496804650835150E-002
         546   4.734872219033457E-001   9.496804650835150E-002
         547   4.521845571195584E-001  -1.365721362569602E-001
         548   4.521845571195584E-001   1.365721362569602E-001
         549   4.287186195116707E-001  -1.754517217751630E-001
         550   4.287186195116707E-001   1.754517217751630E-001
         551   4.031885627090281E-001  -2.116856723764918E-001
         552   4.031885627090281E-001   2.116856723764918E-001
         553   3.756269193771368E-001  -2.452901217614191E-001
         554   3.756269193771368E-001   2.452901217614191E-001
         555   3.459914764049007E-001  -2.761443153121193E-001
         556   3.459914764049007E-001   2.761443153121193E-001
         557   3.141486243026428E-001  -3.037752804255153E-001
         558   3.141486243026428E-001   3.037752804255153E-001
         559   2.802279430105781E-001  -3.262593792165480E-001
         560   2.802279430105781E-001   3.262593792165480E-001
         561   2.521932825626237E-001  -3.416010852673061E-001
         562   2.521932825626237E-001   3.416010852673061E-001
         563   2.280900413208376E-001  -3.664601066540878E-001
         564   2.280900413208376E-001   3.664601066540878E-001
         565   1.951876280249085E-001  -3.919767623547852E-001
         566   1.951876280249085E-001   3.919767623547852E-001
         567   1.583743929295417E-001  -4.139894643843732E-001
         568   1.583743929295417E-001   4.139894643843732E-001
         569  -1.064673786352544E-002  -4.724984926696605E-001
         570  -1.064673786352544E-002   4.724984926696605E-001
         571   1.190682023150219E-001  -4.328433760465593E-001
         572   1.190682023150219E-001   4.328433760465593E-001
         573   7.773523048337477E-002  -4.487591374410477E-001
         574   7.773523048337477E-002   4.487591374410477E-001
         575   3.453101571941319E-002  -4.619294821369895E-001
         576   3.453101571941319E-002   4.619294821369895E-001



           - AUTOVALORES DIFERENTES E REAIS e positivos - 
          REAL
           1   5.040873267367512E-001
           2   5.432255174130918E-001
           3   6.326665912659260E-001
           4        1.681249360270767
           5        1.825450303307187
           6        2.228654816193202
           7        2.731098433653206
           8        2.914293285971268
           9        3.450420489713018
