 ************************************************************************************************************************
                         Exem


data

  number of boundary elements= 32

  number of functional nodes= 36

  number of internal source points where the funct. is calculated= 64




  coordinates of the source points of the boundary el ements

    point          x                  y
        1       .0000000E+00       .0000000E+00
        2       .1250000E+00       .0000000E+00
        3       .2500000E+00       .0000000E+00
        4       .3750000E+00       .0000000E+00
        5       .5000000E+00       .0000000E+00
        6       .6250000E+00       .0000000E+00
        7       .7500000E+00       .0000000E+00
        8       .8750000E+00       .0000000E+00
        9       .1000000E+01       .0000000E+00
       10       .1000000E+01       .0000000E+00
       11       .1000000E+01       .1250000E+00
       12       .1000000E+01       .2500000E+00
       13       .1000000E+01       .3750000E+00
       14       .1000000E+01       .5000000E+00
       15       .1000000E+01       .6250000E+00
       16       .1000000E+01       .7500000E+00
       17       .1000000E+01       .8750000E+00
       18       .1000000E+01       .1000000E+01
       19       .1000000E+01       .1000000E+01
       20       .8750000E+00       .1000000E+01
       21       .7500000E+00       .1000000E+01
       22       .6250000E+00       .1000000E+01
       23       .5000000E+00       .1000000E+01
       24       .3750000E+00       .1000000E+01
       25       .2500000E+00       .1000000E+01
       26       .1250000E+00       .1000000E+01
       27       .0000000E+00       .1000000E+01
       28       .0000000E+00       .1000000E+01
       29       .0000000E+00       .8750000E+00
       30       .0000000E+00       .7500000E+00
       31       .0000000E+00       .6250000E+00
       32       .0000000E+00       .5000000E+00
       33       .0000000E+00       .3750000E+00
       34       .0000000E+00       .2500000E+00
       35       .0000000E+00       .1250000E+00
       36       .0000000E+00       .0000000E+00
       37       .6250000E-01       .6250000E-01
       38       .1875000E+00       .6250000E-01
       39       .3125000E+00       .6250000E-01
       40       .4375000E+00       .6250000E-01
       41       .5625000E+00       .6250000E-01
       42       .6875000E+00       .6250000E-01
       43       .8125000E+00       .6250000E-01
       44       .9375000E+00       .6250000E-01
       45       .6250000E-01       .1875000E+00
       46       .1875000E+00       .1875000E+00
       47       .3125000E+00       .1875000E+00
       48       .4375000E+00       .1875000E+00
       49       .5625000E+00       .1875000E+00
       50       .6875000E+00       .1875000E+00
       51       .8125000E+00       .1875000E+00
       52       .9375000E+00       .1875000E+00
       53       .6250000E-01       .3125000E+00
       54       .1875000E+00       .3125000E+00
       55       .3125000E+00       .3125000E+00
       56       .4375000E+00       .3125000E+00
       57       .5625000E+00       .3125000E+00
       58       .6875000E+00       .3125000E+00
       59       .8125000E+00       .3125000E+00
       60       .9375000E+00       .3125000E+00
       61       .6250000E-01       .4375000E+00
       62       .1875000E+00       .4375000E+00
       63       .3125000E+00       .4375000E+00
       64       .4375000E+00       .4375000E+00
       65       .5625000E+00       .4375000E+00
       66       .6875000E+00       .4375000E+00
       67       .8125000E+00       .4375000E+00
       68       .9375000E+00       .4375000E+00
       69       .6250000E-01       .5625000E+00
       70       .1875000E+00       .5625000E+00
       71       .3125000E+00       .5625000E+00
       72       .4375000E+00       .5625000E+00
       73       .5625000E+00       .5625000E+00
       74       .6875000E+00       .5625000E+00
       75       .8125000E+00       .5625000E+00
       76       .9375000E+00       .5625000E+00
       77       .6250000E-01       .6875000E+00
       78       .1875000E+00       .6875000E+00
       79       .3125000E+00       .6875000E+00
       80       .4375000E+00       .6875000E+00
       81       .5625000E+00       .6875000E+00
       82       .6875000E+00       .6875000E+00
       83       .8125000E+00       .6875000E+00
       84       .9375000E+00       .6875000E+00
       85       .6250000E-01       .8125000E+00
       86       .1875000E+00       .8125000E+00
       87       .3125000E+00       .8125000E+00
       88       .4375000E+00       .8125000E+00
       89       .5625000E+00       .8125000E+00
       90       .6875000E+00       .8125000E+00
       91       .8125000E+00       .8125000E+00
       92       .9375000E+00       .8125000E+00
       93       .6250000E-01       .9375000E+00
       94       .1875000E+00       .9375000E+00
       95       .3125000E+00       .9375000E+00
       96       .4375000E+00       .9375000E+00
       97       .5625000E+00       .9375000E+00
       98       .6875000E+00       .9375000E+00
       99       .8125000E+00       .9375000E+00
      100       .9375000E+00       .9375000E+00


  boundary conditions

     node      code     prescribed value
       1        0         36          .0000000E+00
       2        0          0          .0000000E+00
       3        0          0          .0000000E+00
       4        0          0          .0000000E+00
       5        0          0          .0000000E+00
       6        0          0          .0000000E+00
       7        0          0          .0000000E+00
       8        0          0          .0000000E+00
       9        0         10          .0000000E+00
      10        0          9          .0000000E+00
      11        0          0          .0000000E+00
      12        0          0          .0000000E+00
      13        0          0          .0000000E+00
      14        0          0          .0000000E+00
      15        0          0          .0000000E+00
      16        0          0          .0000000E+00
      17        0          0          .0000000E+00
      18        0         19          .0000000E+00
      19        0         18          .0000000E+00
      20        0          0          .0000000E+00
      21        0          0          .0000000E+00
      22        0          0          .0000000E+00
      23        0          0          .0000000E+00
      24        0          0          .0000000E+00
      25        0          0          .0000000E+00
      26        0          0          .0000000E+00
      27        0         28          .0000000E+00
      28        0         27          .0000000E+00
      29        0          0          .0000000E+00
      30        0          0          .0000000E+00
      31        0          0          .0000000E+00
      32        0          0          .0000000E+00
      33        0          0          .0000000E+00
      34        0          0          .0000000E+00
      35        0          0          .0000000E+00
      36        0          1          .0000000E+00


  incidence of geometric nodes

      first node      second node

       1          1       2
       2          2       3
       3          3       4
       4          4       5
       5          5       6
       6          6       7
       7          7       8
       8          8       9
       9         10      11
      10         11      12
      11         12      13
      12         13      14
      13         14      15
      14         15      16
      15         16      17
      16         17      18
      17         19      20
      18         20      21
      19         21      22
      20         22      23
      21         23      24
      22         24      25
      23         25      26
      24         26      27
      25         28      29
      26         29      30
      27         30      31
      28         31      32
      29         32      33
      30         33      34
      31         34      35
      32         35      36
 NOVAS COORDENADAS DOS nos duplos
      .0025      .0000
      .1250      .0000
      .2500      .0000
      .3750      .0000
      .5000      .0000
      .6250      .0000
      .7500      .0000
      .8750      .0000
      .9975      .0000
     1.0000      .0025
     1.0000      .1250
     1.0000      .2500
     1.0000      .3750
     1.0000      .5000
     1.0000      .6250
     1.0000      .7500
     1.0000      .8750
     1.0000      .9975
      .9975     1.0000
      .8750     1.0000
      .7500     1.0000
      .6250     1.0000
      .5000     1.0000
      .3750     1.0000
      .2500     1.0000
      .1250     1.0000
      .0025     1.0000
      .0000      .9975
      .0000      .8750
      .0000      .7500
      .0000      .6250
      .0000      .5000
      .0000      .3750
      .0000      .2500
      .0000      .1250
      .0000      .0025
    .0000
    .0000
    .0000
    .0000
    .0000
    .0000
    .0000
    .0000
    .0000
    .0000
    .0000
    .0000
    .0000
    .0000
    .0000
    .0000
    .0000
    .0000
    .0000
    .0000
    .0000
    .0000
    .0000
    .0000
    .0000
    .0000
    .0000
    .0000
    .0000
    .0000
    .0000
    .0000
    .0000
    .0000
    .0000
    .0000
    .0000
    .0000
    .0000
    .0000
    .0000
    .0000
    .0000
    .0000
    .0000
    .0000
    .0000
    .0000
    .0000
    .0000
    .0000
    .0000
    .0000
    .0000
    .0000
    .0000
    .0000
    .0000
    .0000
    .0000
    .0000
    .0000
    .0000
    .0000
    .0000
    .0000
    .0000
    .0000
    .0000
    .0000
    .0000
    .0000
    .0000
    .0000
    .0000
    .0000
    .0000
    .0000
    .0000
    .0000
    .0000
    .0000
    .0000
    .0000
    .0000
    .0000
    .0000
    .0000
    .0000
    .0000
    .0000
    .0000
    .0000
    .0000
    .0000
    .0000
    .0000
    .0000
    .0000
    .0000
    .97721
   1.01160
    .99425
   1.00289
    .99856
   1.00072
    .99964
   1.00018
    .99991
   1.00005
    .99998
   1.00001
    .99999
   1.00000
   1.00000
   1.00000
   1.00000
   1.00000
   1.00000
   1.00000
   1.00000
   1.00000
   1.00000
   1.00000
   1.00000
   1.00000
   1.00000
   1.00000
   1.00000
   1.00000
   1.00000
   1.00000
   1.00000
   1.00000
   1.00000
   1.00000
   1.00000
   1.00000
   1.00000
   1.00000
   1.00000
   1.00000
   1.00000
   1.00000
   1.00000
   1.00000
   1.00000
   1.00000
   1.00000
   1.00000
   1.00000
   1.00000
   1.00000
   1.00000
   1.00000
   1.00000
   1.00000
   1.00000
   1.00000
   1.00000
   1.00000
   1.00000
   1.00000
   1.00000
   1.00000
   1.00000
   1.00000
   1.00000
   1.00000
   1.00000
   1.00000
   1.00000
   1.00000
   1.00000
   1.00000
   1.00000
   1.00000
   1.00000
   1.00000
   1.00000
   1.00000
   1.00000
   1.00000
   1.00000
   1.00000
   1.00000
   1.00000
   1.00000
   1.00000
   1.00000
   1.00000
   1.00000
   1.00000
   1.00000
   1.00000
   1.00000
   1.00000
   1.00000
   1.00000
   1.00000
   1.00000
   1.00000
   1.00000
   1.00000
   1.00000
   1.00000
   1.00000
   1.00000
   1.00000
   1.00000
   1.00000
   1.00000
   1.00000
   1.00000
   1.00000
   1.00000
   1.00000
   1.00000
   1.00000
   1.00000
   1.00000
   1.00000
   1.00000



           - AUTOVALORES - 
          REAL     IMAGINARIO
           1       -3.606359701193441       -2.412085930928738
           2       -3.606359701193441        2.412085930928738
           3        1.047197124436555       -3.913614398011394
           4        1.047197124436555        3.913614398011394
           5        2.703195342630279       -2.762560210258235
           6        2.703195342630279        2.762560210258235
           7        3.689909343211090       -1.329144898337045
           8        3.689909343211090        1.329144898337045
           9        3.170908007805755       -2.223958662257064
          10        3.170908007805755        2.223958662257064
          11        3.923545612964148   0.000000000000000E+000
          12        3.274811488996669       -1.927535607098658
          13        3.274811488996669        1.927535607098658
          14        3.779809506333010  -3.767867046616738E-001
          15        3.779809506333010   3.767867046616738E-001
          16        1.808497571956830       -3.333694718166059
          17        1.808497571956830        3.333694718166059
          18        2.367284772750717       -2.842202738344675
          19        2.367284772750717        2.842202738344675
          20        3.549548702874744  -3.648944125516450E-001
          21        3.549548702874744   3.648944125516450E-001
          22   7.934186396836820E-001       -3.470345008975950
          23   7.934186396836820E-001        3.470345008975950
          24        1.500117743149167       -3.093484960205602
          25        1.500117743149167        3.093484960205602
          26   8.699375694697016E-001       -3.133194226032446
          27   8.699375694697016E-001        3.133194226032446
          28  -1.116600746780144E-001       -3.308455378446878
          29  -1.116600746780144E-001        3.308455378446878
          30  -9.888071870299457E-001       -3.211602228740927
          31  -9.888071870299457E-001        3.211602228740927
          32       -1.909612890198325       -2.737873759214335
          33       -1.909612890198325        2.737873759214335
          34       -2.566960533721100       -1.918198973414092
          35       -2.566960533721100        1.918198973414092
          36        2.524952567577559  -5.169407860719838E-001
          37        2.524952567577559   5.169407860719838E-001
          38        2.538401392381380  -2.818914378573211E-001
          39        2.538401392381380   2.818914378573211E-001
          40        2.337823768422460       -1.031396913518045
          41        2.337823768422460        1.031396913518045
          42       -2.836476519035969  -9.643590470191765E-001
          43       -2.836476519035969   9.643590470191765E-001
          44        2.197880324174946       -1.204809454870695
          45        2.197880324174946        1.204809454870695
          46  -5.906882162246909E-001       -2.762466625360051
          47  -5.906882162246909E-001        2.762466625360051
          48        1.263269386688422       -2.173137801671344
          49        1.263269386688422        2.173137801671344
          50        1.759549525433065       -1.639806604134766
          51        1.759549525433065        1.639806604134766
          52        1.216064016512890       -2.125464383185215
          53        1.216064016512890        2.125464383185215
          54   6.475119401585570E-001       -2.423039778349062
          55   6.475119401585570E-001        2.423039778349062
          56   4.975372314726506E-001       -2.454087574955131
          57   4.975372314726506E-001        2.454087574955131
          58  -1.736163047091428E-001       -2.598939459601823
          59  -1.736163047091428E-001        2.598939459601823
          60       -1.070162860063131       -2.443504689261598
          61       -1.070162860063131        2.443504689261598
          62       -1.840671502865925       -1.948652769237611
          63       -1.840671502865925        1.948652769237611
          64  -3.573053915510926E-001       -2.427190284703871
          65  -3.573053915510926E-001        2.427190284703871
          66        1.972827319981510  -2.739880827056055E-001
          67        1.972827319981510   2.739880827056055E-001
          68        1.790409220949976  -9.609852233260409E-001
          69        1.790409220949976   9.609852233260409E-001
          70       -2.321075416323005       -1.234259308474771
          71       -2.321075416323005        1.234259308474771
          72       -1.028604244744537       -2.219428110094235
          73       -1.028604244744537        2.219428110094235
          74       -1.155455003433118       -2.154314968468567
          75       -1.155455003433118        2.154314968468567
          76        1.334126763693392       -1.457571375274052
          77        1.334126763693392        1.457571375274052
          78       -2.507183976146110  -5.160288658471485E-001
          79       -2.507183976146110   5.160288658471485E-001
          80       -1.547865902556329       -1.683529055026061
          81       -1.547865902556329        1.683529055026061
          82   7.506622417303341E-001       -1.747845485095116
          83   7.506622417303341E-001        1.747845485095116
          84       -1.879496125001511       -1.209135886637529
          85       -1.879496125001511        1.209135886637529
          86       -1.248955659032496       -1.606076624906587
          87       -1.248955659032496        1.606076624906587
          88   1.046308463602509E-001       -1.698314170964534
          89   1.046308463602509E-001        1.698314170964534
          90       -1.939522510550517  -6.031392010370890E-001
          91       -1.939522510550517   6.031392010370890E-001
          92   8.800225160536010E-001       -1.109722640805163
          93   8.800225160536010E-001        1.109722640805163
          94        1.130346665021210  -8.090100153385712E-001
          95        1.130346665021210   8.090100153385712E-001
          96        1.320121395134693  -4.401347388317352E-001
          97        1.320121395134693   4.401347388317352E-001
          98        1.395756089073848   0.000000000000000E+000
          99        1.362079090595737   0.000000000000000E+000
         100        1.283722143077783  -4.046258906841050E-001
         101        1.283722143077783   4.046258906841050E-001
         102        1.312237767411441  -1.703037661828658E-001
         103        1.312237767411441   1.703037661828658E-001
         104        1.275618449452368  -2.037843261771063E-001
         105        1.275618449452368   2.037843261771063E-001
         106        1.182560705074322  -5.780762111869161E-001
         107        1.182560705074322   5.780762111869161E-001
         108        1.117606451085621  -7.098842727903535E-001
         109        1.117606451085621   7.098842727903535E-001
         110   9.829919586440348E-001  -9.275330486456440E-001
         111   9.829919586440348E-001   9.275330486456440E-001
         112   5.421864333809595E-001       -1.347892426960104
         113   5.421864333809595E-001        1.347892426960104
         114   6.876523679678097E-001       -1.175521091201100
         115   6.876523679678097E-001        1.175521091201100
         116   6.531500738240477E-001       -1.197728790468309
         117   6.531500738240477E-001        1.197728790468309
         118   9.460654784883842E-001  -7.980089586169553E-001
         119   9.460654784883842E-001   7.980089586169553E-001
         120   1.400413121932706E-001       -1.501078046356403
         121   1.400413121932706E-001        1.501078046356403
         122  -3.621766246589389E-001       -1.591947138572194
         123  -3.621766246589389E-001        1.591947138572194
         124   3.440481033154687E-001       -1.348348738635393
         125   3.440481033154687E-001        1.348348738635393
         126   3.594828847090110E-001       -1.324284881754245
         127   3.594828847090110E-001        1.324284881754245
         128  -1.851333079555771E-001       -1.499572663856813
         129  -1.851333079555771E-001        1.499572663856813
         130       -1.975170750274862   0.000000000000000E+000
         131       -1.444569242395654       -1.101566315566781
         132       -1.444569242395654        1.101566315566781
         133   5.896748379732508E-002       -1.381042764265017
         134   5.896748379732508E-002        1.381042764265017
         135  -6.641583970108946E-001       -1.475039257186126
         136  -6.641583970108946E-001        1.475039257186126
         137   6.125844857618432E-001  -9.621336630738588E-001
         138   6.125844857618432E-001   9.621336630738588E-001
         139  -4.273534193902895E-001       -1.391571850570871
         140  -4.273534193902895E-001        1.391571850570871
         141  -2.249386660301945E-001       -1.351522753329097
         142  -2.249386660301945E-001        1.351522753329097
         143   4.094450169834197E-001       -1.060489958315825
         144   4.094450169834197E-001        1.060489958315825
         145   2.888590152099210E-001       -1.130475117202290
         146   2.888590152099210E-001        1.130475117202290
         147   6.155694276623361E-001  -8.198403698687119E-001
         148   6.155694276623361E-001   8.198403698687119E-001
         149   6.156227226823091E-002       -1.181481133606354
         150   6.156227226823091E-002        1.181481133606354
         151  -6.782204234487760E-002       -1.187807940079813
         152  -6.782204234487760E-002        1.187807940079813
         153  -8.195964673979891E-001       -1.350529113709001
         154  -8.195964673979891E-001        1.350529113709001
         155       -1.735142291841670  -5.908945867137841E-001
         156       -1.735142291841670   5.908945867137841E-001
         157       -1.019348222227327       -1.264724843629183
         158       -1.019348222227327        1.264724843629183
         159  -7.072745159993210E-001       -1.281296571841274
         160  -7.072745159993210E-001        1.281296571841274
         161       -1.033567257104273       -1.194150195127608
         162       -1.033567257104273        1.194150195127608
         163  -4.905700821172712E-001       -1.140413135621179
         164  -4.905700821172712E-001        1.140413135621179
         165       -1.708162658310224  -3.371220500411125E-001
         166       -1.708162658310224   3.371220500411125E-001
         167  -9.216609287585434E-001       -1.101434696431829
         168  -9.216609287585434E-001        1.101434696431829
         169  -8.425020641673457E-001       -1.099804567032892
         170  -8.425020641673457E-001        1.099804567032892
         171  -8.566387929904091E-001       -1.095824029591435
         172  -8.566387929904091E-001        1.095824029591435
         173  -7.582751020786727E-001       -1.071268041917426
         174  -7.582751020786727E-001        1.071268041917426
         175  -8.369527498756898E-001       -1.013753654974478
         176  -8.369527498756898E-001        1.013753654974478
         177       -1.159066589811022  -8.613112802262241E-001
         178       -1.159066589811022   8.613112802262241E-001
         179       -1.113237514163155  -8.734257668794997E-001
         180       -1.113237514163155   8.734257668794997E-001
         181       -1.080401853425270  -8.795918312605674E-001
         182       -1.080401853425270   8.795918312605674E-001
         183       -1.292262402162005  -6.827568145255041E-001
         184       -1.292262402162005   6.827568145255041E-001
         185       -1.418525476385832  -5.665487580778519E-001
         186       -1.418525476385832   5.665487580778519E-001
         187       -1.400216581384979  -5.305773850427920E-001
         188       -1.400216581384979   5.305773850427920E-001
         189       -1.626457930341664   0.000000000000000E+000
         190       -1.587270075482283  -4.862707280572851E-002
         191       -1.587270075482283   4.862707280572851E-002
         192       -1.563973400414097  -1.253154040935150E-001
         193       -1.563973400414097   1.253154040935150E-001
         194       -1.479172446785024  -2.637024206496842E-001
         195       -1.479172446785024   2.637024206496842E-001
         196       -1.508075451280566  -1.179515620483584E-001
         197       -1.508075451280566   1.179515620483584E-001
         198       -1.243215758443447  -6.042639196532011E-001
         199       -1.243215758443447   6.042639196532011E-001
         200       -1.343316075275480  -4.375053098328314E-001
         201       -1.343316075275480   4.375053098328314E-001
         202       -1.415978425341451   0.000000000000000E+000
         203       -1.356198455559581  -3.070770212284232E-001
         204       -1.356198455559581   3.070770212284232E-001
         205  -8.500255749104834E-001  -8.829518092229683E-001
         206  -8.500255749104834E-001   8.829518092229683E-001
         207  -7.427980922649732E-001  -8.494448632637989E-001
         208  -7.427980922649732E-001   8.494448632637989E-001
         209       -1.267545052881752  -2.939588113905376E-002
         210       -1.267545052881752   2.939588113905376E-002
         211  -8.157798216518133E-001  -6.781913599069412E-001
         212  -8.157798216518133E-001   6.781913599069412E-001
         213       -1.116745689832214  -3.019062582945226E-001
         214       -1.116745689832214   3.019062582945226E-001
         215       -1.004553109425337  -5.130931307311597E-001
         216       -1.004553109425337   5.130931307311597E-001
         217  -9.481988855445849E-001  -5.365589198614527E-001
         218  -9.481988855445849E-001   5.365589198614527E-001
         219       -1.022418811608608  -1.759602654556985E-001
         220       -1.022418811608608   1.759602654556985E-001
         221  -9.538237733427781E-001  -1.671789546510360E-001
         222  -9.538237733427781E-001   1.671789546510360E-001
         223  -7.617183936261501E-001  -4.390137831498238E-001
         224  -7.617183936261501E-001   4.390137831498238E-001
         225  -5.182444554921469E-001  -5.483962125493974E-001
         226  -5.182444554921469E-001   5.483962125493974E-001
         227  -3.399016377006973E-001  -5.882343344434056E-001
         228  -3.399016377006973E-001   5.882343344434056E-001
         229  -1.630642840546406E-001  -5.994698385221409E-001
         230  -1.630642840546406E-001   5.994698385221409E-001
         231   6.740209814650855E-001  -5.621685080876711E-001
         232   6.740209814650855E-001   5.621685080876711E-001
         233  -4.099659858906718E-002  -5.686669913014466E-001
         234  -4.099659858906718E-002   5.686669913014466E-001
         235   6.877112405642011E-002  -5.414749790400342E-001
         236   6.877112405642011E-002   5.414749790400342E-001
         237   1.714262420460061E-001  -5.028434144664566E-001
         238   1.714262420460061E-001   5.028434144664566E-001
         239   2.653907665545732E-001  -4.513097650646597E-001
         240   2.653907665545732E-001   4.513097650646597E-001
         241   6.722480097007016E-001  -3.590064226360671E-001
         242   6.722480097007016E-001   3.590064226360671E-001
         243   3.492927106218225E-001  -3.869069680225976E-001
         244   3.492927106218225E-001   3.869069680225976E-001
         245   4.182472025685921E-001  -3.097280146104519E-001
         246   4.182472025685921E-001   3.097280146104519E-001
         247   6.605603519244354E-001  -2.041062873286130E-001
         248   6.605603519244354E-001   2.041062873286130E-001
         249   4.784125375844655E-001  -2.541388096874268E-001
         250   4.784125375844655E-001   2.541388096874268E-001
         251   5.452882041115685E-001  -1.365138988108754E-001
         252   5.452882041115685E-001   1.365138988108754E-001
         253   6.412302748274568E-001  -6.924725825219827E-002
         254   6.412302748274568E-001   6.924725825219827E-002
         255   5.773099044794018E-001  -3.787076614805403E-002
         256   5.773099044794018E-001   3.787076614805403E-002



           - AUTOVALORES DIFERENTES E REAIS e positivos - 
          REAL
           1        1.362079090595737
           2        1.395756089073848
           3        3.923545612964148
