 ************************************************************************************************************************
                         Exem


data

  number of boundary elements=320

  number of functional nodes=324

  number of internal source points where the funct. is calculated=576




  coordinates of the source points of the boundary el ements

    point          x                  y
        1       .0000000E+00       .0000000E+00
        2       .1250000E-01       .0000000E+00
        3       .2500000E-01       .0000000E+00
        4       .3750000E-01       .0000000E+00
        5       .5000000E-01       .0000000E+00
        6       .6250000E-01       .0000000E+00
        7       .7500000E-01       .0000000E+00
        8       .8750000E-01       .0000000E+00
        9       .1000000E+00       .0000000E+00
       10       .1125000E+00       .0000000E+00
       11       .1250000E+00       .0000000E+00
       12       .1375000E+00       .0000000E+00
       13       .1500000E+00       .0000000E+00
       14       .1625000E+00       .0000000E+00
       15       .1750000E+00       .0000000E+00
       16       .1875000E+00       .0000000E+00
       17       .2000000E+00       .0000000E+00
       18       .2125000E+00       .0000000E+00
       19       .2250000E+00       .0000000E+00
       20       .2375000E+00       .0000000E+00
       21       .2500000E+00       .0000000E+00
       22       .2625000E+00       .0000000E+00
       23       .2750000E+00       .0000000E+00
       24       .2875000E+00       .0000000E+00
       25       .3000000E+00       .0000000E+00
       26       .3125000E+00       .0000000E+00
       27       .3250000E+00       .0000000E+00
       28       .3375000E+00       .0000000E+00
       29       .3500000E+00       .0000000E+00
       30       .3625000E+00       .0000000E+00
       31       .3750000E+00       .0000000E+00
       32       .3875000E+00       .0000000E+00
       33       .4000000E+00       .0000000E+00
       34       .4125000E+00       .0000000E+00
       35       .4250000E+00       .0000000E+00
       36       .4375000E+00       .0000000E+00
       37       .4500000E+00       .0000000E+00
       38       .4625000E+00       .0000000E+00
       39       .4750000E+00       .0000000E+00
       40       .4875000E+00       .0000000E+00
       41       .5000000E+00       .0000000E+00
       42       .5125000E+00       .0000000E+00
       43       .5250000E+00       .0000000E+00
       44       .5375000E+00       .0000000E+00
       45       .5500000E+00       .0000000E+00
       46       .5625000E+00       .0000000E+00
       47       .5750000E+00       .0000000E+00
       48       .5875000E+00       .0000000E+00
       49       .6000000E+00       .0000000E+00
       50       .6125000E+00       .0000000E+00
       51       .6250000E+00       .0000000E+00
       52       .6375000E+00       .0000000E+00
       53       .6500000E+00       .0000000E+00
       54       .6625000E+00       .0000000E+00
       55       .6750000E+00       .0000000E+00
       56       .6875000E+00       .0000000E+00
       57       .7000000E+00       .0000000E+00
       58       .7125000E+00       .0000000E+00
       59       .7250000E+00       .0000000E+00
       60       .7375000E+00       .0000000E+00
       61       .7500000E+00       .0000000E+00
       62       .7625000E+00       .0000000E+00
       63       .7750000E+00       .0000000E+00
       64       .7875000E+00       .0000000E+00
       65       .8000000E+00       .0000000E+00
       66       .8125000E+00       .0000000E+00
       67       .8250000E+00       .0000000E+00
       68       .8375000E+00       .0000000E+00
       69       .8500000E+00       .0000000E+00
       70       .8625000E+00       .0000000E+00
       71       .8750000E+00       .0000000E+00
       72       .8875000E+00       .0000000E+00
       73       .9000000E+00       .0000000E+00
       74       .9125000E+00       .0000000E+00
       75       .9250000E+00       .0000000E+00
       76       .9375000E+00       .0000000E+00
       77       .9500000E+00       .0000000E+00
       78       .9625000E+00       .0000000E+00
       79       .9750000E+00       .0000000E+00
       80       .9875000E+00       .0000000E+00
       81       .1000000E+01       .0000000E+00
       82       .1000000E+01       .0000000E+00
       83       .1000000E+01       .1250000E-01
       84       .1000000E+01       .2500000E-01
       85       .1000000E+01       .3750000E-01
       86       .1000000E+01       .5000000E-01
       87       .1000000E+01       .6250000E-01
       88       .1000000E+01       .7500000E-01
       89       .1000000E+01       .8750000E-01
       90       .1000000E+01       .1000000E+00
       91       .1000000E+01       .1125000E+00
       92       .1000000E+01       .1250000E+00
       93       .1000000E+01       .1375000E+00
       94       .1000000E+01       .1500000E+00
       95       .1000000E+01       .1625000E+00
       96       .1000000E+01       .1750000E+00
       97       .1000000E+01       .1875000E+00
       98       .1000000E+01       .2000000E+00
       99       .1000000E+01       .2125000E+00
      100       .1000000E+01       .2250000E+00
      101       .1000000E+01       .2375000E+00
      102       .1000000E+01       .2500000E+00
      103       .1000000E+01       .2625000E+00
      104       .1000000E+01       .2750000E+00
      105       .1000000E+01       .2875000E+00
      106       .1000000E+01       .3000000E+00
      107       .1000000E+01       .3125000E+00
      108       .1000000E+01       .3250000E+00
      109       .1000000E+01       .3375000E+00
      110       .1000000E+01       .3500000E+00
      111       .1000000E+01       .3625000E+00
      112       .1000000E+01       .3750000E+00
      113       .1000000E+01       .3875000E+00
      114       .1000000E+01       .4000000E+00
      115       .1000000E+01       .4125000E+00
      116       .1000000E+01       .4250000E+00
      117       .1000000E+01       .4375000E+00
      118       .1000000E+01       .4500000E+00
      119       .1000000E+01       .4625000E+00
      120       .1000000E+01       .4750000E+00
      121       .1000000E+01       .4875000E+00
      122       .1000000E+01       .5000000E+00
      123       .1000000E+01       .5125000E+00
      124       .1000000E+01       .5250000E+00
      125       .1000000E+01       .5375000E+00
      126       .1000000E+01       .5500000E+00
      127       .1000000E+01       .5625000E+00
      128       .1000000E+01       .5750000E+00
      129       .1000000E+01       .5875000E+00
      130       .1000000E+01       .6000000E+00
      131       .1000000E+01       .6125000E+00
      132       .1000000E+01       .6250000E+00
      133       .1000000E+01       .6375000E+00
      134       .1000000E+01       .6500000E+00
      135       .1000000E+01       .6625000E+00
      136       .1000000E+01       .6750000E+00
      137       .1000000E+01       .6875000E+00
      138       .1000000E+01       .7000000E+00
      139       .1000000E+01       .7125000E+00
      140       .1000000E+01       .7250000E+00
      141       .1000000E+01       .7375000E+00
      142       .1000000E+01       .7500000E+00
      143       .1000000E+01       .7625000E+00
      144       .1000000E+01       .7750000E+00
      145       .1000000E+01       .7875000E+00
      146       .1000000E+01       .8000000E+00
      147       .1000000E+01       .8125000E+00
      148       .1000000E+01       .8250000E+00
      149       .1000000E+01       .8375000E+00
      150       .1000000E+01       .8500000E+00
      151       .1000000E+01       .8625000E+00
      152       .1000000E+01       .8750000E+00
      153       .1000000E+01       .8875000E+00
      154       .1000000E+01       .9000000E+00
      155       .1000000E+01       .9125000E+00
      156       .1000000E+01       .9250000E+00
      157       .1000000E+01       .9375000E+00
      158       .1000000E+01       .9500000E+00
      159       .1000000E+01       .9625000E+00
      160       .1000000E+01       .9750000E+00
      161       .1000000E+01       .9875000E+00
      162       .1000000E+01       .1000000E+01
      163       .1000000E+01       .1000000E+01
      164       .9875000E+00       .1000000E+01
      165       .9750000E+00       .1000000E+01
      166       .9625000E+00       .1000000E+01
      167       .9500000E+00       .1000000E+01
      168       .9375000E+00       .1000000E+01
      169       .9250000E+00       .1000000E+01
      170       .9125000E+00       .1000000E+01
      171       .9000000E+00       .1000000E+01
      172       .8875000E+00       .1000000E+01
      173       .8750000E+00       .1000000E+01
      174       .8625000E+00       .1000000E+01
      175       .8500000E+00       .1000000E+01
      176       .8375000E+00       .1000000E+01
      177       .8250000E+00       .1000000E+01
      178       .8125000E+00       .1000000E+01
      179       .8000000E+00       .1000000E+01
      180       .7875000E+00       .1000000E+01
      181       .7750000E+00       .1000000E+01
      182       .7625000E+00       .1000000E+01
      183       .7500000E+00       .1000000E+01
      184       .7375000E+00       .1000000E+01
      185       .7250000E+00       .1000000E+01
      186       .7125000E+00       .1000000E+01
      187       .7000000E+00       .1000000E+01
      188       .6875000E+00       .1000000E+01
      189       .6750000E+00       .1000000E+01
      190       .6625000E+00       .1000000E+01
      191       .6500000E+00       .1000000E+01
      192       .6375000E+00       .1000000E+01
      193       .6250000E+00       .1000000E+01
      194       .6125000E+00       .1000000E+01
      195       .6000000E+00       .1000000E+01
      196       .5875000E+00       .1000000E+01
      197       .5750000E+00       .1000000E+01
      198       .5625000E+00       .1000000E+01
      199       .5500000E+00       .1000000E+01
      200       .5375000E+00       .1000000E+01
      201       .5250000E+00       .1000000E+01
      202       .5125000E+00       .1000000E+01
      203       .5000000E+00       .1000000E+01
      204       .4875000E+00       .1000000E+01
      205       .4750000E+00       .1000000E+01
      206       .4625000E+00       .1000000E+01
      207       .4500000E+00       .1000000E+01
      208       .4375000E+00       .1000000E+01
      209       .4250000E+00       .1000000E+01
      210       .4125000E+00       .1000000E+01
      211       .4000000E+00       .1000000E+01
      212       .3875000E+00       .1000000E+01
      213       .3750000E+00       .1000000E+01
      214       .3625000E+00       .1000000E+01
      215       .3500000E+00       .1000000E+01
      216       .3375000E+00       .1000000E+01
      217       .3250000E+00       .1000000E+01
      218       .3125000E+00       .1000000E+01
      219       .3000000E+00       .1000000E+01
      220       .2875000E+00       .1000000E+01
      221       .2750000E+00       .1000000E+01
      222       .2625000E+00       .1000000E+01
      223       .2500000E+00       .1000000E+01
      224       .2375000E+00       .1000000E+01
      225       .2250000E+00       .1000000E+01
      226       .2125000E+00       .1000000E+01
      227       .2000000E+00       .1000000E+01
      228       .1875000E+00       .1000000E+01
      229       .1750000E+00       .1000000E+01
      230       .1625000E+00       .1000000E+01
      231       .1500000E+00       .1000000E+01
      232       .1375000E+00       .1000000E+01
      233       .1250000E+00       .1000000E+01
      234       .1125000E+00       .1000000E+01
      235       .1000000E+00       .1000000E+01
      236       .8750000E-01       .1000000E+01
      237       .7500000E-01       .1000000E+01
      238       .6250000E-01       .1000000E+01
      239       .5000000E-01       .1000000E+01
      240       .3750000E-01       .1000000E+01
      241       .2500000E-01       .1000000E+01
      242       .1250000E-01       .1000000E+01
      243       .0000000E+00       .1000000E+01
      244       .0000000E+00       .1000000E+01
      245       .0000000E+00       .9875000E+00
      246       .0000000E+00       .9750000E+00
      247       .0000000E+00       .9625000E+00
      248       .0000000E+00       .9500000E+00
      249       .0000000E+00       .9375000E+00
      250       .0000000E+00       .9250000E+00
      251       .0000000E+00       .9125000E+00
      252       .0000000E+00       .9000000E+00
      253       .0000000E+00       .8875000E+00
      254       .0000000E+00       .8750000E+00
      255       .0000000E+00       .8625000E+00
      256       .0000000E+00       .8500000E+00
      257       .0000000E+00       .8375000E+00
      258       .0000000E+00       .8250000E+00
      259       .0000000E+00       .8125000E+00
      260       .0000000E+00       .8000000E+00
      261       .0000000E+00       .7875000E+00
      262       .0000000E+00       .7750000E+00
      263       .0000000E+00       .7625000E+00
      264       .0000000E+00       .7500000E+00
      265       .0000000E+00       .7375000E+00
      266       .0000000E+00       .7250000E+00
      267       .0000000E+00       .7125000E+00
      268       .0000000E+00       .7000000E+00
      269       .0000000E+00       .6875000E+00
      270       .0000000E+00       .6750000E+00
      271       .0000000E+00       .6625000E+00
      272       .0000000E+00       .6500000E+00
      273       .0000000E+00       .6375000E+00
      274       .0000000E+00       .6250000E+00
      275       .0000000E+00       .6125000E+00
      276       .0000000E+00       .6000000E+00
      277       .0000000E+00       .5875000E+00
      278       .0000000E+00       .5750000E+00
      279       .0000000E+00       .5625000E+00
      280       .0000000E+00       .5500000E+00
      281       .0000000E+00       .5375000E+00
      282       .0000000E+00       .5250000E+00
      283       .0000000E+00       .5125000E+00
      284       .0000000E+00       .5000000E+00
      285       .0000000E+00       .4875000E+00
      286       .0000000E+00       .4750000E+00
      287       .0000000E+00       .4625000E+00
      288       .0000000E+00       .4500000E+00
      289       .0000000E+00       .4375000E+00
      290       .0000000E+00       .4250000E+00
      291       .0000000E+00       .4125000E+00
      292       .0000000E+00       .4000000E+00
      293       .0000000E+00       .3875000E+00
      294       .0000000E+00       .3750000E+00
      295       .0000000E+00       .3625000E+00
      296       .0000000E+00       .3500000E+00
      297       .0000000E+00       .3375000E+00
      298       .0000000E+00       .3250000E+00
      299       .0000000E+00       .3125000E+00
      300       .0000000E+00       .3000000E+00
      301       .0000000E+00       .2875000E+00
      302       .0000000E+00       .2750000E+00
      303       .0000000E+00       .2625000E+00
      304       .0000000E+00       .2500000E+00
      305       .0000000E+00       .2375000E+00
      306       .0000000E+00       .2250000E+00
      307       .0000000E+00       .2125000E+00
      308       .0000000E+00       .2000000E+00
      309       .0000000E+00       .1875000E+00
      310       .0000000E+00       .1750000E+00
      311       .0000000E+00       .1625000E+00
      312       .0000000E+00       .1500000E+00
      313       .0000000E+00       .1375000E+00
      314       .0000000E+00       .1250000E+00
      315       .0000000E+00       .1125000E+00
      316       .0000000E+00       .1000000E+00
      317       .0000000E+00       .8750000E-01
      318       .0000000E+00       .7500000E-01
      319       .0000000E+00       .6250000E-01
      320       .0000000E+00       .5000000E-01
      321       .0000000E+00       .3750000E-01
      322       .0000000E+00       .2500000E-01
      323       .0000000E+00       .1250000E-01
      324       .0000000E+00       .0000000E+00
      325       .2083300E-01       .2083300E-01
      326       .6250000E-01       .2083300E-01
      327       .1041670E+00       .2083300E-01
      328       .1458330E+00       .2083300E-01
      329       .1875000E+00       .2083300E-01
      330       .2291670E+00       .2083300E-01
      331       .2708330E+00       .2083300E-01
      332       .3125000E+00       .2083300E-01
      333       .3541670E+00       .2083300E-01
      334       .3958330E+00       .2083300E-01
      335       .4375000E+00       .2083300E-01
      336       .4791670E+00       .2083300E-01
      337       .5208330E+00       .2083300E-01
      338       .5625000E+00       .2083300E-01
      339       .6041670E+00       .2083300E-01
      340       .6458330E+00       .2083300E-01
      341       .6875000E+00       .2083300E-01
      342       .7291670E+00       .2083300E-01
      343       .7708330E+00       .2083300E-01
      344       .8125000E+00       .2083300E-01
      345       .8541670E+00       .2083300E-01
      346       .8958330E+00       .2083300E-01
      347       .9375000E+00       .2083300E-01
      348       .9791670E+00       .2083300E-01
      349       .2083300E-01       .6250000E-01
      350       .6250000E-01       .6250000E-01
      351       .1041670E+00       .6250000E-01
      352       .1458330E+00       .6250000E-01
      353       .1875000E+00       .6250000E-01
      354       .2291670E+00       .6250000E-01
      355       .2708330E+00       .6250000E-01
      356       .3125000E+00       .6250000E-01
      357       .3541670E+00       .6250000E-01
      358       .3958330E+00       .6250000E-01
      359       .4375000E+00       .6250000E-01
      360       .4791670E+00       .6250000E-01
      361       .5208330E+00       .6250000E-01
      362       .5625000E+00       .6250000E-01
      363       .6041670E+00       .6250000E-01
      364       .6458330E+00       .6250000E-01
      365       .6875000E+00       .6250000E-01
      366       .7291670E+00       .6250000E-01
      367       .7708330E+00       .6250000E-01
      368       .8125000E+00       .6250000E-01
      369       .8541670E+00       .6250000E-01
      370       .8958330E+00       .6250000E-01
      371       .9375000E+00       .6250000E-01
      372       .9791670E+00       .6250000E-01
      373       .2083300E-01       .1041670E+00
      374       .6250000E-01       .1041670E+00
      375       .1041670E+00       .1041670E+00
      376       .1458330E+00       .1041670E+00
      377       .1875000E+00       .1041670E+00
      378       .2291670E+00       .1041670E+00
      379       .2708330E+00       .1041670E+00
      380       .3125000E+00       .1041670E+00
      381       .3541670E+00       .1041670E+00
      382       .3958330E+00       .1041670E+00
      383       .4375000E+00       .1041670E+00
      384       .4791670E+00       .1041670E+00
      385       .5208330E+00       .1041670E+00
      386       .5625000E+00       .1041670E+00
      387       .6041670E+00       .1041670E+00
      388       .6458330E+00       .1041670E+00
      389       .6875000E+00       .1041670E+00
      390       .7291670E+00       .1041670E+00
      391       .7708330E+00       .1041670E+00
      392       .8125000E+00       .1041670E+00
      393       .8541670E+00       .1041670E+00
      394       .8958330E+00       .1041670E+00
      395       .9375000E+00       .1041670E+00
      396       .9791670E+00       .1041670E+00
      397       .2083300E-01       .1458330E+00
      398       .6250000E-01       .1458330E+00
      399       .1041670E+00       .1458330E+00
      400       .1458330E+00       .1458330E+00
      401       .1875000E+00       .1458330E+00
      402       .2291670E+00       .1458330E+00
      403       .2708330E+00       .1458330E+00
      404       .3125000E+00       .1458330E+00
      405       .3541670E+00       .1458330E+00
      406       .3958330E+00       .1458330E+00
      407       .4375000E+00       .1458330E+00
      408       .4791670E+00       .1458330E+00
      409       .5208330E+00       .1458330E+00
      410       .5625000E+00       .1458330E+00
      411       .6041670E+00       .1458330E+00
      412       .6458330E+00       .1458330E+00
      413       .6875000E+00       .1458330E+00
      414       .7291670E+00       .1458330E+00
      415       .7708330E+00       .1458330E+00
      416       .8125000E+00       .1458330E+00
      417       .8541670E+00       .1458330E+00
      418       .8958330E+00       .1458330E+00
      419       .9375000E+00       .1458330E+00
      420       .9791670E+00       .1458330E+00
      421       .2083300E-01       .1875000E+00
      422       .6250000E-01       .1875000E+00
      423       .1041670E+00       .1875000E+00
      424       .1458330E+00       .1875000E+00
      425       .1875000E+00       .1875000E+00
      426       .2291670E+00       .1875000E+00
      427       .2708330E+00       .1875000E+00
      428       .3125000E+00       .1875000E+00
      429       .3541670E+00       .1875000E+00
      430       .3958330E+00       .1875000E+00
      431       .4375000E+00       .1875000E+00
      432       .4791670E+00       .1875000E+00
      433       .5208330E+00       .1875000E+00
      434       .5625000E+00       .1875000E+00
      435       .6041670E+00       .1875000E+00
      436       .6458330E+00       .1875000E+00
      437       .6875000E+00       .1875000E+00
      438       .7291670E+00       .1875000E+00
      439       .7708330E+00       .1875000E+00
      440       .8125000E+00       .1875000E+00
      441       .8541670E+00       .1875000E+00
      442       .8958330E+00       .1875000E+00
      443       .9375000E+00       .1875000E+00
      444       .9791670E+00       .1875000E+00
      445       .2083300E-01       .2291670E+00
      446       .6250000E-01       .2291670E+00
      447       .1041670E+00       .2291670E+00
      448       .1458330E+00       .2291670E+00
      449       .1875000E+00       .2291670E+00
      450       .2291670E+00       .2291670E+00
      451       .2708330E+00       .2291670E+00
      452       .3125000E+00       .2291670E+00
      453       .3541670E+00       .2291670E+00
      454       .3958330E+00       .2291670E+00
      455       .4375000E+00       .2291670E+00
      456       .4791670E+00       .2291670E+00
      457       .5208330E+00       .2291670E+00
      458       .5625000E+00       .2291670E+00
      459       .6041670E+00       .2291670E+00
      460       .6458330E+00       .2291670E+00
      461       .6875000E+00       .2291670E+00
      462       .7291670E+00       .2291670E+00
      463       .7708330E+00       .2291670E+00
      464       .8125000E+00       .2291670E+00
      465       .8541670E+00       .2291670E+00
      466       .8958330E+00       .2291670E+00
      467       .9375000E+00       .2291670E+00
      468       .9791670E+00       .2291670E+00
      469       .2083300E-01       .2708330E+00
      470       .6250000E-01       .2708330E+00
      471       .1041670E+00       .2708330E+00
      472       .1458330E+00       .2708330E+00
      473       .1875000E+00       .2708330E+00
      474       .2291670E+00       .2708330E+00
      475       .2708330E+00       .2708330E+00
      476       .3125000E+00       .2708330E+00
      477       .3541670E+00       .2708330E+00
      478       .3958330E+00       .2708330E+00
      479       .4375000E+00       .2708330E+00
      480       .4791670E+00       .2708330E+00
      481       .5208330E+00       .2708330E+00
      482       .5625000E+00       .2708330E+00
      483       .6041670E+00       .2708330E+00
      484       .6458330E+00       .2708330E+00
      485       .6875000E+00       .2708330E+00
      486       .7291670E+00       .2708330E+00
      487       .7708330E+00       .2708330E+00
      488       .8125000E+00       .2708330E+00
      489       .8541670E+00       .2708330E+00
      490       .8958330E+00       .2708330E+00
      491       .9375000E+00       .2708330E+00
      492       .9791670E+00       .2708330E+00
      493       .2083300E-01       .3125000E+00
      494       .6250000E-01       .3125000E+00
      495       .1041670E+00       .3125000E+00
      496       .1458330E+00       .3125000E+00
      497       .1875000E+00       .3125000E+00
      498       .2291670E+00       .3125000E+00
      499       .2708330E+00       .3125000E+00
      500       .3125000E+00       .3125000E+00
      501       .3541670E+00       .3125000E+00
      502       .3958330E+00       .3125000E+00
      503       .4375000E+00       .3125000E+00
      504       .4791670E+00       .3125000E+00
      505       .5208330E+00       .3125000E+00
      506       .5625000E+00       .3125000E+00
      507       .6041670E+00       .3125000E+00
      508       .6458330E+00       .3125000E+00
      509       .6875000E+00       .3125000E+00
      510       .7291670E+00       .3125000E+00
      511       .7708330E+00       .3125000E+00
      512       .8125000E+00       .3125000E+00
      513       .8541670E+00       .3125000E+00
      514       .8958330E+00       .3125000E+00
      515       .9375000E+00       .3125000E+00
      516       .9791670E+00       .3125000E+00
      517       .2083400E-01       .3541670E+00
      518       .6250000E-01       .3541670E+00
      519       .1041670E+00       .3541670E+00
      520       .1458340E+00       .3541670E+00
      521       .1875000E+00       .3541670E+00
      522       .2291670E+00       .3541670E+00
      523       .2708340E+00       .3541670E+00
      524       .3125000E+00       .3541670E+00
      525       .3541670E+00       .3541670E+00
      526       .3958340E+00       .3541670E+00
      527       .4375000E+00       .3541670E+00
      528       .4791670E+00       .3541670E+00
      529       .5208340E+00       .3541670E+00
      530       .5625000E+00       .3541670E+00
      531       .6041670E+00       .3541670E+00
      532       .6458340E+00       .3541670E+00
      533       .6875000E+00       .3541670E+00
      534       .7291670E+00       .3541670E+00
      535       .7708340E+00       .3541670E+00
      536       .8125000E+00       .3541670E+00
      537       .8541670E+00       .3541670E+00
      538       .8958340E+00       .3541670E+00
      539       .9375000E+00       .3541670E+00
      540       .9791670E+00       .3541670E+00
      541       .2083400E-01       .3958330E+00
      542       .6250000E-01       .3958330E+00
      543       .1041670E+00       .3958330E+00
      544       .1458340E+00       .3958330E+00
      545       .1875000E+00       .3958330E+00
      546       .2291670E+00       .3958330E+00
      547       .2708340E+00       .3958330E+00
      548       .3125000E+00       .3958330E+00
      549       .3541670E+00       .3958330E+00
      550       .3958340E+00       .3958330E+00
      551       .4375000E+00       .3958330E+00
      552       .4791670E+00       .3958330E+00
      553       .5208340E+00       .3958330E+00
      554       .5625000E+00       .3958330E+00
      555       .6041670E+00       .3958330E+00
      556       .6458340E+00       .3958330E+00
      557       .6875000E+00       .3958330E+00
      558       .7291670E+00       .3958330E+00
      559       .7708340E+00       .3958330E+00
      560       .8125000E+00       .3958330E+00
      561       .8541670E+00       .3958330E+00
      562       .8958340E+00       .3958330E+00
      563       .9375000E+00       .3958330E+00
      564       .9791670E+00       .3958330E+00
      565       .2083400E-01       .4375000E+00
      566       .6250000E-01       .4375000E+00
      567       .1041670E+00       .4375000E+00
      568       .1458340E+00       .4375000E+00
      569       .1875000E+00       .4375000E+00
      570       .2291670E+00       .4375000E+00
      571       .2708340E+00       .4375000E+00
      572       .3125000E+00       .4375000E+00
      573       .3541670E+00       .4375000E+00
      574       .3958340E+00       .4375000E+00
      575       .4375000E+00       .4375000E+00
      576       .4791670E+00       .4375000E+00
      577       .5208340E+00       .4375000E+00
      578       .5625000E+00       .4375000E+00
      579       .6041670E+00       .4375000E+00
      580       .6458340E+00       .4375000E+00
      581       .6875000E+00       .4375000E+00
      582       .7291670E+00       .4375000E+00
      583       .7708340E+00       .4375000E+00
      584       .8125000E+00       .4375000E+00
      585       .8541670E+00       .4375000E+00
      586       .8958340E+00       .4375000E+00
      587       .9375000E+00       .4375000E+00
      588       .9791670E+00       .4375000E+00
      589       .2083400E-01       .4791670E+00
      590       .6250000E-01       .4791670E+00
      591       .1041670E+00       .4791670E+00
      592       .1458340E+00       .4791670E+00
      593       .1875000E+00       .4791670E+00
      594       .2291670E+00       .4791670E+00
      595       .2708340E+00       .4791670E+00
      596       .3125000E+00       .4791670E+00
      597       .3541670E+00       .4791670E+00
      598       .3958340E+00       .4791670E+00
      599       .4375000E+00       .4791670E+00
      600       .4791670E+00       .4791670E+00
      601       .5208340E+00       .4791670E+00
      602       .5625000E+00       .4791670E+00
      603       .6041670E+00       .4791670E+00
      604       .6458340E+00       .4791670E+00
      605       .6875000E+00       .4791670E+00
      606       .7291670E+00       .4791670E+00
      607       .7708340E+00       .4791670E+00
      608       .8125000E+00       .4791670E+00
      609       .8541670E+00       .4791670E+00
      610       .8958340E+00       .4791670E+00
      611       .9375000E+00       .4791670E+00
      612       .9791670E+00       .4791670E+00
      613       .2083400E-01       .5208330E+00
      614       .6250000E-01       .5208330E+00
      615       .1041670E+00       .5208330E+00
      616       .1458340E+00       .5208330E+00
      617       .1875000E+00       .5208330E+00
      618       .2291670E+00       .5208330E+00
      619       .2708340E+00       .5208330E+00
      620       .3125000E+00       .5208330E+00
      621       .3541670E+00       .5208330E+00
      622       .3958340E+00       .5208330E+00
      623       .4375000E+00       .5208330E+00
      624       .4791670E+00       .5208330E+00
      625       .5208340E+00       .5208330E+00
      626       .5625000E+00       .5208330E+00
      627       .6041670E+00       .5208330E+00
      628       .6458340E+00       .5208330E+00
      629       .6875000E+00       .5208330E+00
      630       .7291670E+00       .5208330E+00
      631       .7708340E+00       .5208330E+00
      632       .8125000E+00       .5208330E+00
      633       .8541670E+00       .5208330E+00
      634       .8958340E+00       .5208330E+00
      635       .9375000E+00       .5208330E+00
      636       .9791670E+00       .5208330E+00
      637       .2083400E-01       .5625000E+00
      638       .6250000E-01       .5625000E+00
      639       .1041670E+00       .5625000E+00
      640       .1458340E+00       .5625000E+00
      641       .1875000E+00       .5625000E+00
      642       .2291670E+00       .5625000E+00
      643       .2708340E+00       .5625000E+00
      644       .3125000E+00       .5625000E+00
      645       .3541670E+00       .5625000E+00
      646       .3958340E+00       .5625000E+00
      647       .4375000E+00       .5625000E+00
      648       .4791670E+00       .5625000E+00
      649       .5208340E+00       .5625000E+00
      650       .5625000E+00       .5625000E+00
      651       .6041670E+00       .5625000E+00
      652       .6458340E+00       .5625000E+00
      653       .6875000E+00       .5625000E+00
      654       .7291670E+00       .5625000E+00
      655       .7708340E+00       .5625000E+00
      656       .8125000E+00       .5625000E+00
      657       .8541670E+00       .5625000E+00
      658       .8958340E+00       .5625000E+00
      659       .9375000E+00       .5625000E+00
      660       .9791670E+00       .5625000E+00
      661       .2083400E-01       .6041670E+00
      662       .6250000E-01       .6041670E+00
      663       .1041670E+00       .6041670E+00
      664       .1458340E+00       .6041670E+00
      665       .1875000E+00       .6041670E+00
      666       .2291670E+00       .6041670E+00
      667       .2708340E+00       .6041670E+00
      668       .3125000E+00       .6041670E+00
      669       .3541670E+00       .6041670E+00
      670       .3958340E+00       .6041670E+00
      671       .4375000E+00       .6041670E+00
      672       .4791670E+00       .6041670E+00
      673       .5208340E+00       .6041670E+00
      674       .5625000E+00       .6041670E+00
      675       .6041670E+00       .6041670E+00
      676       .6458340E+00       .6041670E+00
      677       .6875000E+00       .6041670E+00
      678       .7291670E+00       .6041670E+00
      679       .7708340E+00       .6041670E+00
      680       .8125000E+00       .6041670E+00
      681       .8541670E+00       .6041670E+00
      682       .8958340E+00       .6041670E+00
      683       .9375000E+00       .6041670E+00
      684       .9791670E+00       .6041670E+00
      685       .2083400E-01       .6458330E+00
      686       .6250000E-01       .6458330E+00
      687       .1041670E+00       .6458330E+00
      688       .1458340E+00       .6458330E+00
      689       .1875000E+00       .6458330E+00
      690       .2291670E+00       .6458330E+00
      691       .2708340E+00       .6458330E+00
      692       .3125000E+00       .6458330E+00
      693       .3541670E+00       .6458330E+00
      694       .3958340E+00       .6458330E+00
      695       .4375000E+00       .6458330E+00
      696       .4791670E+00       .6458330E+00
      697       .5208340E+00       .6458330E+00
      698       .5625000E+00       .6458330E+00
      699       .6041670E+00       .6458330E+00
      700       .6458340E+00       .6458330E+00
      701       .6875000E+00       .6458330E+00
      702       .7291670E+00       .6458330E+00
      703       .7708340E+00       .6458330E+00
      704       .8125000E+00       .6458330E+00
      705       .8541670E+00       .6458330E+00
      706       .8958340E+00       .6458330E+00
      707       .9375000E+00       .6458330E+00
      708       .9791670E+00       .6458330E+00
      709       .2083300E-01       .6875000E+00
      710       .6250100E-01       .6875000E+00
      711       .1041670E+00       .6875000E+00
      712       .1458330E+00       .6875000E+00
      713       .1875010E+00       .6875000E+00
      714       .2291670E+00       .6875000E+00
      715       .2708330E+00       .6875000E+00
      716       .3125010E+00       .6875000E+00
      717       .3541670E+00       .6875000E+00
      718       .3958330E+00       .6875000E+00
      719       .4375010E+00       .6875000E+00
      720       .4791670E+00       .6875000E+00
      721       .5208330E+00       .6875000E+00
      722       .5625010E+00       .6875000E+00
      723       .6041670E+00       .6875000E+00
      724       .6458330E+00       .6875000E+00
      725       .6875010E+00       .6875000E+00
      726       .7291670E+00       .6875000E+00
      727       .7708330E+00       .6875000E+00
      728       .8125010E+00       .6875000E+00
      729       .8541670E+00       .6875000E+00
      730       .8958330E+00       .6875000E+00
      731       .9375010E+00       .6875000E+00
      732       .9791670E+00       .6875000E+00
      733       .2083300E-01       .7291670E+00
      734       .6250100E-01       .7291670E+00
      735       .1041670E+00       .7291670E+00
      736       .1458330E+00       .7291670E+00
      737       .1875010E+00       .7291670E+00
      738       .2291670E+00       .7291670E+00
      739       .2708330E+00       .7291670E+00
      740       .3125010E+00       .7291670E+00
      741       .3541670E+00       .7291670E+00
      742       .3958330E+00       .7291670E+00
      743       .4375010E+00       .7291670E+00
      744       .4791670E+00       .7291670E+00
      745       .5208330E+00       .7291670E+00
      746       .5625010E+00       .7291670E+00
      747       .6041670E+00       .7291670E+00
      748       .6458330E+00       .7291670E+00
      749       .6875010E+00       .7291670E+00
      750       .7291670E+00       .7291670E+00
      751       .7708330E+00       .7291670E+00
      752       .8125010E+00       .7291670E+00
      753       .8541670E+00       .7291670E+00
      754       .8958330E+00       .7291670E+00
      755       .9375010E+00       .7291670E+00
      756       .9791670E+00       .7291670E+00
      757       .2083300E-01       .7708330E+00
      758       .6250100E-01       .7708330E+00
      759       .1041670E+00       .7708330E+00
      760       .1458330E+00       .7708330E+00
      761       .1875010E+00       .7708330E+00
      762       .2291670E+00       .7708330E+00
      763       .2708330E+00       .7708330E+00
      764       .3125010E+00       .7708330E+00
      765       .3541670E+00       .7708330E+00
      766       .3958330E+00       .7708330E+00
      767       .4375010E+00       .7708330E+00
      768       .4791670E+00       .7708330E+00
      769       .5208330E+00       .7708330E+00
      770       .5625010E+00       .7708330E+00
      771       .6041670E+00       .7708330E+00
      772       .6458330E+00       .7708330E+00
      773       .6875010E+00       .7708330E+00
      774       .7291670E+00       .7708330E+00
      775       .7708330E+00       .7708330E+00
      776       .8125010E+00       .7708330E+00
      777       .8541670E+00       .7708330E+00
      778       .8958330E+00       .7708330E+00
      779       .9375010E+00       .7708330E+00
      780       .9791670E+00       .7708330E+00
      781       .2083300E-01       .8125000E+00
      782       .6250100E-01       .8125000E+00
      783       .1041670E+00       .8125000E+00
      784       .1458330E+00       .8125000E+00
      785       .1875010E+00       .8125000E+00
      786       .2291670E+00       .8125000E+00
      787       .2708330E+00       .8125000E+00
      788       .3125010E+00       .8125000E+00
      789       .3541670E+00       .8125000E+00
      790       .3958330E+00       .8125000E+00
      791       .4375010E+00       .8125000E+00
      792       .4791670E+00       .8125000E+00
      793       .5208330E+00       .8125000E+00
      794       .5625010E+00       .8125000E+00
      795       .6041670E+00       .8125000E+00
      796       .6458330E+00       .8125000E+00
      797       .6875010E+00       .8125000E+00
      798       .7291670E+00       .8125000E+00
      799       .7708330E+00       .8125000E+00
      800       .8125010E+00       .8125000E+00
      801       .8541670E+00       .8125000E+00
      802       .8958330E+00       .8125000E+00
      803       .9375010E+00       .8125000E+00
      804       .9791670E+00       .8125000E+00
      805       .2083300E-01       .8541670E+00
      806       .6250100E-01       .8541670E+00
      807       .1041670E+00       .8541670E+00
      808       .1458330E+00       .8541670E+00
      809       .1875010E+00       .8541670E+00
      810       .2291670E+00       .8541670E+00
      811       .2708330E+00       .8541670E+00
      812       .3125010E+00       .8541670E+00
      813       .3541670E+00       .8541670E+00
      814       .3958330E+00       .8541670E+00
      815       .4375010E+00       .8541670E+00
      816       .4791670E+00       .8541670E+00
      817       .5208330E+00       .8541670E+00
      818       .5625010E+00       .8541670E+00
      819       .6041670E+00       .8541670E+00
      820       .6458330E+00       .8541670E+00
      821       .6875010E+00       .8541670E+00
      822       .7291670E+00       .8541670E+00
      823       .7708330E+00       .8541670E+00
      824       .8125010E+00       .8541670E+00
      825       .8541670E+00       .8541670E+00
      826       .8958330E+00       .8541670E+00
      827       .9375010E+00       .8541670E+00
      828       .9791670E+00       .8541670E+00
      829       .2083300E-01       .8958330E+00
      830       .6250100E-01       .8958330E+00
      831       .1041670E+00       .8958330E+00
      832       .1458330E+00       .8958330E+00
      833       .1875010E+00       .8958330E+00
      834       .2291670E+00       .8958330E+00
      835       .2708330E+00       .8958330E+00
      836       .3125010E+00       .8958330E+00
      837       .3541670E+00       .8958330E+00
      838       .3958330E+00       .8958330E+00
      839       .4375010E+00       .8958330E+00
      840       .4791670E+00       .8958330E+00
      841       .5208330E+00       .8958330E+00
      842       .5625010E+00       .8958330E+00
      843       .6041670E+00       .8958330E+00
      844       .6458330E+00       .8958330E+00
      845       .6875010E+00       .8958330E+00
      846       .7291670E+00       .8958330E+00
      847       .7708330E+00       .8958330E+00
      848       .8125010E+00       .8958330E+00
      849       .8541670E+00       .8958330E+00
      850       .8958330E+00       .8958330E+00
      851       .9375010E+00       .8958330E+00
      852       .9791670E+00       .8958330E+00
      853       .2083300E-01       .9375000E+00
      854       .6250100E-01       .9375000E+00
      855       .1041670E+00       .9375000E+00
      856       .1458330E+00       .9375000E+00
      857       .1875010E+00       .9375000E+00
      858       .2291670E+00       .9375000E+00
      859       .2708330E+00       .9375000E+00
      860       .3125010E+00       .9375000E+00
      861       .3541670E+00       .9375000E+00
      862       .3958330E+00       .9375000E+00
      863       .4375010E+00       .9375000E+00
      864       .4791670E+00       .9375000E+00
      865       .5208330E+00       .9375000E+00
      866       .5625010E+00       .9375000E+00
      867       .6041670E+00       .9375000E+00
      868       .6458330E+00       .9375000E+00
      869       .6875010E+00       .9375000E+00
      870       .7291670E+00       .9375000E+00
      871       .7708330E+00       .9375000E+00
      872       .8125010E+00       .9375000E+00
      873       .8541670E+00       .9375000E+00
      874       .8958330E+00       .9375000E+00
      875       .9375010E+00       .9375000E+00
      876       .9791670E+00       .9375000E+00
      877       .2083300E-01       .9791670E+00
      878       .6250100E-01       .9791670E+00
      879       .1041670E+00       .9791670E+00
      880       .1458330E+00       .9791670E+00
      881       .1875010E+00       .9791670E+00
      882       .2291670E+00       .9791670E+00
      883       .2708330E+00       .9791670E+00
      884       .3125010E+00       .9791670E+00
      885       .3541670E+00       .9791670E+00
      886       .3958330E+00       .9791670E+00
      887       .4375010E+00       .9791670E+00
      888       .4791670E+00       .9791670E+00
      889       .5208330E+00       .9791670E+00
      890       .5625010E+00       .9791670E+00
      891       .6041670E+00       .9791670E+00
      892       .6458330E+00       .9791670E+00
      893       .6875010E+00       .9791670E+00
      894       .7291670E+00       .9791670E+00
      895       .7708330E+00       .9791670E+00
      896       .8125010E+00       .9791670E+00
      897       .8541670E+00       .9791670E+00
      898       .8958330E+00       .9791670E+00
      899       .9375010E+00       .9791670E+00
      900       .9791670E+00       .9791670E+00


  boundary conditions

     node      code     prescribed value
       1        1        324          .0000000E+00
       2        1          0          .0000000E+00
       3        1          0          .0000000E+00
       4        1          0          .0000000E+00
       5        1          0          .0000000E+00
       6        1          0          .0000000E+00
       7        1          0          .0000000E+00
       8        1          0          .0000000E+00
       9        1          0          .0000000E+00
      10        1          0          .0000000E+00
      11        1          0          .0000000E+00
      12        1          0          .0000000E+00
      13        1          0          .0000000E+00
      14        1          0          .0000000E+00
      15        1          0          .0000000E+00
      16        1          0          .0000000E+00
      17        1          0          .0000000E+00
      18        1          0          .0000000E+00
      19        1          0          .0000000E+00
      20        1          0          .0000000E+00
      21        1          0          .0000000E+00
      22        1          0          .0000000E+00
      23        1          0          .0000000E+00
      24        1          0          .0000000E+00
      25        1          0          .0000000E+00
      26        1          0          .0000000E+00
      27        1          0          .0000000E+00
      28        1          0          .0000000E+00
      29        1          0          .0000000E+00
      30        1          0          .0000000E+00
      31        1          0          .0000000E+00
      32        1          0          .0000000E+00
      33        1          0          .0000000E+00
      34        1          0          .0000000E+00
      35        1          0          .0000000E+00
      36        1          0          .0000000E+00
      37        1          0          .0000000E+00
      38        1          0          .0000000E+00
      39        1          0          .0000000E+00
      40        1          0          .0000000E+00
      41        1          0          .0000000E+00
      42        1          0          .0000000E+00
      43        1          0          .0000000E+00
      44        1          0          .0000000E+00
      45        1          0          .0000000E+00
      46        1          0          .0000000E+00
      47        1          0          .0000000E+00
      48        1          0          .0000000E+00
      49        1          0          .0000000E+00
      50        1          0          .0000000E+00
      51        1          0          .0000000E+00
      52        1          0          .0000000E+00
      53        1          0          .0000000E+00
      54        1          0          .0000000E+00
      55        1          0          .0000000E+00
      56        1          0          .0000000E+00
      57        1          0          .0000000E+00
      58        1          0          .0000000E+00
      59        1          0          .0000000E+00
      60        1          0          .0000000E+00
      61        1          0          .0000000E+00
      62        1          0          .0000000E+00
      63        1          0          .0000000E+00
      64        1          0          .0000000E+00
      65        1          0          .0000000E+00
      66        1          0          .0000000E+00
      67        1          0          .0000000E+00
      68        1          0          .0000000E+00
      69        1          0          .0000000E+00
      70        1          0          .0000000E+00
      71        1          0          .0000000E+00
      72        1          0          .0000000E+00
      73        1          0          .0000000E+00
      74        1          0          .0000000E+00
      75        1          0          .0000000E+00
      76        1          0          .0000000E+00
      77        1          0          .0000000E+00
      78        1          0          .0000000E+00
      79        1          0          .0000000E+00
      80        1          0          .0000000E+00
      81        1         82          .0000000E+00
      82        1         81          .1000000E+01
      83        1          0          .1000000E+01
      84        1          0          .1000000E+01
      85        1          0          .1000000E+01
      86        1          0          .1000000E+01
      87        1          0          .1000000E+01
      88        1          0          .1000000E+01
      89        1          0          .1000000E+01
      90        1          0          .1000000E+01
      91        1          0          .1000000E+01
      92        1          0          .1000000E+01
      93        1          0          .1000000E+01
      94        1          0          .1000000E+01
      95        1          0          .1000000E+01
      96        1          0          .1000000E+01
      97        1          0          .1000000E+01
      98        1          0          .1000000E+01
      99        1          0          .1000000E+01
     100        1          0          .1000000E+01
     101        1          0          .1000000E+01
     102        1          0          .1000000E+01
     103        1          0          .1000000E+01
     104        1          0          .1000000E+01
     105        1          0          .1000000E+01
     106        1          0          .1000000E+01
     107        1          0          .1000000E+01
     108        1          0          .1000000E+01
     109        1          0          .1000000E+01
     110        1          0          .1000000E+01
     111        1          0          .1000000E+01
     112        1          0          .1000000E+01
     113        1          0          .1000000E+01
     114        1          0          .1000000E+01
     115        1          0          .1000000E+01
     116        1          0          .1000000E+01
     117        1          0          .1000000E+01
     118        1          0          .1000000E+01
     119        1          0          .1000000E+01
     120        1          0          .1000000E+01
     121        1          0          .1000000E+01
     122        1          0          .1000000E+01
     123        1          0          .1000000E+01
     124        1          0          .1000000E+01
     125        1          0          .1000000E+01
     126        1          0          .1000000E+01
     127        1          0          .1000000E+01
     128        1          0          .1000000E+01
     129        1          0          .1000000E+01
     130        1          0          .1000000E+01
     131        1          0          .1000000E+01
     132        1          0          .1000000E+01
     133        1          0          .1000000E+01
     134        1          0          .1000000E+01
     135        1          0          .1000000E+01
     136        1          0          .1000000E+01
     137        1          0          .1000000E+01
     138        1          0          .1000000E+01
     139        1          0          .1000000E+01
     140        1          0          .1000000E+01
     141        1          0          .1000000E+01
     142        1          0          .1000000E+01
     143        1          0          .1000000E+01
     144        1          0          .1000000E+01
     145        1          0          .1000000E+01
     146        1          0          .1000000E+01
     147        1          0          .1000000E+01
     148        1          0          .1000000E+01
     149        1          0          .1000000E+01
     150        1          0          .1000000E+01
     151        1          0          .1000000E+01
     152        1          0          .1000000E+01
     153        1          0          .1000000E+01
     154        1          0          .1000000E+01
     155        1          0          .1000000E+01
     156        1          0          .1000000E+01
     157        1          0          .1000000E+01
     158        1          0          .1000000E+01
     159        1          0          .1000000E+01
     160        1          0          .1000000E+01
     161        1          0          .1000000E+01
     162        1        163          .1000000E+01
     163        1        162          .0000000E+00
     164        1          0          .0000000E+00
     165        1          0          .0000000E+00
     166        1          0          .0000000E+00
     167        1          0          .0000000E+00
     168        1          0          .0000000E+00
     169        1          0          .0000000E+00
     170        1          0          .0000000E+00
     171        1          0          .0000000E+00
     172        1          0          .0000000E+00
     173        1          0          .0000000E+00
     174        1          0          .0000000E+00
     175        1          0          .0000000E+00
     176        1          0          .0000000E+00
     177        1          0          .0000000E+00
     178        1          0          .0000000E+00
     179        1          0          .0000000E+00
     180        1          0          .0000000E+00
     181        1          0          .0000000E+00
     182        1          0          .0000000E+00
     183        1          0          .0000000E+00
     184        1          0          .0000000E+00
     185        1          0          .0000000E+00
     186        1          0          .0000000E+00
     187        1          0          .0000000E+00
     188        1          0          .0000000E+00
     189        1          0          .0000000E+00
     190        1          0          .0000000E+00
     191        1          0          .0000000E+00
     192        1          0          .0000000E+00
     193        1          0          .0000000E+00
     194        1          0          .0000000E+00
     195        1          0          .0000000E+00
     196        1          0          .0000000E+00
     197        1          0          .0000000E+00
     198        1          0          .0000000E+00
     199        1          0          .0000000E+00
     200        1          0          .0000000E+00
     201        1          0          .0000000E+00
     202        1          0          .0000000E+00
     203        1          0          .0000000E+00
     204        1          0          .0000000E+00
     205        1          0          .0000000E+00
     206        1          0          .0000000E+00
     207        1          0          .0000000E+00
     208        1          0          .0000000E+00
     209        1          0          .0000000E+00
     210        1          0          .0000000E+00
     211        1          0          .0000000E+00
     212        1          0          .0000000E+00
     213        1          0          .0000000E+00
     214        1          0          .0000000E+00
     215        1          0          .0000000E+00
     216        1          0          .0000000E+00
     217        1          0          .0000000E+00
     218        1          0          .0000000E+00
     219        1          0          .0000000E+00
     220        1          0          .0000000E+00
     221        1          0          .0000000E+00
     222        1          0          .0000000E+00
     223        1          0          .0000000E+00
     224        1          0          .0000000E+00
     225        1          0          .0000000E+00
     226        1          0          .0000000E+00
     227        1          0          .0000000E+00
     228        1          0          .0000000E+00
     229        1          0          .0000000E+00
     230        1          0          .0000000E+00
     231        1          0          .0000000E+00
     232        1          0          .0000000E+00
     233        1          0          .0000000E+00
     234        1          0          .0000000E+00
     235        1          0          .0000000E+00
     236        1          0          .0000000E+00
     237        1          0          .0000000E+00
     238        1          0          .0000000E+00
     239        1          0          .0000000E+00
     240        1          0          .0000000E+00
     241        1          0          .0000000E+00
     242        1          0          .0000000E+00
     243        1        244          .0000000E+00
     244        0        243          .0000000E+00
     245        0          0          .0000000E+00
     246        0          0          .0000000E+00
     247        0          0          .0000000E+00
     248        0          0          .0000000E+00
     249        0          0          .0000000E+00
     250        0          0          .0000000E+00
     251        0          0          .0000000E+00
     252        0          0          .0000000E+00
     253        0          0          .0000000E+00
     254        0          0          .0000000E+00
     255        0          0          .0000000E+00
     256        0          0          .0000000E+00
     257        0          0          .0000000E+00
     258        0          0          .0000000E+00
     259        0          0          .0000000E+00
     260        0          0          .0000000E+00
     261        0          0          .0000000E+00
     262        0          0          .0000000E+00
     263        0          0          .0000000E+00
     264        0          0          .0000000E+00
     265        0          0          .0000000E+00
     266        0          0          .0000000E+00
     267        0          0          .0000000E+00
     268        0          0          .0000000E+00
     269        0          0          .0000000E+00
     270        0          0          .0000000E+00
     271        0          0          .0000000E+00
     272        0          0          .0000000E+00
     273        0          0          .0000000E+00
     274        0          0          .0000000E+00
     275        0          0          .0000000E+00
     276        0          0          .0000000E+00
     277        0          0          .0000000E+00
     278        0          0          .0000000E+00
     279        0          0          .0000000E+00
     280        0          0          .0000000E+00
     281        0          0          .0000000E+00
     282        0          0          .0000000E+00
     283        0          0          .0000000E+00
     284        0          0          .0000000E+00
     285        0          0          .0000000E+00
     286        0          0          .0000000E+00
     287        0          0          .0000000E+00
     288        0          0          .0000000E+00
     289        0          0          .0000000E+00
     290        0          0          .0000000E+00
     291        0          0          .0000000E+00
     292        0          0          .0000000E+00
     293        0          0          .0000000E+00
     294        0          0          .0000000E+00
     295        0          0          .0000000E+00
     296        0          0          .0000000E+00
     297        0          0          .0000000E+00
     298        0          0          .0000000E+00
     299        0          0          .0000000E+00
     300        0          0          .0000000E+00
     301        0          0          .0000000E+00
     302        0          0          .0000000E+00
     303        0          0          .0000000E+00
     304        0          0          .0000000E+00
     305        0          0          .0000000E+00
     306        0          0          .0000000E+00
     307        0          0          .0000000E+00
     308        0          0          .0000000E+00
     309        0          0          .0000000E+00
     310        0          0          .0000000E+00
     311        0          0          .0000000E+00
     312        0          0          .0000000E+00
     313        0          0          .0000000E+00
     314        0          0          .0000000E+00
     315        0          0          .0000000E+00
     316        0          0          .0000000E+00
     317        0          0          .0000000E+00
     318        0          0          .0000000E+00
     319        0          0          .0000000E+00
     320        0          0          .0000000E+00
     321        0          0          .0000000E+00
     322        0          0          .0000000E+00
     323        0          0          .0000000E+00
     324        0          1          .0000000E+00


  incidence of geometric nodes

      first node      second node

       1          1       2
       2          2       3
       3          3       4
       4          4       5
       5          5       6
       6          6       7
       7          7       8
       8          8       9
       9          9      10
      10         10      11
      11         11      12
      12         12      13
      13         13      14
      14         14      15
      15         15      16
      16         16      17
      17         17      18
      18         18      19
      19         19      20
      20         20      21
      21         21      22
      22         22      23
      23         23      24
      24         24      25
      25         25      26
      26         26      27
      27         27      28
      28         28      29
      29         29      30
      30         30      31
      31         31      32
      32         32      33
      33         33      34
      34         34      35
      35         35      36
      36         36      37
      37         37      38
      38         38      39
      39         39      40
      40         40      41
      41         41      42
      42         42      43
      43         43      44
      44         44      45
      45         45      46
      46         46      47
      47         47      48
      48         48      49
      49         49      50
      50         50      51
      51         51      52
      52         52      53
      53         53      54
      54         54      55
      55         55      56
      56         56      57
      57         57      58
      58         58      59
      59         59      60
      60         60      61
      61         61      62
      62         62      63
      63         63      64
      64         64      65
      65         65      66
      66         66      67
      67         67      68
      68         68      69
      69         69      70
      70         70      71
      71         71      72
      72         72      73
      73         73      74
      74         74      75
      75         75      76
      76         76      77
      77         77      78
      78         78      79
      79         79      80
      80         80      81
      81         82      83
      82         83      84
      83         84      85
      84         85      86
      85         86      87
      86         87      88
      87         88      89
      88         89      90
      89         90      91
      90         91      92
      91         92      93
      92         93      94
      93         94      95
      94         95      96
      95         96      97
      96         97      98
      97         98      99
      98         99     100
      99        100     101
     100        101     102
     101        102     103
     102        103     104
     103        104     105
     104        105     106
     105        106     107
     106        107     108
     107        108     109
     108        109     110
     109        110     111
     110        111     112
     111        112     113
     112        113     114
     113        114     115
     114        115     116
     115        116     117
     116        117     118
     117        118     119
     118        119     120
     119        120     121
     120        121     122
     121        122     123
     122        123     124
     123        124     125
     124        125     126
     125        126     127
     126        127     128
     127        128     129
     128        129     130
     129        130     131
     130        131     132
     131        132     133
     132        133     134
     133        134     135
     134        135     136
     135        136     137
     136        137     138
     137        138     139
     138        139     140
     139        140     141
     140        141     142
     141        142     143
     142        143     144
     143        144     145
     144        145     146
     145        146     147
     146        147     148
     147        148     149
     148        149     150
     149        150     151
     150        151     152
     151        152     153
     152        153     154
     153        154     155
     154        155     156
     155        156     157
     156        157     158
     157        158     159
     158        159     160
     159        160     161
     160        161     162
     161        163     164
     162        164     165
     163        165     166
     164        166     167
     165        167     168
     166        168     169
     167        169     170
     168        170     171
     169        171     172
     170        172     173
     171        173     174
     172        174     175
     173        175     176
     174        176     177
     175        177     178
     176        178     179
     177        179     180
     178        180     181
     179        181     182
     180        182     183
     181        183     184
     182        184     185
     183        185     186
     184        186     187
     185        187     188
     186        188     189
     187        189     190
     188        190     191
     189        191     192
     190        192     193
     191        193     194
     192        194     195
     193        195     196
     194        196     197
     195        197     198
     196        198     199
     197        199     200
     198        200     201
     199        201     202
     200        202     203
     201        203     204
     202        204     205
     203        205     206
     204        206     207
     205        207     208
     206        208     209
     207        209     210
     208        210     211
     209        211     212
     210        212     213
     211        213     214
     212        214     215
     213        215     216
     214        216     217
     215        217     218
     216        218     219
     217        219     220
     218        220     221
     219        221     222
     220        222     223
     221        223     224
     222        224     225
     223        225     226
     224        226     227
     225        227     228
     226        228     229
     227        229     230
     228        230     231
     229        231     232
     230        232     233
     231        233     234
     232        234     235
     233        235     236
     234        236     237
     235        237     238
     236        238     239
     237        239     240
     238        240     241
     239        241     242
     240        242     243
     241        244     245
     242        245     246
     243        246     247
     244        247     248
     245        248     249
     246        249     250
     247        250     251
     248        251     252
     249        252     253
     250        253     254
     251        254     255
     252        255     256
     253        256     257
     254        257     258
     255        258     259
     256        259     260
     257        260     261
     258        261     262
     259        262     263
     260        263     264
     261        264     265
     262        265     266
     263        266     267
     264        267     268
     265        268     269
     266        269     270
     267        270     271
     268        271     272
     269        272     273
     270        273     274
     271        274     275
     272        275     276
     273        276     277
     274        277     278
     275        278     279
     276        279     280
     277        280     281
     278        281     282
     279        282     283
     280        283     284
     281        284     285
     282        285     286
     283        286     287
     284        287     288
     285        288     289
     286        289     290
     287        290     291
     288        291     292
     289        292     293
     290        293     294
     291        294     295
     292        295     296
     293        296     297
     294        297     298
     295        298     299
     296        299     300
     297        300     301
     298        301     302
     299        302     303
     300        303     304
     301        304     305
     302        305     306
     303        306     307
     304        307     308
     305        308     309
     306        309     310
     307        310     311
     308        311     312
     309        312     313
     310        313     314
     311        314     315
     312        315     316
     313        316     317
     314        317     318
     315        318     319
     316        319     320
     317        320     321
     318        321     322
     319        322     323
     320        323     324
 NOVAS COORDENADAS DOS NOS DUPLOS
      .0002      .0000
      .0125      .0000
      .0250      .0000
      .0375      .0000
      .0500      .0000
      .0625      .0000
      .0750      .0000
      .0875      .0000
      .1000      .0000
      .1125      .0000
      .1250      .0000
      .1375      .0000
      .1500      .0000
      .1625      .0000
      .1750      .0000
      .1875      .0000
      .2000      .0000
      .2125      .0000
      .2250      .0000
      .2375      .0000
      .2500      .0000
      .2625      .0000
      .2750      .0000
      .2875      .0000
      .3000      .0000
      .3125      .0000
      .3250      .0000
      .3375      .0000
      .3500      .0000
      .3625      .0000
      .3750      .0000
      .3875      .0000
      .4000      .0000
      .4125      .0000
      .4250      .0000
      .4375      .0000
      .4500      .0000
      .4625      .0000
      .4750      .0000
      .4875      .0000
      .5000      .0000
      .5125      .0000
      .5250      .0000
      .5375      .0000
      .5500      .0000
      .5625      .0000
      .5750      .0000
      .5875      .0000
      .6000      .0000
      .6125      .0000
      .6250      .0000
      .6375      .0000
      .6500      .0000
      .6625      .0000
      .6750      .0000
      .6875      .0000
      .7000      .0000
      .7125      .0000
      .7250      .0000
      .7375      .0000
      .7500      .0000
      .7625      .0000
      .7750      .0000
      .7875      .0000
      .8000      .0000
      .8125      .0000
      .8250      .0000
      .8375      .0000
      .8500      .0000
      .8625      .0000
      .8750      .0000
      .8875      .0000
      .9000      .0000
      .9125      .0000
      .9250      .0000
      .9375      .0000
      .9500      .0000
      .9625      .0000
      .9750      .0000
      .9875      .0000
      .9998      .0000
     1.0000      .0002
     1.0000      .0125
     1.0000      .0250
     1.0000      .0375
     1.0000      .0500
     1.0000      .0625
     1.0000      .0750
     1.0000      .0875
     1.0000      .1000
     1.0000      .1125
     1.0000      .1250
     1.0000      .1375
     1.0000      .1500
     1.0000      .1625
     1.0000      .1750
     1.0000      .1875
     1.0000      .2000
     1.0000      .2125
     1.0000      .2250
     1.0000      .2375
     1.0000      .2500
     1.0000      .2625
     1.0000      .2750
     1.0000      .2875
     1.0000      .3000
     1.0000      .3125
     1.0000      .3250
     1.0000      .3375
     1.0000      .3500
     1.0000      .3625
     1.0000      .3750
     1.0000      .3875
     1.0000      .4000
     1.0000      .4125
     1.0000      .4250
     1.0000      .4375
     1.0000      .4500
     1.0000      .4625
     1.0000      .4750
     1.0000      .4875
     1.0000      .5000
     1.0000      .5125
     1.0000      .5250
     1.0000      .5375
     1.0000      .5500
     1.0000      .5625
     1.0000      .5750
     1.0000      .5875
     1.0000      .6000
     1.0000      .6125
     1.0000      .6250
     1.0000      .6375
     1.0000      .6500
     1.0000      .6625
     1.0000      .6750
     1.0000      .6875
     1.0000      .7000
     1.0000      .7125
     1.0000      .7250
     1.0000      .7375
     1.0000      .7500
     1.0000      .7625
     1.0000      .7750
     1.0000      .7875
     1.0000      .8000
     1.0000      .8125
     1.0000      .8250
     1.0000      .8375
     1.0000      .8500
     1.0000      .8625
     1.0000      .8750
     1.0000      .8875
     1.0000      .9000
     1.0000      .9125
     1.0000      .9250
     1.0000      .9375
     1.0000      .9500
     1.0000      .9625
     1.0000      .9750
     1.0000      .9875
     1.0000      .9998
      .9998     1.0000
      .9875     1.0000
      .9750     1.0000
      .9625     1.0000
      .9500     1.0000
      .9375     1.0000
      .9250     1.0000
      .9125     1.0000
      .9000     1.0000
      .8875     1.0000
      .8750     1.0000
      .8625     1.0000
      .8500     1.0000
      .8375     1.0000
      .8250     1.0000
      .8125     1.0000
      .8000     1.0000
      .7875     1.0000
      .7750     1.0000
      .7625     1.0000
      .7500     1.0000
      .7375     1.0000
      .7250     1.0000
      .7125     1.0000
      .7000     1.0000
      .6875     1.0000
      .6750     1.0000
      .6625     1.0000
      .6500     1.0000
      .6375     1.0000
      .6250     1.0000
      .6125     1.0000
      .6000     1.0000
      .5875     1.0000
      .5750     1.0000
      .5625     1.0000
      .5500     1.0000
      .5375     1.0000
      .5250     1.0000
      .5125     1.0000
      .5000     1.0000
      .4875     1.0000
      .4750     1.0000
      .4625     1.0000
      .4500     1.0000
      .4375     1.0000
      .4250     1.0000
      .4125     1.0000
      .4000     1.0000
      .3875     1.0000
      .3750     1.0000
      .3625     1.0000
      .3500     1.0000
      .3375     1.0000
      .3250     1.0000
      .3125     1.0000
      .3000     1.0000
      .2875     1.0000
      .2750     1.0000
      .2625     1.0000
      .2500     1.0000
      .2375     1.0000
      .2250     1.0000
      .2125     1.0000
      .2000     1.0000
      .1875     1.0000
      .1750     1.0000
      .1625     1.0000
      .1500     1.0000
      .1375     1.0000
      .1250     1.0000
      .1125     1.0000
      .1000     1.0000
      .0875     1.0000
      .0750     1.0000
      .0625     1.0000
      .0500     1.0000
      .0375     1.0000
      .0250     1.0000
      .0125     1.0000
      .0002     1.0000
      .0000      .9998
      .0000      .9875
      .0000      .9750
      .0000      .9625
      .0000      .9500
      .0000      .9375
      .0000      .9250
      .0000      .9125
      .0000      .9000
      .0000      .8875
      .0000      .8750
      .0000      .8625
      .0000      .8500
      .0000      .8375
      .0000      .8250
      .0000      .8125
      .0000      .8000
      .0000      .7875
      .0000      .7750
      .0000      .7625
      .0000      .7500
      .0000      .7375
      .0000      .7250
      .0000      .7125
      .0000      .7000
      .0000      .6875
      .0000      .6750
      .0000      .6625
      .0000      .6500
      .0000      .6375
      .0000      .6250
      .0000      .6125
      .0000      .6000
      .0000      .5875
      .0000      .5750
      .0000      .5625
      .0000      .5500
      .0000      .5375
      .0000      .5250
      .0000      .5125
      .0000      .5000
      .0000      .4875
      .0000      .4750
      .0000      .4625
      .0000      .4500
      .0000      .4375
      .0000      .4250
      .0000      .4125
      .0000      .4000
      .0000      .3875
      .0000      .3750
      .0000      .3625
      .0000      .3500
      .0000      .3375
      .0000      .3250
      .0000      .3125
      .0000      .3000
      .0000      .2875
      .0000      .2750
      .0000      .2625
      .0000      .2500
      .0000      .2375
      .0000      .2250
      .0000      .2125
      .0000      .2000
      .0000      .1875
      .0000      .1750
      .0000      .1625
      .0000      .1500
      .0000      .1375
      .0000      .1250
      .0000      .1125
      .0000      .1000
      .0000      .0875
      .0000      .0750
      .0000      .0625
      .0000      .0500
      .0000      .0375
      .0000      .0250
      .0000      .0125
      .0000      .0002
   
 VALORES DE DFI  ************************************
      1  -.0210
      2  -.0194
      3  -.0179
      4  -.0163
      5  -.0147
      6  -.0130
      7  -.0114
      8  -.0098
      9  -.0081
     10  -.0064
     11  -.0047
     12  -.0030
     13  -.0013
     14   .0004
     15   .0022
     16   .0039
     17   .0057
     18   .0075
     19   .0093
     20   .0111
     21   .0130
     22   .0148
     23   .0167
     24   .0186
     25   .0205
     26   .0224
     27   .0243
     28   .0263
     29   .0282
     30   .0302
     31   .0322
     32   .0343
     33   .0363
     34   .0384
     35   .0404
     36   .0425
     37   .0446
     38   .0468
     39   .0489
     40   .0511
     41   .0533
     42   .0555
     43   .0577
     44   .0600
     45   .0623
     46   .0646
     47   .0669
     48   .0692
     49   .0716
     50   .0739
     51   .0763
     52   .0788
     53   .0812
     54   .0837
     55   .0862
     56   .0887
     57   .0912
     58   .0938
     59   .0963
     60   .0990
     61   .1016
     62   .1042
     63   .1069
     64   .1096
     65   .1123
     66   .1151
     67   .1178
     68   .1206
     69   .1234
     70   .1263
     71   .1291
     72   .1320
     73   .1349
     74   .1379
     75   .1409
     76   .1438
     77   .1469
     78   .1499
     79   .1530
     80   .1560
     81   .1591
     82   .1595
     83   .1698
     84   .1778
     85   .1846
     86   .1907
     87   .1964
     88   .2016
     89   .2064
     90   .2109
     91   .2151
     92   .2191
     93   .2229
     94   .2264
     95   .2298
     96   .2330
     97   .2360
     98   .2388
     99   .2415
    100   .2440
    101   .2464
    102   .2487
    103   .2508
    104   .2528
    105   .2546
    106   .2564
    107   .2580
    108   .2595
    109   .2609
    110   .2622
    111   .2634
    112   .2644
    113   .2654
    114   .2663
    115   .2670
    116   .2677
    117   .2682
    118   .2687
    119   .2690
    120   .2693
    121   .2694
    122   .2695
    123   .2694
    124   .2693
    125   .2690
    126   .2687
    127   .2682
    128   .2677
    129   .2670
    130   .2663
    131   .2654
    132   .2644
    133   .2634
    134   .2622
    135   .2609
    136   .2595
    137   .2580
    138   .2564
    139   .2546
    140   .2528
    141   .2508
    142   .2487
    143   .2464
    144   .2440
    145   .2415
    146   .2388
    147   .2360
    148   .2330
    149   .2298
    150   .2264
    151   .2229
    152   .2191
    153   .2151
    154   .2109
    155   .2064
    156   .2016
    157   .1964
    158   .1907
    159   .1846
    160   .1778
    161   .1698
    162   .1595
    163   .1591
    164   .1560
    165   .1530
    166   .1499
    167   .1469
    168   .1438
    169   .1409
    170   .1379
    171   .1349
    172   .1320
    173   .1291
    174   .1263
    175   .1234
    176   .1206
    177   .1178
    178   .1151
    179   .1123
    180   .1096
    181   .1069
    182   .1042
    183   .1016
    184   .0990
    185   .0963
    186   .0938
    187   .0912
    188   .0887
    189   .0862
    190   .0837
    191   .0812
    192   .0788
    193   .0763
    194   .0739
    195   .0716
    196   .0692
    197   .0669
    198   .0646
    199   .0623
    200   .0600
    201   .0577
    202   .0555
    203   .0533
    204   .0511
    205   .0489
    206   .0468
    207   .0446
    208   .0425
    209   .0404
    210   .0384
    211   .0363
    212   .0343
    213   .0322
    214   .0302
    215   .0282
    216   .0263
    217   .0243
    218   .0224
    219   .0205
    220   .0186
    221   .0167
    222   .0148
    223   .0130
    224   .0111
    225   .0093
    226   .0075
    227   .0057
    228   .0039
    229   .0022
    230   .0004
    231  -.0013
    232  -.0030
    233  -.0047
    234  -.0064
    235  -.0081
    236  -.0098
    237  -.0114
    238  -.0130
    239  -.0147
    240  -.0163
    241  -.0179
    242  -.0194
    243  -.0210
    244  -.0210
    245  -.0203
    246  -.0197
    247  -.0190
    248  -.0183
    249  -.0177
    250  -.0171
    251  -.0165
    252  -.0159
    253  -.0153
    254  -.0148
    255  -.0142
    256  -.0137
    257  -.0132
    258  -.0127
    259  -.0122
    260  -.0118
    261  -.0113
    262  -.0109
    263  -.0105
    264  -.0101
    265  -.0097
    266  -.0094
    267  -.0090
    268  -.0087
    269  -.0084
    270  -.0081
    271  -.0079
    272  -.0076
    273  -.0074
    274  -.0072
    275  -.0070
    276  -.0068
    277  -.0067
    278  -.0065
    279  -.0064
    280  -.0063
    281  -.0063
    282  -.0062
    283  -.0062
    284  -.0062
    285  -.0062
    286  -.0062
    287  -.0063
    288  -.0063
    289  -.0064
    290  -.0065
    291  -.0067
    292  -.0068
    293  -.0070
    294  -.0072
    295  -.0074
    296  -.0076
    297  -.0079
    298  -.0081
    299  -.0084
    300  -.0087
    301  -.0090
    302  -.0094
    303  -.0097
    304  -.0101
    305  -.0105
    306  -.0109
    307  -.0113
    308  -.0118
    309  -.0122
    310  -.0127
    311  -.0132
    312  -.0137
    313  -.0142
    314  -.0148
    315  -.0153
    316  -.0159
    317  -.0165
    318  -.0171
    319  -.0177
    320  -.0183
    321  -.0190
    322  -.0197
    323  -.0203
    324  -.0210
    325  -.0172
    326  -.0118
    327  -.0062
    328  -.0005
    329   .0054
    330   .0115
    331   .0178
    332   .0242
    333   .0309
    334   .0378
    335   .0449
    336   .0522
    337   .0597
    338   .0676
    339   .0756
    340   .0840
    341   .0927
    342   .1016
    343   .1109
    344   .1206
    345   .1308
    346   .1414
    347   .1529
    348   .1663
    349  -.0150
    350  -.0094
    351  -.0037
    352   .0022
    353   .0083
    354   .0146
    355   .0211
    356   .0278
    357   .0347
    358   .0419
    359   .0494
    360   .0571
    361   .0651
    362   .0734
    363   .0820
    364   .0910
    365   .1004
    366   .1102
    367   .1205
    368   .1314
    369   .1430
    370   .1557
    371   .1698
    372   .1865
    373  -.0129
    374  -.0072
    375  -.0013
    376   .0047
    377   .0110
    378   .0175
    379   .0242
    380   .0311
    381   .0383
    382   .0458
    383   .0536
    384   .0617
    385   .0701
    386   .0788
    387   .0880
    388   .0976
    389   .1076
    390   .1182
    391   .1295
    392   .1415
    393   .1544
    394   .1685
    395   .1843
    396   .2023
    397  -.0110
    398  -.0052
    399   .0008
    400   .0070
    401   .0135
    402   .0201
    403   .0271
    404   .0342
    405   .0417
    406   .0494
    407   .0575
    408   .0659
    409   .0747
    410   .0839
    411   .0935
    412   .1037
    413   .1144
    414   .1257
    415   .1377
    416   .1506
    417   .1645
    418   .1797
    419   .1965
    420   .2151
    421  -.0093
    422  -.0034
    423   .0028
    424   .0091
    425   .0157
    426   .0226
    427   .0297
    428   .0370
    429   .0447
    430   .0527
    431   .0611
    432   .0698
    433   .0789
    434   .0885
    435   .0986
    436   .1092
    437   .1205
    438   .1324
    439   .1451
    440   .1587
    441   .1734
    442   .1893
    443   .2067
    444   .2258
    445  -.0078
    446  -.0018
    447   .0045
    448   .0110
    449   .0177
    450   .0247
    451   .0320
    452   .0395
    453   .0474
    454   .0557
    455   .0643
    456   .0733
    457   .0827
    458   .0927
    459   .1031
    460   .1142
    461   .1259
    462   .1383
    463   .1516
    464   .1658
    465   .1810
    466   .1975
    467   .2153
    468   .2346
    469  -.0065
    470  -.0003
    471   .0060
    472   .0126
    473   .0195
    474   .0266
    475   .0340
    476   .0417
    477   .0498
    478   .0582
    479   .0671
    480   .0763
    481   .0860
    482   .0963
    483   .1071
    484   .1185
    485   .1306
    486   .1434
    487   .1571
    488   .1718
    489   .1875
    490   .2043
    491   .2224
    492   .2419
    493  -.0054
    494   .0008
    495   .0073
    496   .0140
    497   .0209
    498   .0282
    499   .0357
    500   .0436
    501   .0518
    502   .0604
    503   .0694
    504   .0789
    505   .0888
    506   .0993
    507   .1104
    508   .1221
    509   .1345
    510   .1477
    511   .1618
    512   .1768
    513   .1928
    514   .2099
    515   .2282
    516   .2477
    517  -.0045
    518   .0018
    519   .0083
    520   .0151
    521   .0221
    522   .0295
    523   .0371
    524   .0451
    525   .0534
    526   .0622
    527   .0713
    528   .0810
    529   .0911
    530   .1018
    531   .1131
    532   .1250
    533   .1377
    534   .1511
    535   .1655
    536   .1807
    537   .1969
    538   .2143
    539   .2327
    540   .2523
    541  -.0038
    542   .0025
    543   .0091
    544   .0159
    545   .0230
    546   .0304
    547   .0381
    548   .0462
    549   .0546
    550   .0635
    551   .0728
    552   .0825
    553   .0928
    554   .1036
    555   .1151
    556   .1272
    557   .1401
    558   .1537
    559   .1682
    560   .1836
    561   .2000
    562   .2175
    563   .2360
    564   .2557
    565  -.0033
    566   .0030
    567   .0096
    568   .0165
    569   .0236
    570   .0311
    571   .0388
    572   .0470
    573   .0555
    574   .0644
    575   .0737
    576   .0836
    577   .0939
    578   .1049
    579   .1164
    580   .1287
    581   .1417
    582   .1554
    583   .1700
    584   .1856
    585   .2021
    586   .2196
    587   .2382
    588   .2580
    589  -.0031
    590   .0033
    591   .0099
    592   .0168
    593   .0239
    594   .0314
    595   .0392
    596   .0474
    597   .0559
    598   .0648
    599   .0742
    600   .0841
    601   .0945
    602   .1055
    603   .1171
    604   .1294
    605   .1424
    606   .1563
    607   .1710
    608   .1865
    609   .2031
    610   .2207
    611   .2393
    612   .2591
    613  -.0031
    614   .0033
    615   .0099
    616   .0168
    617   .0239
    618   .0314
    619   .0392
    620   .0474
    621   .0559
    622   .0648
    623   .0742
    624   .0841
    625   .0945
    626   .1055
    627   .1171
    628   .1294
    629   .1424
    630   .1563
    631   .1710
    632   .1865
    633   .2031
    634   .2207
    635   .2393
    636   .2591
    637  -.0033
    638   .0030
    639   .0096
    640   .0165
    641   .0236
    642   .0311
    643   .0388
    644   .0470
    645   .0555
    646   .0644
    647   .0737
    648   .0836
    649   .0939
    650   .1049
    651   .1164
    652   .1287
    653   .1417
    654   .1554
    655   .1700
    656   .1856
    657   .2021
    658   .2196
    659   .2382
    660   .2580
    661  -.0038
    662   .0025
    663   .0091
    664   .0159
    665   .0230
    666   .0304
    667   .0381
    668   .0462
    669   .0546
    670   .0635
    671   .0728
    672   .0825
    673   .0928
    674   .1036
    675   .1151
    676   .1272
    677   .1401
    678   .1537
    679   .1682
    680   .1836
    681   .2000
    682   .2175
    683   .2360
    684   .2557
    685  -.0045
    686   .0018
    687   .0083
    688   .0151
    689   .0221
    690   .0295
    691   .0371
    692   .0451
    693   .0534
    694   .0622
    695   .0713
    696   .0810
    697   .0911
    698   .1018
    699   .1131
    700   .1250
    701   .1377
    702   .1511
    703   .1655
    704   .1807
    705   .1969
    706   .2143
    707   .2327
    708   .2523
    709  -.0054
    710   .0008
    711   .0073
    712   .0140
    713   .0209
    714   .0282
    715   .0357
    716   .0436
    717   .0518
    718   .0604
    719   .0694
    720   .0789
    721   .0888
    722   .0993
    723   .1104
    724   .1221
    725   .1345
    726   .1477
    727   .1618
    728   .1768
    729   .1928
    730   .2099
    731   .2282
    732   .2477
    733  -.0065
    734  -.0003
    735   .0060
    736   .0126
    737   .0195
    738   .0266
    739   .0340
    740   .0417
    741   .0498
    742   .0582
    743   .0671
    744   .0763
    745   .0860
    746   .0963
    747   .1071
    748   .1185
    749   .1306
    750   .1434
    751   .1571
    752   .1718
    753   .1875
    754   .2043
    755   .2224
    756   .2419
    757  -.0078
    758  -.0018
    759   .0045
    760   .0110
    761   .0177
    762   .0247
    763   .0320
    764   .0395
    765   .0474
    766   .0557
    767   .0643
    768   .0733
    769   .0827
    770   .0927
    771   .1031
    772   .1142
    773   .1259
    774   .1383
    775   .1516
    776   .1658
    777   .1810
    778   .1975
    779   .2153
    780   .2346
    781  -.0093
    782  -.0034
    783   .0028
    784   .0091
    785   .0157
    786   .0226
    787   .0297
    788   .0370
    789   .0447
    790   .0527
    791   .0611
    792   .0698
    793   .0789
    794   .0885
    795   .0986
    796   .1092
    797   .1205
    798   .1324
    799   .1451
    800   .1587
    801   .1734
    802   .1893
    803   .2067
    804   .2258
    805  -.0110
    806  -.0052
    807   .0008
    808   .0070
    809   .0135
    810   .0201
    811   .0271
    812   .0342
    813   .0417
    814   .0494
    815   .0575
    816   .0659
    817   .0747
    818   .0839
    819   .0935
    820   .1037
    821   .1144
    822   .1257
    823   .1377
    824   .1506
    825   .1645
    826   .1797
    827   .1965
    828   .2151
    829  -.0129
    830  -.0072
    831  -.0013
    832   .0047
    833   .0110
    834   .0175
    835   .0242
    836   .0311
    837   .0383
    838   .0458
    839   .0536
    840   .0617
    841   .0701
    842   .0788
    843   .0880
    844   .0976
    845   .1076
    846   .1182
    847   .1295
    848   .1415
    849   .1544
    850   .1685
    851   .1843
    852   .2023
    853  -.0150
    854  -.0094