 ************************************************************************************************************************
                         Exem


data

  number of boundary elements= 32

  number of functional nodes= 36

  number of internal source points where the funct. is calculated= 64




  coordinates of the source points of the boundary el ements

    point          x                  y
        1       .0000000E+00       .0000000E+00
        2       .1250000E+00       .0000000E+00
        3       .2500000E+00       .0000000E+00
        4       .3750000E+00       .0000000E+00
        5       .5000000E+00       .0000000E+00
        6       .6250000E+00       .0000000E+00
        7       .7500000E+00       .0000000E+00
        8       .8750000E+00       .0000000E+00
        9       .1000000E+01       .0000000E+00
       10       .1000000E+01       .0000000E+00
       11       .1000000E+01       .1250000E+00
       12       .1000000E+01       .2500000E+00
       13       .1000000E+01       .3750000E+00
       14       .1000000E+01       .5000000E+00
       15       .1000000E+01       .6250000E+00
       16       .1000000E+01       .7500000E+00
       17       .1000000E+01       .8750000E+00
       18       .1000000E+01       .1000000E+01
       19       .1000000E+01       .1000000E+01
       20       .8750000E+00       .1000000E+01
       21       .7500000E+00       .1000000E+01
       22       .6250000E+00       .1000000E+01
       23       .5000000E+00       .1000000E+01
       24       .3750000E+00       .1000000E+01
       25       .2500000E+00       .1000000E+01
       26       .1250000E+00       .1000000E+01
       27       .0000000E+00       .1000000E+01
       28       .0000000E+00       .1000000E+01
       29       .0000000E+00       .8750000E+00
       30       .0000000E+00       .7500000E+00
       31       .0000000E+00       .6250000E+00
       32       .0000000E+00       .5000000E+00
       33       .0000000E+00       .3750000E+00
       34       .0000000E+00       .2500000E+00
       35       .0000000E+00       .1250000E+00
       36       .0000000E+00       .0000000E+00
       37       .6250000E-01       .6250000E-01
       38       .1875000E+00       .6250000E-01
       39       .3125000E+00       .6250000E-01
       40       .4375000E+00       .6250000E-01
       41       .5625000E+00       .6250000E-01
       42       .6875000E+00       .6250000E-01
       43       .8125000E+00       .6250000E-01
       44       .9375000E+00       .6250000E-01
       45       .6250000E-01       .1875000E+00
       46       .1875000E+00       .1875000E+00
       47       .3125000E+00       .1875000E+00
       48       .4375000E+00       .1875000E+00
       49       .5625000E+00       .1875000E+00
       50       .6875000E+00       .1875000E+00
       51       .8125000E+00       .1875000E+00
       52       .9375000E+00       .1875000E+00
       53       .6250000E-01       .3125000E+00
       54       .1875000E+00       .3125000E+00
       55       .3125000E+00       .3125000E+00
       56       .4375000E+00       .3125000E+00
       57       .5625000E+00       .3125000E+00
       58       .6875000E+00       .3125000E+00
       59       .8125000E+00       .3125000E+00
       60       .9375000E+00       .3125000E+00
       61       .6250000E-01       .4375000E+00
       62       .1875000E+00       .4375000E+00
       63       .3125000E+00       .4375000E+00
       64       .4375000E+00       .4375000E+00
       65       .5625000E+00       .4375000E+00
       66       .6875000E+00       .4375000E+00
       67       .8125000E+00       .4375000E+00
       68       .9375000E+00       .4375000E+00
       69       .6250000E-01       .5625000E+00
       70       .1875000E+00       .5625000E+00
       71       .3125000E+00       .5625000E+00
       72       .4375000E+00       .5625000E+00
       73       .5625000E+00       .5625000E+00
       74       .6875000E+00       .5625000E+00
       75       .8125000E+00       .5625000E+00
       76       .9375000E+00       .5625000E+00
       77       .6250000E-01       .6875000E+00
       78       .1875000E+00       .6875000E+00
       79       .3125000E+00       .6875000E+00
       80       .4375000E+00       .6875000E+00
       81       .5625000E+00       .6875000E+00
       82       .6875000E+00       .6875000E+00
       83       .8125000E+00       .6875000E+00
       84       .9375000E+00       .6875000E+00
       85       .6250000E-01       .8125000E+00
       86       .1875000E+00       .8125000E+00
       87       .3125000E+00       .8125000E+00
       88       .4375000E+00       .8125000E+00
       89       .5625000E+00       .8125000E+00
       90       .6875000E+00       .8125000E+00
       91       .8125000E+00       .8125000E+00
       92       .9375000E+00       .8125000E+00
       93       .6250000E-01       .9375000E+00
       94       .1875000E+00       .9375000E+00
       95       .3125000E+00       .9375000E+00
       96       .4375000E+00       .9375000E+00
       97       .5625000E+00       .9375000E+00
       98       .6875000E+00       .9375000E+00
       99       .8125000E+00       .9375000E+00
      100       .9375000E+00       .9375000E+00


  boundary conditions

     node      code     prescribed value
       1        0         36          .0000000E+00
       2        0          0          .0000000E+00
       3        0          0          .0000000E+00
       4        0          0          .0000000E+00
       5        0          0          .0000000E+00
       6        0          0          .0000000E+00
       7        0          0          .0000000E+00
       8        0          0          .0000000E+00
       9        0         10          .0000000E+00
      10        0          9          .0000000E+00
      11        0          0          .0000000E+00
      12        0          0          .0000000E+00
      13        0          0          .0000000E+00
      14        0          0          .0000000E+00
      15        0          0          .0000000E+00
      16        0          0          .0000000E+00
      17        0          0          .0000000E+00
      18        0         19          .0000000E+00
      19        0         18          .0000000E+00
      20        0          0          .0000000E+00
      21        0          0          .0000000E+00
      22        0          0          .0000000E+00
      23        0          0          .0000000E+00
      24        0          0          .0000000E+00
      25        0          0          .0000000E+00
      26        0          0          .0000000E+00
      27        0         28          .0000000E+00
      28        0         27          .0000000E+00
      29        0          0          .0000000E+00
      30        0          0          .0000000E+00
      31        0          0          .0000000E+00
      32        0          0          .0000000E+00
      33        0          0          .0000000E+00
      34        0          0          .0000000E+00
      35        0          0          .0000000E+00
      36        0          1          .0000000E+00


  incidence of geometric nodes

      first node      second node

       1          1       2
       2          2       3
       3          3       4
       4          4       5
       5          5       6
       6          6       7
       7          7       8
       8          8       9
       9         10      11
      10         11      12
      11         12      13
      12         13      14
      13         14      15
      14         15      16
      15         16      17
      16         17      18
      17         19      20
      18         20      21
      19         21      22
      20         22      23
      21         23      24
      22         24      25
      23         25      26
      24         26      27
      25         28      29
      26         29      30
      27         30      31
      28         31      32
      29         32      33
      30         33      34
      31         34      35
      32         35      36
 NOVAS COORDENADAS DOS NOS DUPLOS
      .0025      .0000
      .1250      .0000
      .2500      .0000
      .3750      .0000
      .5000      .0000
      .6250      .0000
      .7500      .0000
      .8750      .0000
      .9975      .0000
     1.0000      .0025
     1.0000      .1250
     1.0000      .2500
     1.0000      .3750
     1.0000      .5000
     1.0000      .6250
     1.0000      .7500
     1.0000      .8750
     1.0000      .9975
      .9975     1.0000
      .8750     1.0000
      .7500     1.0000
      .6250     1.0000
      .5000     1.0000
      .3750     1.0000
      .2500     1.0000
      .1250     1.0000
      .0025     1.0000
      .0000      .9975
      .0000      .8750
      .0000      .7500
      .0000      .6250
      .0000      .5000
      .0000      .3750
      .0000      .2500
      .0000      .1250
      .0000      .0025
 TESTE
    .0000
    .0000
    .0000
    .0000
    .0000
    .0000
    .0000
    .0000
    .0000
    .0000
    .0000
    .0000
    .0000
    .0000
    .0000
    .0000
    .0000
    .0000
    .0000
    .0000
    .0000
    .0000
    .0000
    .0000
    .0000
    .0000
    .0000
    .0000
    .0000
    .0000
    .0000
    .0000
    .0000
    .0000
    .0000
    .0000
    .0000
    .0000
    .0000
    .0000
    .0000
    .0000
    .0000
    .0000
    .0000
    .0000
    .0000
    .0000
    .0000
    .0000
    .0000
    .0000
    .0000
    .0000
    .0000
    .0000
    .0000
    .0000
    .0000
    .0000
    .0000
    .0000
    .0000
    .0000
    .0000
    .0000
    .0000
    .0000
    .0000
    .0000
    .0000
    .0000
    .0000
    .0000
    .0000
    .0000
    .0000
    .0000
    .0000
    .0000
    .0000
    .0000
    .0000
    .0000
    .0000
    .0000
    .0000
    .0000
    .0000
    .0000
    .0000
    .0000
    .0000
    .0000
    .0000
    .0000
    .0000
    .0000
    .0000
    .0000
    .74846
   1.15589
    .93013
   1.03688
    .98205
   1.00910
    .99548
   1.00227
    .99887
   1.00057
    .99972
   1.00014
    .99993
   1.00004
    .99998
   1.00001
   1.00000
   1.00000
   1.00000
   1.00000
   1.00000
   1.00000
   1.00000
   1.00000
   1.00000
   1.00000
   1.00000
   1.00000
   1.00000
   1.00000
   1.00000
   1.00000
   1.00000
   1.00000
   1.00000
   1.00000
   1.00000
   1.00000
   1.00000
   1.00000
   1.00000
   1.00000
   1.00000
   1.00000
   1.00000
   1.00000
   1.00000
   1.00000
   1.00000
   1.00000
   1.00000
   1.00000
   1.00000
   1.00000
   1.00000
   1.00000
   1.00000
   1.00000
   1.00000
   1.00000
   1.00000
   1.00000
   1.00000
   1.00000
   1.00000
   1.00000
   1.00000
   1.00000
   1.00000
   1.00000
   1.00000
   1.00000
   1.00000
   1.00000
   1.00000
   1.00000
   1.00000
   1.00000
   1.00000
   1.00000
   1.00000
   1.00000
   1.00000
   1.00000
   1.00000
   1.00000
   1.00000
   1.00000
   1.00000
   1.00000
   1.00000
   1.00000
   1.00000
   1.00000
   1.00000
   1.00000
   1.00000
   1.00000
   1.00000
   1.00000
   1.00000
   1.00000
   1.00000
   1.00000
   1.00000
   1.00000
   1.00000
   1.00000
   1.00000
   1.00000
   1.00000
   1.00000
   1.00000
   1.00000
   1.00000
   1.00000
   1.00000
   1.00000
   1.00000
   1.00000
   1.00000
   1.00000
   1.00000
   1.00000
   1.00000
   1.00000



           - AUTOVALORES - 
          REAL     IMAGINARIO
           1        1.785100271985753       -3.683358476209222
           2        1.785100271985753        3.683358476209222
           3        3.582370985427808   0.000000000000000E+000
           4        2.758907482557836   0.000000000000000E+000
           5        2.560290894709865  -6.664980353712630E-001
           6        2.560290894709865   6.664980353712630E-001
           7        2.598544065327119   0.000000000000000E+000
           8        2.141394062304744       -1.347490602317609
           9        2.141394062304744        1.347490602317609
          10        2.382073898048064  -6.109827249944649E-001
          11        2.382073898048064   6.109827249944649E-001
          12        1.976996217124484       -1.330344142247625
          13        1.976996217124484        1.330344142247625
          14        1.449871659682012       -1.922294035956165
          15        1.449871659682012        1.922294035956165
          16        2.058290664113486  -7.592474366016894E-001
          17        2.058290664113486   7.592474366016894E-001
          18   8.256213472749066E-001       -2.128786133582974
          19   8.256213472749066E-001        2.128786133582974
          20        1.247596900774348       -1.751763124180115
          21        1.247596900774348        1.751763124180115
          22       -1.406791243017499       -1.885942561662583
          23       -1.406791243017499        1.885942561662583
          24   6.817851960025795E-001       -1.940397455833195
          25   6.817851960025795E-001        1.940397455833195
          26   1.432955738152137E-001       -2.073632785759495
          27   1.432955738152137E-001        2.073632785759495
          28   1.433434611464657E-001       -2.012877707852326
          29   1.433434611464657E-001        2.012877707852326
          30   6.655439743452063E-004       -1.894192265304129
          31   6.655439743452063E-004        1.894192265304129
          32   3.872581733182436E-001       -1.817590424984615
          33   3.872581733182436E-001        1.817590424984615
          34   9.258541483217737E-001       -1.559569784244760
          35   9.258541483217737E-001        1.559569784244760
          36  -3.712855461066921E-001       -1.859663862963025
          37  -3.712855461066921E-001        1.859663862963025
          38  -2.260793565762238E-001       -1.794838867854525
          39  -2.260793565762238E-001        1.794838867854525
          40  -2.929113899124101E-001       -1.753588053234235
          41  -2.929113899124101E-001        1.753588053234235
          42  -9.925488442668029E-001       -1.459822859817699
          43  -9.925488442668029E-001        1.459822859817699
          44        1.528747411127705  -3.725344855840287E-001
          45        1.528747411127705   3.725344855840287E-001
          46        1.512518053889906   0.000000000000000E+000
          47        1.206365812078325  -8.646373614707766E-001
          48        1.206365812078325   8.646373614707766E-001
          49        1.213382787568702  -7.709362595030871E-001
          50        1.213382787568702   7.709362595030871E-001
          51        1.394773470913926  -2.652717153895003E-001
          52        1.394773470913926   2.652717153895003E-001
          53   7.440749084051660E-001       -1.305852579537588
          54   7.440749084051660E-001        1.305852579537588
          55   7.108034221470574E-001       -1.303368016978152
          56   7.108034221470574E-001        1.303368016978152
          57  -4.933613704671745E-001       -1.545180976036896
          58  -4.933613704671745E-001        1.545180976036896
          59       -1.243830025195506       -1.141518524525009
          60       -1.243830025195506        1.141518524525009
          61       -1.618148816010837  -5.745216204348346E-001
          62       -1.618148816010837   5.745216204348346E-001
          63       -1.472695364497889  -8.282037903086545E-001
          64       -1.472695364497889   8.282037903086545E-001
          65  -6.134011406014372E-001       -1.449980148747219
          66  -6.134011406014372E-001        1.449980148747219
          67   9.363827384304502E-002       -1.475493646241549
          68   9.363827384304502E-002        1.475493646241549
          69   1.222469664542031E-001       -1.462632989073064
          70   1.222469664542031E-001        1.462632989073064
          71       -1.622912272078448  -1.999112610129526E-001
          72       -1.622912272078448   1.999112610129526E-001
          73  -6.151455611166495E-001       -1.384846049382082
          74  -6.151455611166495E-001        1.384846049382082
          75       -1.604011805188278  -8.638388367908040E-002
          76       -1.604011805188278   8.638388367908040E-002
          77  -8.079283328432398E-001       -1.214148343905501
          78  -8.079283328432398E-001        1.214148343905501
          79  -4.632977190090140E-001       -1.314301703374908
          80  -4.632977190090140E-001        1.314301703374908
          81       -1.079306450794648  -9.902798277696052E-001
          82       -1.079306450794648   9.902798277696052E-001
          83   5.392469190494225E-001       -1.116799246392059
          84   5.392469190494225E-001        1.116799246392059
          85   9.102641644268934E-001  -7.479129431964041E-001
          86   9.102641644268934E-001   7.479129431964041E-001
          87        1.135673714009639  -2.532760770671321E-001
          88        1.135673714009639   2.532760770671321E-001
          89   9.747429192107713E-001  -5.957946440982607E-001
          90   9.747429192107713E-001   5.957946440982607E-001
          91        1.119260002473606   0.000000000000000E+000
          92        1.057532915622204  -2.623516121636869E-001
          93        1.057532915622204   2.623516121636869E-001
          94   9.163916366065451E-001  -5.113799492448339E-001
          95   9.163916366065451E-001   5.113799492448339E-001
          96   3.927495454467709E-001       -1.047648156063021
          97   3.927495454467709E-001        1.047648156063021
          98   9.721078128621604E-001  -2.839593209593841E-001
          99   9.721078128621604E-001   2.839593209593841E-001
         100   8.358288763938606E-001  -5.561767089315638E-001
         101   8.358288763938606E-001   5.561767089315638E-001
         102   9.632590212727985E-001  -8.228009803581957E-002
         103   9.632590212727985E-001   8.228009803581957E-002
         104   8.119675445903373E-001  -5.417843414571757E-001
         105   8.119675445903373E-001   5.417843414571757E-001
         106   8.833554444771852E-001  -2.832398853063019E-001
         107   8.833554444771852E-001   2.832398853063019E-001
         108   6.280654616021063E-001  -8.357916526975409E-001
         109   6.280654616021063E-001   8.357916526975409E-001
         110   5.611848928148259E-001  -8.743216041065390E-001
         111   5.611848928148259E-001   8.743216041065390E-001
         112   5.774968942158473E-001  -8.341412394017540E-001
         113   5.774968942158473E-001   8.341412394017540E-001
         114   8.796642760242229E-001  -1.052038085805398E-001
         115   8.796642760242229E-001   1.052038085805398E-001
         116   7.013851186505812E-001  -6.302662988437521E-001
         117   7.013851186505812E-001   6.302662988437521E-001
         118  -6.397151066030442E-001       -1.190275728282777
         119  -6.397151066030442E-001        1.190275728282777
         120   1.413153353464556E-001       -1.139109945915869
         121   1.413153353464556E-001        1.139109945915869
         122       -1.130774825485549  -8.533020609182597E-001
         123       -1.130774825485549   8.533020609182597E-001
         124   6.062617224169958E-001  -6.622055595200577E-001
         125   6.062617224169958E-001   6.622055595200577E-001
         126   1.481940587871203E-001       -1.083545366817149
         127   1.481940587871203E-001        1.083545366817149
         128   2.762949699232535E-001  -9.912613629960180E-001
         129   2.762949699232535E-001   9.912613629960180E-001
         130   2.116911916012426E-001       -1.012281106586711
         131   2.116911916012426E-001        1.012281106586711
         132       -1.287725693393128  -5.961643461340485E-001
         133       -1.287725693393128   5.961643461340485E-001
         134  -1.522518287572128E-002       -1.091935597010311
         135  -1.522518287572128E-002        1.091935597010311
         136  -9.353757690593956E-002       -1.090399592190125
         137  -9.353757690593956E-002        1.090399592190125
         138       -1.157274026900865  -7.164859838659679E-001
         139       -1.157274026900865   7.164859838659679E-001
         140  -1.811821155123121E-001       -1.059293550955128
         141  -1.811821155123121E-001        1.059293550955128
         142  -3.122376766568688E-001       -1.069312217173098
         143  -3.122376766568688E-001        1.069312217173098
         144  -3.646954864027753E-001       -1.039445729988654
         145  -3.646954864027753E-001        1.039445729988654
         146       -1.278505227863160  -2.848671561775061E-001
         147       -1.278505227863160   2.848671561775061E-001
         148  -6.922692949822329E-001  -9.714212893473547E-001
         149  -6.922692949822329E-001   9.714212893473547E-001
         150       -1.299648856537118  -5.672075715043897E-003
         151       -1.299648856537118   5.672075715043897E-003
         152       -1.251269027817736  -7.310052954589738E-002
         153       -1.251269027817736   7.310052954589738E-002
         154       -1.206304051033897  -2.418605903615574E-001
         155       -1.206304051033897   2.418605903615574E-001
         156       -1.135186759672616  -4.474658958505123E-001
         157       -1.135186759672616   4.474658958505123E-001
         158  -9.712200701586591E-001  -6.909965947410780E-001
         159  -9.712200701586591E-001   6.909965947410780E-001
         160  -7.261158464994530E-001  -9.113190840446469E-001
         161  -7.261158464994530E-001   9.113190840446469E-001
         162  -8.089377811075957E-001  -8.489775972048406E-001
         163  -8.089377811075957E-001   8.489775972048406E-001
         164  -4.695823317498337E-001  -9.554596451223673E-001
         165  -4.695823317498337E-001   9.554596451223673E-001
         166  -5.051431669656541E-001  -9.385722528466909E-001
         167  -5.051431669656541E-001   9.385722528466909E-001
         168  -1.576901447841165E-001  -9.186795882927517E-001
         169  -1.576901447841165E-001   9.186795882927517E-001
         170   1.423845321690754E-001  -8.045221808764135E-001
         171   1.423845321690754E-001   8.045221808764135E-001
         172  -6.956975440653794E-001  -8.675505612513738E-001
         173  -6.956975440653794E-001   8.675505612513738E-001
         174  -1.039999944099204E-001  -8.442464227777548E-001
         175  -1.039999944099204E-001   8.442464227777548E-001
         176       -1.012098125618210  -5.413803145358358E-001
         177       -1.012098125618210   5.413803145358358E-001
         178       -1.112627798287933  -1.945210432097796E-001
         179       -1.112627798287933   1.945210432097796E-001
         180  -2.891499044508801E-001  -7.978107521201395E-001
         181  -2.891499044508801E-001   7.978107521201395E-001
         182  -3.939104217590700E-001  -7.598645564465805E-001
         183  -3.939104217590700E-001   7.598645564465805E-001
         184  -7.024974266256421E-001  -7.567479382083732E-001
         185  -7.024974266256421E-001   7.567479382083732E-001
         186  -7.313016921256096E-001  -7.354476352609987E-001
         187  -7.313016921256096E-001   7.354476352609987E-001
         188  -7.284900555332330E-001  -7.025166049172225E-001
         189  -7.284900555332330E-001   7.025166049172225E-001
         190  -5.349329248689005E-001  -7.238515210140413E-001
         191  -5.349329248689005E-001   7.238515210140413E-001
         192  -9.441986315678922E-001  -4.104069541236734E-001
         193  -9.441986315678922E-001   4.104069541236734E-001
         194  -7.811369468265892E-001  -5.936628477173424E-001
         195  -7.811369468265892E-001   5.936628477173424E-001
         196  -9.469088674743131E-001  -3.622562186936746E-001
         197  -9.469088674743131E-001   3.622562186936746E-001
         198  -9.182171388634335E-001  -3.719355240466689E-001
         199  -9.182171388634335E-001   3.719355240466689E-001
         200  -7.271103310278935E-001  -5.658215624860369E-001
         201  -7.271103310278935E-001   5.658215624860369E-001
         202  -8.732016607357636E-001  -3.457617265537047E-001
         203  -8.732016607357636E-001   3.457617265537047E-001
         204  -9.765773441328649E-001  -3.439464572031287E-002
         205  -9.765773441328649E-001   3.439464572031287E-002
         206  -9.499971365906055E-001  -3.498726454942919E-002
         207  -9.499971365906055E-001   3.498726454942919E-002
         208  -5.419681933248097E-001  -6.177472948470262E-001
         209  -5.419681933248097E-001   6.177472948470262E-001
         210  -6.650813689386937E-001  -4.452757948177398E-001
         211  -6.650813689386937E-001   4.452757948177398E-001
         212  -8.364581089765768E-001   0.000000000000000E+000
         213  -7.348031930722345E-001  -3.272949241910417E-001
         214  -7.348031930722345E-001   3.272949241910417E-001
         215  -7.318244767850957E-001  -8.441411349736834E-002
         216  -7.318244767850957E-001   8.441411349736834E-002
         217  -7.186747064012726E-001   0.000000000000000E+000
         218  -6.251664907957892E-001  -2.525367980473943E-001
         219  -6.251664907957892E-001   2.525367980473943E-001
         220   5.784627776947654E-002  -7.639135264586913E-001
         221   5.784627776947654E-002   7.639135264586913E-001
         222  -4.343086923635058E-001  -3.732774288240083E-001
         223  -4.343086923635058E-001   3.732774288240083E-001
         224  -2.820204720883018E-001  -4.315181338801035E-001
         225  -2.820204720883018E-001   4.315181338801035E-001
         226  -1.573473508299107E-001  -5.053632980804089E-001
         227  -1.573473508299107E-001   5.053632980804089E-001
         228   2.457461937902124E-001  -6.016189006923658E-001
         229   2.457461937902124E-001   6.016189006923658E-001
         230  -8.577000573486548E-002  -4.501354138936909E-001
         231  -8.577000573486548E-002   4.501354138936909E-001
         232   2.448774809839403E-002  -4.220243210846507E-001
         233   2.448774809839403E-002   4.220243210846507E-001
         234   3.641415635455017E-001  -4.745365698862931E-001
         235   3.641415635455017E-001   4.745365698862931E-001
         236   1.476679555701271E-001  -3.838629288653668E-001
         237   1.476679555701271E-001   3.838629288653668E-001
         238   4.314747221378110E-001  -3.613798819687167E-001
         239   4.314747221378110E-001   3.613798819687167E-001
         240   2.445640265856096E-001  -3.488688491290606E-001
         241   2.445640265856096E-001   3.488688491290606E-001
         242   3.272635198667560E-001  -3.338134516238230E-001
         243   3.272635198667560E-001   3.338134516238230E-001
         244   4.654484200461658E-001  -2.394700150793492E-001
         245   4.654484200461658E-001   2.394700150793492E-001
         246   3.472964761626766E-001  -2.677550886240727E-001
         247   3.472964761626766E-001   2.677550886240727E-001
         248   4.628536275512622E-001  -1.068720325921171E-001
         249   4.628536275512622E-001   1.068720325921171E-001
         250   4.575558357430264E-001   0.000000000000000E+000
         251   4.308329653457855E-001  -6.747806148929052E-002
         252   4.308329653457855E-001   6.747806148929052E-002
         253   3.806048505011749E-001  -1.726203026754627E-001
         254   3.806048505011749E-001   1.726203026754627E-001
         255   9.491386519601169E-002  -2.282996081684438E-001
         256   9.491386519601169E-002   2.282996081684438E-001



           - AUTOVALORES DIFERENTES E REAIS e positivos - 
          REAL
           1   4.575558357430264E-001
           2        1.119260002473606
           3        1.512518053889906
           4        2.598544065327119
           5        2.758907482557836
           6        3.582370985427808
