 ************************************************************************************************************************
                         Exem


data

  number of boundary elements= 32

  number of functional nodes= 36

  number of internal source points where the funct. is calculated= 64




  coordinates of the source points of the boundary el ements

    point          x                  y
        1       .0000000E+00       .0000000E+00
        2       .1250000E+00       .0000000E+00
        3       .2500000E+00       .0000000E+00
        4       .3750000E+00       .0000000E+00
        5       .5000000E+00       .0000000E+00
        6       .6250000E+00       .0000000E+00
        7       .7500000E+00       .0000000E+00
        8       .8750000E+00       .0000000E+00
        9       .1000000E+01       .0000000E+00
       10       .1000000E+01       .0000000E+00
       11       .1000000E+01       .1250000E+00
       12       .1000000E+01       .2500000E+00
       13       .1000000E+01       .3750000E+00
       14       .1000000E+01       .5000000E+00
       15       .1000000E+01       .6250000E+00
       16       .1000000E+01       .7500000E+00
       17       .1000000E+01       .8750000E+00
       18       .1000000E+01       .1000000E+01
       19       .1000000E+01       .1000000E+01
       20       .8750000E+00       .1000000E+01
       21       .7500000E+00       .1000000E+01
       22       .6250000E+00       .1000000E+01
       23       .5000000E+00       .1000000E+01
       24       .3750000E+00       .1000000E+01
       25       .2500000E+00       .1000000E+01
       26       .1250000E+00       .1000000E+01
       27       .0000000E+00       .1000000E+01
       28       .0000000E+00       .1000000E+01
       29       .0000000E+00       .8750000E+00
       30       .0000000E+00       .7500000E+00
       31       .0000000E+00       .6250000E+00
       32       .0000000E+00       .5000000E+00
       33       .0000000E+00       .3750000E+00
       34       .0000000E+00       .2500000E+00
       35       .0000000E+00       .1250000E+00
       36       .0000000E+00       .0000000E+00
       37       .6250000E-01       .6250000E-01
       38       .1875000E+00       .6250000E-01
       39       .3125000E+00       .6250000E-01
       40       .4375000E+00       .6250000E-01
       41       .5625000E+00       .6250000E-01
       42       .6875000E+00       .6250000E-01
       43       .8125000E+00       .6250000E-01
       44       .9375000E+00       .6250000E-01
       45       .6250000E-01       .1875000E+00
       46       .1875000E+00       .1875000E+00
       47       .3125000E+00       .1875000E+00
       48       .4375000E+00       .1875000E+00
       49       .5625000E+00       .1875000E+00
       50       .6875000E+00       .1875000E+00
       51       .8125000E+00       .1875000E+00
       52       .9375000E+00       .1875000E+00
       53       .6250000E-01       .3125000E+00
       54       .1875000E+00       .3125000E+00
       55       .3125000E+00       .3125000E+00
       56       .4375000E+00       .3125000E+00
       57       .5625000E+00       .3125000E+00
       58       .6875000E+00       .3125000E+00
       59       .8125000E+00       .3125000E+00
       60       .9375000E+00       .3125000E+00
       61       .6250000E-01       .4375000E+00
       62       .1875000E+00       .4375000E+00
       63       .3125000E+00       .4375000E+00
       64       .4375000E+00       .4375000E+00
       65       .5625000E+00       .4375000E+00
       66       .6875000E+00       .4375000E+00
       67       .8125000E+00       .4375000E+00
       68       .9375000E+00       .4375000E+00
       69       .6250000E-01       .5625000E+00
       70       .1875000E+00       .5625000E+00
       71       .3125000E+00       .5625000E+00
       72       .4375000E+00       .5625000E+00
       73       .5625000E+00       .5625000E+00
       74       .6875000E+00       .5625000E+00
       75       .8125000E+00       .5625000E+00
       76       .9375000E+00       .5625000E+00
       77       .6250000E-01       .6875000E+00
       78       .1875000E+00       .6875000E+00
       79       .3125000E+00       .6875000E+00
       80       .4375000E+00       .6875000E+00
       81       .5625000E+00       .6875000E+00
       82       .6875000E+00       .6875000E+00
       83       .8125000E+00       .6875000E+00
       84       .9375000E+00       .6875000E+00
       85       .6250000E-01       .8125000E+00
       86       .1875000E+00       .8125000E+00
       87       .3125000E+00       .8125000E+00
       88       .4375000E+00       .8125000E+00
       89       .5625000E+00       .8125000E+00
       90       .6875000E+00       .8125000E+00
       91       .8125000E+00       .8125000E+00
       92       .9375000E+00       .8125000E+00
       93       .6250000E-01       .9375000E+00
       94       .1875000E+00       .9375000E+00
       95       .3125000E+00       .9375000E+00
       96       .4375000E+00       .9375000E+00
       97       .5625000E+00       .9375000E+00
       98       .6875000E+00       .9375000E+00
       99       .8125000E+00       .9375000E+00
      100       .9375000E+00       .9375000E+00


  boundary conditions

     node      code     prescribed value
       1        0         36          .0000000E+00
       2        0          0          .0000000E+00
       3        0          0          .0000000E+00
       4        0          0          .0000000E+00
       5        0          0          .0000000E+00
       6        0          0          .0000000E+00
       7        0          0          .0000000E+00
       8        0          0          .0000000E+00
       9        0         10          .0000000E+00
      10        0          9          .0000000E+00
      11        0          0          .0000000E+00
      12        0          0          .0000000E+00
      13        0          0          .0000000E+00
      14        0          0          .0000000E+00
      15        0          0          .0000000E+00
      16        0          0          .0000000E+00
      17        0          0          .0000000E+00
      18        0         19          .0000000E+00
      19        0         18          .0000000E+00
      20        0          0          .0000000E+00
      21        0          0          .0000000E+00
      22        0          0          .0000000E+00
      23        0          0          .0000000E+00
      24        0          0          .0000000E+00
      25        0          0          .0000000E+00
      26        0          0          .0000000E+00
      27        0         28          .0000000E+00
      28        0         27          .0000000E+00
      29        0          0          .0000000E+00
      30        0          0          .0000000E+00
      31        0          0          .0000000E+00
      32        0          0          .0000000E+00
      33        0          0          .0000000E+00
      34        0          0          .0000000E+00
      35        0          0          .0000000E+00
      36        0          1          .0000000E+00


  incidence of geometric nodes

      first node      second node

       1          1       2
       2          2       3
       3          3       4
       4          4       5
       5          5       6
       6          6       7
       7          7       8
       8          8       9
       9         10      11
      10         11      12
      11         12      13
      12         13      14
      13         14      15
      14         15      16
      15         16      17
      16         17      18
      17         19      20
      18         20      21
      19         21      22
      20         22      23
      21         23      24
      22         24      25
      23         25      26
      24         26      27
      25         28      29
      26         29      30
      27         30      31
      28         31      32
      29         32      33
      30         33      34
      31         34      35
      32         35      36
 NOVAS COORDENADAS DOS NOS DUPLOS
      .0025      .0000
      .1250      .0000
      .2500      .0000
      .3750      .0000
      .5000      .0000
      .6250      .0000
      .7500      .0000
      .8750      .0000
      .9975      .0000
     1.0000      .0025
     1.0000      .1250
     1.0000      .2500
     1.0000      .3750
     1.0000      .5000
     1.0000      .6250
     1.0000      .7500
     1.0000      .8750
     1.0000      .9975
      .9975     1.0000
      .8750     1.0000
      .7500     1.0000
      .6250     1.0000
      .5000     1.0000
      .3750     1.0000
      .2500     1.0000
      .1250     1.0000
      .0025     1.0000
      .0000      .9975
      .0000      .8750
      .0000      .7500
      .0000      .6250
      .0000      .5000
      .0000      .3750
      .0000      .2500
      .0000      .1250
      .0000      .0025
   
 VALORES DE DFI  ************************************
    .0000
    .0000
    .0000
    .0000
    .0000
    .0000
    .0000
    .0000
    .0000
    .0000
    .0000
    .0000
    .0000
    .0000
    .0000
    .0000
    .0000
    .0000
    .0000
    .0000
    .0000
    .0000
    .0000
    .0000
    .0000
    .0000
    .0000
    .0000
    .0000
    .0000
    .0000
    .0000
    .0000
    .0000
    .0000
    .0000
    .0000
    .0000
    .0000
    .0000
    .0000
    .0000
    .0000
    .0000
    .0000
    .0000
    .0000
    .0000
    .0000
    .0000
    .0000
    .0000
    .0000
    .0000
    .0000
    .0000
    .0000
    .0000
    .0000
    .0000
    .0000
    .0000
    .0000
    .0000
    .0000
    .0000
    .0000
    .0000
    .0000
    .0000
    .0000
    .0000
    .0000
    .0000
    .0000
    .0000
    .0000
    .0000
    .0000
    .0000
    .0000
    .0000
    .0000
    .0000
    .0000
    .0000
    .0000
    .0000
    .0000
    .0000
    .0000
    .0000
    .0000
    .0000
    .0000
    .0000
    .0000
    .0000
    .0000
    .0000
    .74846
   1.15589
    .93013
   1.03688
    .98205
   1.00910
    .99548
   1.00227
    .99887
   1.00057
    .99972
   1.00014
    .99993
   1.00004
    .99998
   1.00001
   1.00000
   1.00000
   1.00000
   1.00000
   1.00000
   1.00000
   1.00000
   1.00000
   1.00000
   1.00000
   1.00000
   1.00000
   1.00000
   1.00000
   1.00000
   1.00000
   1.00000
   1.00000
   1.00000
   1.00000
   1.00000
   1.00000
   1.00000
   1.00000
   1.00000
   1.00000
   1.00000
   1.00000
   1.00000
   1.00000
   1.00000
   1.00000
   1.00000
   1.00000
   1.00000
   1.00000
   1.00000
   1.00000
   1.00000
   1.00000
   1.00000
   1.00000
   1.00000
   1.00000
   1.00000
   1.00000
   1.00000
   1.00000
   1.00000
   1.00000
   1.00000
   1.00000
   1.00000
   1.00000
   1.00000
   1.00000
   1.00000
   1.00000
   1.00000
   1.00000
   1.00000
   1.00000
   1.00000
   1.00000
   1.00000
   1.00000
   1.00000
   1.00000
   1.00000
   1.00000
   1.00000
   1.00000
   1.00000
   1.00000
   1.00000
   1.00000
   1.00000
   1.00000
   1.00000
   1.00000
   1.00000
   1.00000
   1.00000
   1.00000
   1.00000
   1.00000
   1.00000
   1.00000
   1.00000
   1.00000
   1.00000
   1.00000
   1.00000
   1.00000
   1.00000
   1.00000
   1.00000
   1.00000
   1.00000
   1.00000
   1.00000
   1.00000
   1.00000
   1.00000
   1.00000
   1.00000
   1.00000
   1.00000
   1.00000
   1.00000



           - AUTOVALORES - 
          REAL     IMAGINARIO
           1        1.785100271985869       -3.683358476209301
           2        1.785100271985869        3.683358476209301
           3        3.582370985427807   0.000000000000000E+000
           4        2.758907482557844   0.000000000000000E+000
           5        2.560290894709835  -6.664980353712606E-001
           6        2.560290894709835   6.664980353712606E-001
           7        2.598544065327121   0.000000000000000E+000
           8        2.141394062304742       -1.347490602317629
           9        2.141394062304742        1.347490602317629
          10        2.382073898048044  -6.109827249944666E-001
          11        2.382073898048044   6.109827249944666E-001
          12        1.976996217124481       -1.330344142247634
          13        1.976996217124481        1.330344142247634
          14        1.449871659682007       -1.922294035956157
          15        1.449871659682007        1.922294035956157
          16        2.058290664113543  -7.592474366016022E-001
          17        2.058290664113543   7.592474366016022E-001
          18   8.256213472749128E-001       -2.128786133582929
          19   8.256213472749128E-001        2.128786133582929
          20        1.247596900774329       -1.751763124180113
          21        1.247596900774329        1.751763124180113
          22       -1.406791243017507       -1.885942561662624
          23       -1.406791243017507        1.885942561662624
          24   6.817851960024203E-001       -1.940397455833296
          25   6.817851960024203E-001        1.940397455833296
          26   1.432955738151238E-001       -2.073632785759433
          27   1.432955738151238E-001        2.073632785759433
          28   1.433434611464697E-001       -2.012877707852187
          29   1.433434611464697E-001        2.012877707852187
          30   6.655439742223046E-004       -1.894192265304207
          31   6.655439742223046E-004        1.894192265304207
          32   3.872581733182541E-001       -1.817590424984686
          33   3.872581733182541E-001        1.817590424984686
          34   9.258541483216020E-001       -1.559569784244856
          35   9.258541483216020E-001        1.559569784244856
          36  -3.712855461066998E-001       -1.859663862963092
          37  -3.712855461066998E-001        1.859663862963092
          38  -2.260793565761213E-001       -1.794838867854170
          39  -2.260793565761213E-001        1.794838867854170
          40  -2.929113899123204E-001       -1.753588053234420
          41  -2.929113899123204E-001        1.753588053234420
          42  -9.925488442668087E-001       -1.459822859817713
          43  -9.925488442668087E-001        1.459822859817713
          44        1.528747411127720  -3.725344855840629E-001
          45        1.528747411127720   3.725344855840629E-001
          46        1.512518053890016   0.000000000000000E+000
          47        1.206365812078342  -8.646373614708103E-001
          48        1.206365812078342   8.646373614708103E-001
          49        1.213382787568716  -7.709362595031009E-001
          50        1.213382787568716   7.709362595031009E-001
          51        1.394773470913992  -2.652717153894935E-001
          52        1.394773470913992   2.652717153894935E-001
          53   7.440749084051406E-001       -1.305852579537622
          54   7.440749084051406E-001        1.305852579537622
          55   7.108034221470603E-001       -1.303368016978144
          56   7.108034221470603E-001        1.303368016978144
          57  -4.933613704672284E-001       -1.545180976036847
          58  -4.933613704672284E-001        1.545180976036847
          59       -1.243830025195475       -1.141518524525050
          60       -1.243830025195475        1.141518524525050
          61       -1.618148816010860  -5.745216204348542E-001
          62       -1.618148816010860   5.745216204348542E-001
          63       -1.472695364497888  -8.282037903086624E-001
          64       -1.472695364497888   8.282037903086624E-001
          65  -6.134011406013759E-001       -1.449980148747181
          66  -6.134011406013759E-001        1.449980148747181
          67   9.363827384304968E-002       -1.475493646241567
          68   9.363827384304968E-002        1.475493646241567
          69   1.222469664542929E-001       -1.462632989073022
          70   1.222469664542929E-001        1.462632989073022
          71       -1.622912272078543  -1.999112610128840E-001
          72       -1.622912272078543   1.999112610128840E-001
          73  -6.151455611166570E-001       -1.384846049382088
          74  -6.151455611166570E-001        1.384846049382088
          75       -1.604011805188306  -8.638388367904484E-002
          76       -1.604011805188306   8.638388367904484E-002
          77  -8.079283328431923E-001       -1.214148343905383
          78  -8.079283328431923E-001        1.214148343905383
          79  -4.632977190089340E-001       -1.314301703374948
          80  -4.632977190089340E-001        1.314301703374948
          81       -1.079306450794689  -9.902798277698108E-001
          82       -1.079306450794689   9.902798277698108E-001
          83   5.392469190494149E-001       -1.116799246392075
          84   5.392469190494149E-001        1.116799246392075
          85   9.102641644269105E-001  -7.479129431963996E-001
          86   9.102641644269105E-001   7.479129431963996E-001
          87        1.135673714009699  -2.532760770671760E-001
          88        1.135673714009699   2.532760770671760E-001
          89   9.747429192107545E-001  -5.957946440982455E-001
          90   9.747429192107545E-001   5.957946440982455E-001
          91        1.119260002473474   0.000000000000000E+000
          92        1.057532915622170  -2.623516121636089E-001
          93        1.057532915622170   2.623516121636089E-001
          94   9.163916366066389E-001  -5.113799492447526E-001
          95   9.163916366066389E-001   5.113799492447526E-001
          96   3.927495454467435E-001       -1.047648156063016
          97   3.927495454467435E-001        1.047648156063016
          98   9.721078128621497E-001  -2.839593209593898E-001
          99   9.721078128621497E-001   2.839593209593898E-001
         100   8.358288763938665E-001  -5.561767089315890E-001
         101   8.358288763938665E-001   5.561767089315890E-001
         102   9.632590212728389E-001  -8.228009803586189E-002
         103   9.632590212728389E-001   8.228009803586189E-002
         104   8.119675445903346E-001  -5.417843414571800E-001
         105   8.119675445903346E-001   5.417843414571800E-001
         106   8.833554444771719E-001  -2.832398853062839E-001
         107   8.833554444771719E-001   2.832398853062839E-001
         108   6.280654616021091E-001  -8.357916526974808E-001
         109   6.280654616021091E-001   8.357916526974808E-001
         110   5.611848928147953E-001  -8.743216041065485E-001
         111   5.611848928147953E-001   8.743216041065485E-001
         112   5.774968942158614E-001  -8.341412394017751E-001
         113   5.774968942158614E-001   8.341412394017751E-001
         114   8.796642760242465E-001  -1.052038085805606E-001
         115   8.796642760242465E-001   1.052038085805606E-001
         116   7.013851186505360E-001  -6.302662988437887E-001
         117   7.013851186505360E-001   6.302662988437887E-001
         118  -6.397151066030100E-001       -1.190275728282739
         119  -6.397151066030100E-001        1.190275728282739
         120   1.413153353464846E-001       -1.139109945915964
         121   1.413153353464846E-001        1.139109945915964
         122       -1.130774825485505  -8.533020609182854E-001
         123       -1.130774825485505   8.533020609182854E-001
         124   6.062617224170647E-001  -6.622055595200629E-001
         125   6.062617224170647E-001   6.622055595200629E-001
         126   1.481940587871024E-001       -1.083545366817174
         127   1.481940587871024E-001        1.083545366817174
         128   2.762949699232829E-001  -9.912613629959880E-001
         129   2.762949699232829E-001   9.912613629959880E-001
         130   2.116911916012200E-001       -1.012281106586700
         131   2.116911916012200E-001        1.012281106586700
         132       -1.287725693393146  -5.961643461339807E-001
         133       -1.287725693393146   5.961643461339807E-001
         134  -1.522518287565999E-002       -1.091935597010274
         135  -1.522518287565999E-002        1.091935597010274
         136  -9.353757690597010E-002       -1.090399592190125
         137  -9.353757690597010E-002        1.090399592190125
         138       -1.157274026900404  -7.164859838663746E-001
         139       -1.157274026900404   7.164859838663746E-001
         140  -1.811821155123380E-001       -1.059293550955011
         141  -1.811821155123380E-001        1.059293550955011
         142  -3.122376766568594E-001       -1.069312217173013
         143  -3.122376766568594E-001        1.069312217173013
         144  -3.646954864027615E-001       -1.039445729988519
         145  -3.646954864027615E-001        1.039445729988519
         146       -1.278505227863222  -2.848671561774478E-001
         147       -1.278505227863222   2.848671561774478E-001
         148  -6.922692949821390E-001  -9.714212893473937E-001
         149  -6.922692949821390E-001   9.714212893473937E-001
         150       -1.299648856537192  -5.672075715350750E-003
         151       -1.299648856537192   5.672075715350750E-003
         152       -1.251269027817842  -7.310052954587674E-002
         153       -1.251269027817842   7.310052954587674E-002
         154       -1.206304051033847  -2.418605903615015E-001
         155       -1.206304051033847   2.418605903615015E-001
         156       -1.135186759672534  -4.474658958505460E-001
         157       -1.135186759672534   4.474658958505460E-001
         158  -9.712200701586743E-001  -6.909965947409013E-001
         159  -9.712200701586743E-001   6.909965947409013E-001
         160  -7.261158464993555E-001  -9.113190840445753E-001
         161  -7.261158464993555E-001   9.113190840445753E-001
         162  -8.089377811075539E-001  -8.489775972048548E-001
         163  -8.089377811075539E-001   8.489775972048548E-001
         164  -4.695823317498781E-001  -9.554596451223884E-001
         165  -4.695823317498781E-001   9.554596451223884E-001
         166  -5.051431669656787E-001  -9.385722528466947E-001
         167  -5.051431669656787E-001   9.385722528466947E-001
         168  -1.576901447841304E-001  -9.186795882927247E-001
         169  -1.576901447841304E-001   9.186795882927247E-001
         170   1.423845321690664E-001  -8.045221808763585E-001
         171   1.423845321690664E-001   8.045221808763585E-001
         172  -6.956975440653325E-001  -8.675505612513017E-001
         173  -6.956975440653325E-001   8.675505612513017E-001
         174  -1.039999944099304E-001  -8.442464227777577E-001
         175  -1.039999944099304E-001   8.442464227777577E-001
         176       -1.012098125618406  -5.413803145357365E-001
         177       -1.012098125618406   5.413803145357365E-001
         178       -1.112627798288143  -1.945210432098900E-001
         179       -1.112627798288143   1.945210432098900E-001
         180  -2.891499044509054E-001  -7.978107521201199E-001
         181  -2.891499044509054E-001   7.978107521201199E-001
         182  -3.939104217591309E-001  -7.598645564465831E-001
         183  -3.939104217591309E-001   7.598645564465831E-001
         184  -7.024974266256807E-001  -7.567479382083683E-001
         185  -7.024974266256807E-001   7.567479382083683E-001
         186  -7.313016921256318E-001  -7.354476352609506E-001
         187  -7.313016921256318E-001   7.354476352609506E-001
         188  -7.284900555332180E-001  -7.025166049172090E-001
         189  -7.284900555332180E-001   7.025166049172090E-001
         190  -5.349329248688893E-001  -7.238515210140406E-001
         191  -5.349329248688893E-001   7.238515210140406E-001
         192  -9.441986315679369E-001  -4.104069541236807E-001
         193  -9.441986315679369E-001   4.104069541236807E-001
         194  -7.811369468266055E-001  -5.936628477173431E-001
         195  -7.811369468266055E-001   5.936628477173431E-001
         196  -9.469088674743416E-001  -3.622562186936146E-001
         197  -9.469088674743416E-001   3.622562186936146E-001
         198  -9.182171388634741E-001  -3.719355240466779E-001
         199  -9.182171388634741E-001   3.719355240466779E-001
         200  -7.271103310278878E-001  -5.658215624860549E-001
         201  -7.271103310278878E-001   5.658215624860549E-001
         202  -8.732016607357627E-001  -3.457617265536777E-001
         203  -8.732016607357627E-001   3.457617265536777E-001
         204  -9.765773441328636E-001  -3.439464572035476E-002
         205  -9.765773441328636E-001   3.439464572035476E-002
         206  -9.499971365906244E-001  -3.498726454943488E-002
         207  -9.499971365906244E-001   3.498726454943488E-002
         208  -5.419681933248539E-001  -6.177472948470618E-001
         209  -5.419681933248539E-001   6.177472948470618E-001
         210  -6.650813689387700E-001  -4.452757948176880E-001
         211  -6.650813689387700E-001   4.452757948176880E-001
         212  -8.364581089767124E-001   0.000000000000000E+000
         213  -7.348031930722452E-001  -3.272949241910856E-001
         214  -7.348031930722452E-001   3.272949241910856E-001
         215  -7.318244767849473E-001  -8.441411349738880E-002
         216  -7.318244767849473E-001   8.441411349738880E-002
         217  -7.186747064013029E-001   0.000000000000000E+000
         218  -6.251664907957788E-001  -2.525367980474280E-001
         219  -6.251664907957788E-001   2.525367980474280E-001
         220   5.784627776946963E-002  -7.639135264586953E-001
         221   5.784627776946963E-002   7.639135264586953E-001
         222  -4.343086923635153E-001  -3.732774288239910E-001
         223  -4.343086923635153E-001   3.732774288239910E-001
         224  -2.820204720883043E-001  -4.315181338801070E-001
         225  -2.820204720883043E-001   4.315181338801070E-001
         226  -1.573473508298843E-001  -5.053632980803711E-001
         227  -1.573473508298843E-001   5.053632980803711E-001
         228   2.457461937901614E-001  -6.016189006923980E-001
         229   2.457461937901614E-001   6.016189006923980E-001
         230  -8.577000573485666E-002  -4.501354138937009E-001
         231  -8.577000573485666E-002   4.501354138937009E-001
         232   2.448774809840877E-002  -4.220243210846490E-001
         233   2.448774809840877E-002   4.220243210846490E-001
         234   3.641415635455843E-001  -4.745365698863808E-001
         235   3.641415635455843E-001   4.745365698863808E-001
         236   1.476679555701515E-001  -3.838629288653507E-001
         237   1.476679555701515E-001   3.838629288653507E-001
         238   4.314747221376970E-001  -3.613798819687368E-001
         239   4.314747221376970E-001   3.613798819687368E-001
         240   2.445640265856006E-001  -3.488688491290157E-001
         241   2.445640265856006E-001   3.488688491290157E-001
         242   3.272635198668137E-001  -3.338134516236810E-001
         243   3.272635198668137E-001   3.338134516236810E-001
         244   4.654484200461452E-001  -2.394700150792793E-001
         245   4.654484200461452E-001   2.394700150792793E-001
         246   3.472964761627761E-001  -2.677550886240580E-001
         247   3.472964761627761E-001   2.677550886240580E-001
         248   4.628536275512907E-001  -1.068720325921743E-001
         249   4.628536275512907E-001   1.068720325921743E-001
         250   4.575558357430158E-001   0.000000000000000E+000
         251   4.308329653457923E-001  -6.747806148929285E-002
         252   4.308329653457923E-001   6.747806148929285E-002
         253   3.806048505011795E-001  -1.726203026754545E-001
         254   3.806048505011795E-001   1.726203026754545E-001
         255   9.491386519590883E-002  -2.282996081685968E-001
         256   9.491386519590883E-002   2.282996081685968E-001



           - AUTOVALORES DIFERENTES E REAIS e positivos - 
          REAL
           1   4.575558357430158E-001
           2        1.119260002473474
           3        1.512518053890016
           4        2.598544065327121
           5        2.758907482557844
           6        3.582370985427807
