 ************************************************************************************************************************
                         Exem


data

  number of boundary elements= 32

  number of functional nodes= 36

  number of internal source points where the funct. is calculated= 64




  coordinates of the source points of the boundary el ements

    point          x                  y
        1       .0000000E+00       .0000000E+00
        2       .1250000E+00       .0000000E+00
        3       .2500000E+00       .0000000E+00
        4       .3750000E+00       .0000000E+00
        5       .5000000E+00       .0000000E+00
        6       .6250000E+00       .0000000E+00
        7       .7500000E+00       .0000000E+00
        8       .8750000E+00       .0000000E+00
        9       .1000000E+01       .0000000E+00
       10       .1000000E+01       .0000000E+00
       11       .1000000E+01       .1250000E+00
       12       .1000000E+01       .2500000E+00
       13       .1000000E+01       .3750000E+00
       14       .1000000E+01       .5000000E+00
       15       .1000000E+01       .6250000E+00
       16       .1000000E+01       .7500000E+00
       17       .1000000E+01       .8750000E+00
       18       .1000000E+01       .1000000E+01
       19       .1000000E+01       .1000000E+01
       20       .8750000E+00       .1000000E+01
       21       .7500000E+00       .1000000E+01
       22       .6250000E+00       .1000000E+01
       23       .5000000E+00       .1000000E+01
       24       .3750000E+00       .1000000E+01
       25       .2500000E+00       .1000000E+01
       26       .1250000E+00       .1000000E+01
       27       .0000000E+00       .1000000E+01
       28       .0000000E+00       .1000000E+01
       29       .0000000E+00       .8750000E+00
       30       .0000000E+00       .7500000E+00
       31       .0000000E+00       .6250000E+00
       32       .0000000E+00       .5000000E+00
       33       .0000000E+00       .3750000E+00
       34       .0000000E+00       .2500000E+00
       35       .0000000E+00       .1250000E+00
       36       .0000000E+00       .0000000E+00
       37       .6250000E-01       .6250000E-01
       38       .1875000E+00       .6250000E-01
       39       .3125000E+00       .6250000E-01
       40       .4375000E+00       .6250000E-01
       41       .5625000E+00       .6250000E-01
       42       .6875000E+00       .6250000E-01
       43       .8125000E+00       .6250000E-01
       44       .9375000E+00       .6250000E-01
       45       .6250000E-01       .1875000E+00
       46       .1875000E+00       .1875000E+00
       47       .3125000E+00       .1875000E+00
       48       .4375000E+00       .1875000E+00
       49       .5625000E+00       .1875000E+00
       50       .6875000E+00       .1875000E+00
       51       .8125000E+00       .1875000E+00
       52       .9375000E+00       .1875000E+00
       53       .6250000E-01       .3125000E+00
       54       .1875000E+00       .3125000E+00
       55       .3125000E+00       .3125000E+00
       56       .4375000E+00       .3125000E+00
       57       .5625000E+00       .3125000E+00
       58       .6875000E+00       .3125000E+00
       59       .8125000E+00       .3125000E+00
       60       .9375000E+00       .3125000E+00
       61       .6250000E-01       .4375000E+00
       62       .1875000E+00       .4375000E+00
       63       .3125000E+00       .4375000E+00
       64       .4375000E+00       .4375000E+00
       65       .5625000E+00       .4375000E+00
       66       .6875000E+00       .4375000E+00
       67       .8125000E+00       .4375000E+00
       68       .9375000E+00       .4375000E+00
       69       .6250000E-01       .5625000E+00
       70       .1875000E+00       .5625000E+00
       71       .3125000E+00       .5625000E+00
       72       .4375000E+00       .5625000E+00
       73       .5625000E+00       .5625000E+00
       74       .6875000E+00       .5625000E+00
       75       .8125000E+00       .5625000E+00
       76       .9375000E+00       .5625000E+00
       77       .6250000E-01       .6875000E+00
       78       .1875000E+00       .6875000E+00
       79       .3125000E+00       .6875000E+00
       80       .4375000E+00       .6875000E+00
       81       .5625000E+00       .6875000E+00
       82       .6875000E+00       .6875000E+00
       83       .8125000E+00       .6875000E+00
       84       .9375000E+00       .6875000E+00
       85       .6250000E-01       .8125000E+00
       86       .1875000E+00       .8125000E+00
       87       .3125000E+00       .8125000E+00
       88       .4375000E+00       .8125000E+00
       89       .5625000E+00       .8125000E+00
       90       .6875000E+00       .8125000E+00
       91       .8125000E+00       .8125000E+00
       92       .9375000E+00       .8125000E+00
       93       .6250000E-01       .9375000E+00
       94       .1875000E+00       .9375000E+00
       95       .3125000E+00       .9375000E+00
       96       .4375000E+00       .9375000E+00
       97       .5625000E+00       .9375000E+00
       98       .6875000E+00       .9375000E+00
       99       .8125000E+00       .9375000E+00
      100       .9375000E+00       .9375000E+00


  boundary conditions

     node      code     prescribed value
       1        0         36          .0000000E+00
       2        0          0          .0000000E+00
       3        0          0          .0000000E+00
       4        0          0          .0000000E+00
       5        0          0          .0000000E+00
       6        0          0          .0000000E+00
       7        0          0          .0000000E+00
       8        0          0          .0000000E+00
       9        0         10          .0000000E+00
      10        0          9          .0000000E+00
      11        0          0          .0000000E+00
      12        0          0          .0000000E+00
      13        0          0          .0000000E+00
      14        0          0          .0000000E+00
      15        0          0          .0000000E+00
      16        0          0          .0000000E+00
      17        0          0          .0000000E+00
      18        0         19          .0000000E+00
      19        0         18          .0000000E+00
      20        0          0          .0000000E+00
      21        0          0          .0000000E+00
      22        0          0          .0000000E+00
      23        0          0          .0000000E+00
      24        0          0          .0000000E+00
      25        0          0          .0000000E+00
      26        0          0          .0000000E+00
      27        0         28          .0000000E+00
      28        0         27          .0000000E+00
      29        0          0          .0000000E+00
      30        0          0          .0000000E+00
      31        0          0          .0000000E+00
      32        0          0          .0000000E+00
      33        0          0          .0000000E+00
      34        0          0          .0000000E+00
      35        0          0          .0000000E+00
      36        0          1          .0000000E+00


  incidence of geometric nodes

      first node      second node

       1          1       2
       2          2       3
       3          3       4
       4          4       5
       5          5       6
       6          6       7
       7          7       8
       8          8       9
       9         10      11
      10         11      12
      11         12      13
      12         13      14
      13         14      15
      14         15      16
      15         16      17
      16         17      18
      17         19      20
      18         20      21
      19         21      22
      20         22      23
      21         23      24
      22         24      25
      23         25      26
      24         26      27
      25         28      29
      26         29      30
      27         30      31
      28         31      32
      29         32      33
      30         33      34
      31         34      35
      32         35      36
 NOVAS COORDENADAS DOS NOS DUPLOS
      .0025      .0000
      .1250      .0000
      .2500      .0000
      .3750      .0000
      .5000      .0000
      .6250      .0000
      .7500      .0000
      .8750      .0000
      .9975      .0000
     1.0000      .0025
     1.0000      .1250
     1.0000      .2500
     1.0000      .3750
     1.0000      .5000
     1.0000      .6250
     1.0000      .7500
     1.0000      .8750
     1.0000      .9975
      .9975     1.0000
      .8750     1.0000
      .7500     1.0000
      .6250     1.0000
      .5000     1.0000
      .3750     1.0000
      .2500     1.0000
      .1250     1.0000
      .0025     1.0000
      .0000      .9975
      .0000      .8750
      .0000      .7500
      .0000      .6250
      .0000      .5000
      .0000      .3750
      .0000      .2500
      .0000      .1250
      .0000      .0025
   
 VALORES DE DFI  ************************************
      1   .0000
      2   .0000
      3   .0000
      4   .0000
      5   .0000
      6   .0000
      7   .0000
      8   .0000
      9   .0000
     10   .0000
     11   .0000
     12   .0000
     13   .0000
     14   .0000
     15   .0000
     16   .0000
     17   .0000
     18   .0000
     19   .0000
     20   .0000
     21   .0000
     22   .0000
     23   .0000
     24   .0000
     25   .0000
     26   .0000
     27   .0000
     28   .0000
     29   .0000
     30   .0000
     31   .0000
     32   .0000
     33   .0000
     34   .0000
     35   .0000
     36   .0000
     37   .0000
     38   .0000
     39   .0000
     40   .0000
     41   .0000
     42   .0000
     43   .0000
     44   .0000
     45   .0000
     46   .0000
     47   .0000
     48   .0000
     49   .0000
     50   .0000
     51   .0000
     52   .0000
     53   .0000
     54   .0000
     55   .0000
     56   .0000
     57   .0000
     58   .0000
     59   .0000
     60   .0000
     61   .0000
     62   .0000
     63   .0000
     64   .0000
     65   .0000
     66   .0000
     67   .0000
     68   .0000
     69   .0000
     70   .0000
     71   .0000
     72   .0000
     73   .0000
     74   .0000
     75   .0000
     76   .0000
     77   .0000
     78   .0000
     79   .0000
     80   .0000
     81   .0000
     82   .0000
     83   .0000
     84   .0000
     85   .0000
     86   .0000
     87   .0000
     88   .0000
     89   .0000
     90   .0000
     91   .0000
     92   .0000
     93   .0000
     94   .0000
     95   .0000
     96   .0000
     97   .0000
     98   .0000
     99   .0000
    100   .0000
   
 VALORES DE WRA  ************************************
   1    .74846
   2   1.15589
   3    .93013
   4   1.03688
   5    .98205
   6   1.00910
   7    .99548
   8   1.00227
   9    .99887
  10   1.00057
  11    .99972
  12   1.00014
  13    .99993
  14   1.00004
  15    .99998
  16   1.00001
  17   1.00000
  18   1.00000
  19   1.00000
  20   1.00000
  21   1.00000
  22   1.00000
  23   1.00000
  24   1.00000
  25   1.00000
  26   1.00000
  27   1.00000
  28   1.00000
  29   1.00000
  30   1.00000
  31   1.00000
  32   1.00000
  33   1.00000
  34   1.00000
  35   1.00000
  36   1.00000
  37   1.00000
  38   1.00000
  39   1.00000
  40   1.00000
  41   1.00000
  42   1.00000
  43   1.00000
  44   1.00000
  45   1.00000
  46   1.00000
  47   1.00000
  48   1.00000
  49   1.00000
  50   1.00000
  51   1.00000
  52   1.00000
  53   1.00000
  54   1.00000
  55   1.00000
  56   1.00000
  57   1.00000
  58   1.00000
  59   1.00000
  60   1.00000
  61   1.00000
  62   1.00000
  63   1.00000
  64   1.00000
  65   1.00000
  66   1.00000
  67   1.00000
  68   1.00000
  69   1.00000
  70   1.00000
  71   1.00000
  72   1.00000
  73   1.00000
  74   1.00000
  75   1.00000
  76   1.00000
  77   1.00000
  78   1.00000
  79   1.00000
  80   1.00000
  81   1.00000
  82   1.00000
  83   1.00000
  84   1.00000
  85   1.00000
  86   1.00000
  87   1.00000
  88   1.00000
  89   1.00000
  90   1.00000
  91   1.00000
  92   1.00000
  93   1.00000
  94   1.00000
  95   1.00000
  96   1.00000
  97   1.00000
  98   1.00000
  99   1.00000
 100   1.00000
 101   1.00000
 102   1.00000
 103   1.00000
 104   1.00000
 105   1.00000
 106   1.00000
 107   1.00000
 108   1.00000
 109   1.00000
 110   1.00000
 111   1.00000
 112   1.00000
 113   1.00000
 114   1.00000
 115   1.00000
 116   1.00000
 117   1.00000
 118   1.00000
 119   1.00000
 120   1.00000
 121   1.00000
 122   1.00000
 123   1.00000
 124   1.00000
 125   1.00000
 126   1.00000



           - AUTOVALORES - 
          REAL     IMAGINARIO
           1        1.785100271985955       -3.683358476209248
           2        1.785100271985955        3.683358476209248
           3        3.582370985427805   0.000000000000000E+000
           4        2.758907482557810   0.000000000000000E+000
           5        2.560290894709846  -6.664980353712858E-001
           6        2.560290894709846   6.664980353712858E-001
           7        2.598544065327110   0.000000000000000E+000
           8        2.141394062304750       -1.347490602317626
           9        2.141394062304750        1.347490602317626
          10        2.382073898048077  -6.109827249944865E-001
          11        2.382073898048077   6.109827249944865E-001
          12        1.976996217124503       -1.330344142247641
          13        1.976996217124503        1.330344142247641
          14        1.449871659681995       -1.922294035956148
          15        1.449871659681995        1.922294035956148
          16        2.058290664113414  -7.592474366016287E-001
          17        2.058290664113414   7.592474366016287E-001
          18   8.256213472748908E-001       -2.128786133582957
          19   8.256213472748908E-001        2.128786133582957
          20        1.247596900774346       -1.751763124180106
          21        1.247596900774346        1.751763124180106
          22       -1.406791243017557       -1.885942561662565
          23       -1.406791243017557        1.885942561662565
          24   6.817851960022706E-001       -1.940397455833466
          25   6.817851960022706E-001        1.940397455833466
          26   1.432955738152165E-001       -2.073632785759376
          27   1.432955738152165E-001        2.073632785759376
          28   1.433434611465121E-001       -2.012877707852324
          29   1.433434611465121E-001        2.012877707852324
          30   6.655439740608227E-004       -1.894192265304112
          31   6.655439740608227E-004        1.894192265304112
          32   3.872581733179739E-001       -1.817590424984757
          33   3.872581733179739E-001        1.817590424984757
          34   9.258541483212828E-001       -1.559569784244902
          35   9.258541483212828E-001        1.559569784244902
          36  -3.712855461065783E-001       -1.859663862962985
          37  -3.712855461065783E-001        1.859663862962985
          38  -2.260793565764553E-001       -1.794838867854306
          39  -2.260793565764553E-001        1.794838867854306
          40  -2.929113899120399E-001       -1.753588053234281
          41  -2.929113899120399E-001        1.753588053234281
          42  -9.925488442667775E-001       -1.459822859817705
          43  -9.925488442667775E-001        1.459822859817705
          44        1.528747411127728  -3.725344855840715E-001
          45        1.528747411127728   3.725344855840715E-001
          46        1.512518053890021   0.000000000000000E+000
          47        1.206365812078364  -8.646373614707869E-001
          48        1.206365812078364   8.646373614707869E-001
          49        1.213382787568695  -7.709362595031127E-001
          50        1.213382787568695   7.709362595031127E-001
          51        1.394773470914007  -2.652717153895157E-001
          52        1.394773470914007   2.652717153895157E-001
          53   7.440749084051286E-001       -1.305852579537650
          54   7.440749084051286E-001        1.305852579537650
          55   7.108034221470435E-001       -1.303368016978173
          56   7.108034221470435E-001        1.303368016978173
          57  -4.933613704672527E-001       -1.545180976037042
          58  -4.933613704672527E-001        1.545180976037042
          59       -1.243830025195508       -1.141518524525051
          60       -1.243830025195508        1.141518524525051
          61       -1.618148816010868  -5.745216204348809E-001
          62       -1.618148816010868   5.745216204348809E-001
          63       -1.472695364497887  -8.282037903086555E-001
          64       -1.472695364497887   8.282037903086555E-001
          65  -6.134011406013959E-001       -1.449980148747200
          66  -6.134011406013959E-001        1.449980148747200
          67   9.363827384305734E-002       -1.475493646241566
          68   9.363827384305734E-002        1.475493646241566
          69   1.222469664542247E-001       -1.462632989073021
          70   1.222469664542247E-001        1.462632989073021
          71       -1.622912272078695  -1.999112610129302E-001
          72       -1.622912272078695   1.999112610129302E-001
          73  -6.151455611166194E-001       -1.384846049382088
          74  -6.151455611166194E-001        1.384846049382088
          75       -1.604011805188394  -8.638388367905456E-002
          76       -1.604011805188394   8.638388367905456E-002
          77  -8.079283328432798E-001       -1.214148343905444
          78  -8.079283328432798E-001        1.214148343905444
          79  -4.632977190089785E-001       -1.314301703375064
          80  -4.632977190089785E-001        1.314301703375064
          81       -1.079306450794564  -9.902798277697157E-001
          82       -1.079306450794564   9.902798277697157E-001
          83   5.392469190496931E-001       -1.116799246392044
          84   5.392469190496931E-001        1.116799246392044
          85   9.102641644269339E-001  -7.479129431964756E-001
          86   9.102641644269339E-001   7.479129431964756E-001
          87        1.135673714009685  -2.532760770671147E-001
          88        1.135673714009685   2.532760770671147E-001
          89   9.747429192108414E-001  -5.957946440982380E-001
          90   9.747429192108414E-001   5.957946440982380E-001
          91        1.119260002473460   0.000000000000000E+000
          92        1.057532915622172  -2.623516121636906E-001
          93        1.057532915622172   2.623516121636906E-001
          94   9.163916366065008E-001  -5.113799492447911E-001
          95   9.163916366065008E-001   5.113799492447911E-001
          96   3.927495454468909E-001       -1.047648156062887
          97   3.927495454468909E-001        1.047648156062887
          98   9.721078128621474E-001  -2.839593209593866E-001
          99   9.721078128621474E-001   2.839593209593866E-001
         100   8.358288763938613E-001  -5.561767089315619E-001
         101   8.358288763938613E-001   5.561767089315619E-001
         102   9.632590212728329E-001  -8.228009803582370E-002
         103   9.632590212728329E-001   8.228009803582370E-002
         104   8.119675445903334E-001  -5.417843414571859E-001
         105   8.119675445903334E-001   5.417843414571859E-001
         106   8.833554444771473E-001  -2.832398853063134E-001
         107   8.833554444771473E-001   2.832398853063134E-001
         108   6.280654616020917E-001  -8.357916526975311E-001
         109   6.280654616020917E-001   8.357916526975311E-001
         110   5.611848928147987E-001  -8.743216041065380E-001
         111   5.611848928147987E-001   8.743216041065380E-001
         112   5.774968942158305E-001  -8.341412394017812E-001
         113   5.774968942158305E-001   8.341412394017812E-001
         114   8.796642760242310E-001  -1.052038085805051E-001
         115   8.796642760242310E-001   1.052038085805051E-001
         116   7.013851186505745E-001  -6.302662988437644E-001
         117   7.013851186505745E-001   6.302662988437644E-001
         118  -6.397151066030508E-001       -1.190275728282735
         119  -6.397151066030508E-001        1.190275728282735
         120   1.413153353465189E-001       -1.139109945916019
         121   1.413153353465189E-001        1.139109945916019
         122       -1.130774825485464  -8.533020609183598E-001
         123       -1.130774825485464   8.533020609183598E-001
         124   6.062617224169993E-001  -6.622055595200567E-001
         125   6.062617224169993E-001   6.622055595200567E-001
         126   1.481940587870634E-001       -1.083545366817159
         127   1.481940587870634E-001        1.083545366817159
         128   2.762949699232590E-001  -9.912613629960193E-001
         129   2.762949699232590E-001   9.912613629960193E-001
         130   2.116911916012378E-001       -1.012281106586683
         131   2.116911916012378E-001        1.012281106586683
         132       -1.287725693393118  -5.961643461340246E-001
         133       -1.287725693393118   5.961643461340246E-001
         134  -1.522518287572997E-002       -1.091935597010158
         135  -1.522518287572997E-002        1.091935597010158
         136  -9.353757690598735E-002       -1.090399592190133
         137  -9.353757690598735E-002        1.090399592190133
         138       -1.157274026899922  -7.164859838664806E-001
         139       -1.157274026899922   7.164859838664806E-001
         140  -1.811821155123980E-001       -1.059293550955156
         141  -1.811821155123980E-001        1.059293550955156
         142  -3.122376766568443E-001       -1.069312217173098
         143  -3.122376766568443E-001        1.069312217173098
         144  -3.646954864026927E-001       -1.039445729988614
         145  -3.646954864026927E-001        1.039445729988614
         146       -1.278505227863211  -2.848671561775065E-001
         147       -1.278505227863211   2.848671561775065E-001
         148  -6.922692949821816E-001  -9.714212893473678E-001
         149  -6.922692949821816E-001   9.714212893473678E-001
         150       -1.299648856536949  -5.672075715344652E-003
         151       -1.299648856536949   5.672075715344652E-003
         152       -1.251269027817876  -7.310052954585122E-002
         153       -1.251269027817876   7.310052954585122E-002
         154       -1.206304051033830  -2.418605903615689E-001
         155       -1.206304051033830   2.418605903615689E-001
         156       -1.135186759672556  -4.474658958503459E-001
         157       -1.135186759672556   4.474658958503459E-001
         158  -9.712200701584317E-001  -6.909965947409031E-001
         159  -9.712200701584317E-001   6.909965947409031E-001
         160  -7.261158464993244E-001  -9.113190840447770E-001
         161  -7.261158464993244E-001   9.113190840447770E-001
         162  -8.089377811077390E-001  -8.489775972044975E-001
         163  -8.089377811077390E-001   8.489775972044975E-001
         164  -4.695823317498870E-001  -9.554596451223765E-001
         165  -4.695823317498870E-001   9.554596451223765E-001
         166  -5.051431669656513E-001  -9.385722528467110E-001
         167  -5.051431669656513E-001   9.385722528467110E-001
         168  -1.576901447841481E-001  -9.186795882926914E-001
         169  -1.576901447841481E-001   9.186795882926914E-001
         170   1.423845321691047E-001  -8.045221808763827E-001
         171   1.423845321691047E-001   8.045221808763827E-001
         172  -6.956975440653639E-001  -8.675505612513017E-001
         173  -6.956975440653639E-001   8.675505612513017E-001
         174  -1.039999944098681E-001  -8.442464227778024E-001
         175  -1.039999944098681E-001   8.442464227778024E-001
         176       -1.012098125618607  -5.413803145360356E-001
         177       -1.012098125618607   5.413803145360356E-001
         178       -1.112627798288085  -1.945210432097033E-001
         179       -1.112627798288085   1.945210432097033E-001
         180  -2.891499044508832E-001  -7.978107521201491E-001
         181  -2.891499044508832E-001   7.978107521201491E-001
         182  -3.939104217590929E-001  -7.598645564465942E-001
         183  -3.939104217590929E-001   7.598645564465942E-001
         184  -7.024974266256457E-001  -7.567479382083832E-001
         185  -7.024974266256457E-001   7.567479382083832E-001
         186  -7.313016921256073E-001  -7.354476352609773E-001
         187  -7.313016921256073E-001   7.354476352609773E-001
         188  -7.284900555332097E-001  -7.025166049172237E-001
         189  -7.284900555332097E-001   7.025166049172237E-001
         190  -5.349329248688969E-001  -7.238515210140287E-001
         191  -5.349329248688969E-001   7.238515210140287E-001
         192  -9.441986315678999E-001  -4.104069541236727E-001
         193  -9.441986315678999E-001   4.104069541236727E-001
         194  -7.811369468265830E-001  -5.936628477173092E-001
         195  -7.811369468265830E-001   5.936628477173092E-001
         196  -9.469088674743424E-001  -3.622562186936857E-001
         197  -9.469088674743424E-001   3.622562186936857E-001
         198  -9.182171388634681E-001  -3.719355240466639E-001
         199  -9.182171388634681E-001   3.719355240466639E-001
         200  -7.271103310278855E-001  -5.658215624860477E-001
         201  -7.271103310278855E-001   5.658215624860477E-001
         202  -8.732016607357573E-001  -3.457617265536970E-001
         203  -8.732016607357573E-001   3.457617265536970E-001
         204  -9.765773441328629E-001  -3.439464572033116E-002
         205  -9.765773441328629E-001   3.439464572033116E-002
         206  -9.499971365906086E-001  -3.498726454944599E-002
         207  -9.499971365906086E-001   3.498726454944599E-002
         208  -5.419681933247817E-001  -6.177472948470464E-001
         209  -5.419681933247817E-001   6.177472948470464E-001
         210  -6.650813689386772E-001  -4.452757948178006E-001
         211  -6.650813689386772E-001   4.452757948178006E-001
         212  -8.364581089765668E-001   0.000000000000000E+000
         213  -7.348031930722545E-001  -3.272949241910695E-001
         214  -7.348031930722545E-001   3.272949241910695E-001
         215  -7.318244767851536E-001  -8.441411349744905E-002
         216  -7.318244767851536E-001   8.441411349744905E-002
         217  -7.186747064012884E-001   0.000000000000000E+000
         218  -6.251664907957848E-001  -2.525367980473726E-001
         219  -6.251664907957848E-001   2.525367980473726E-001
         220   5.784627776943654E-002  -7.639135264586677E-001
         221   5.784627776943654E-002   7.639135264586677E-001
         222  -4.343086923635199E-001  -3.732774288240077E-001
         223  -4.343086923635199E-001   3.732774288240077E-001
         224  -2.820204720882985E-001  -4.315181338801222E-001
         225  -2.820204720882985E-001   4.315181338801222E-001
         226  -1.573473508299840E-001  -5.053632980803785E-001
         227  -1.573473508299840E-001   5.053632980803785E-001
         228   2.457461937901304E-001  -6.016189006924060E-001
         229   2.457461937901304E-001   6.016189006924060E-001
         230  -8.577000573486511E-002  -4.501354138936874E-001
         231  -8.577000573486511E-002   4.501354138936874E-001
         232   2.448774809840246E-002  -4.220243210846667E-001
         233   2.448774809840246E-002   4.220243210846667E-001
         234   3.641415635455422E-001  -4.745365698863908E-001
         235   3.641415635455422E-001   4.745365698863908E-001
         236   1.476679555701407E-001  -3.838629288653860E-001
         237   1.476679555701407E-001   3.838629288653860E-001
         238   4.314747221377193E-001  -3.613798819688064E-001
         239   4.314747221377193E-001   3.613798819688064E-001
         240   2.445640265855980E-001  -3.488688491290261E-001
         241   2.445640265855980E-001   3.488688491290261E-001
         242   3.272635198668212E-001  -3.338134516235409E-001
         243   3.272635198668212E-001   3.338134516235409E-001
         244   4.654484200462097E-001  -2.394700150793715E-001
         245   4.654484200462097E-001   2.394700150793715E-001
         246   3.472964761627696E-001  -2.677550886240749E-001
         247   3.472964761627696E-001   2.677550886240749E-001
         248   4.628536275512308E-001  -1.068720325921683E-001
         249   4.628536275512308E-001   1.068720325921683E-001
         250   4.575558357431576E-001   0.000000000000000E+000
         251   4.308329653458104E-001  -6.747806148932001E-002
         252   4.308329653458104E-001   6.747806148932001E-002
         253   3.806048505011730E-001  -1.726203026754590E-001
         254   3.806048505011730E-001   1.726203026754590E-001
         255   9.491386519606632E-002  -2.282996081687095E-001
         256   9.491386519606632E-002   2.282996081687095E-001



           - AUTOVALORES DIFERENTES E REAIS e positivos - 
          REAL
           1   4.575558357431576E-001
           2        1.119260002473460
           3        1.512518053890021
           4        2.598544065327110
           5        2.758907482557810
           6        3.582370985427805
