 ************************************************************************************************************************
                         Exem


data

  number of boundary elements= 80

  number of functional nodes= 84

  number of internal source points where the funct. is calculated=144




  coordinates of the source points of the boundary el ements

    point          x                  y
        1       .0000000E+00       .0000000E+00
        2       .5000000E-01       .0000000E+00
        3       .1000000E+00       .0000000E+00
        4       .1500000E+00       .0000000E+00
        5       .2000000E+00       .0000000E+00
        6       .2500000E+00       .0000000E+00
        7       .3000000E+00       .0000000E+00
        8       .3500000E+00       .0000000E+00
        9       .4000000E+00       .0000000E+00
       10       .4500000E+00       .0000000E+00
       11       .5000000E+00       .0000000E+00
       12       .5500000E+00       .0000000E+00
       13       .6000000E+00       .0000000E+00
       14       .6500000E+00       .0000000E+00
       15       .7000000E+00       .0000000E+00
       16       .7500000E+00       .0000000E+00
       17       .8000000E+00       .0000000E+00
       18       .8500000E+00       .0000000E+00
       19       .9000000E+00       .0000000E+00
       20       .9500000E+00       .0000000E+00
       21       .1000000E+01       .0000000E+00
       22       .1000000E+01       .0000000E+00
       23       .1000000E+01       .5000000E-01
       24       .1000000E+01       .1000000E+00
       25       .1000000E+01       .1500000E+00
       26       .1000000E+01       .2000000E+00
       27       .1000000E+01       .2500000E+00
       28       .1000000E+01       .3000000E+00
       29       .1000000E+01       .3500000E+00
       30       .1000000E+01       .4000000E+00
       31       .1000000E+01       .4500000E+00
       32       .1000000E+01       .5000000E+00
       33       .1000000E+01       .5500000E+00
       34       .1000000E+01       .6000000E+00
       35       .1000000E+01       .6500000E+00
       36       .1000000E+01       .7000000E+00
       37       .1000000E+01       .7500000E+00
       38       .1000000E+01       .8000000E+00
       39       .1000000E+01       .8500000E+00
       40       .1000000E+01       .9000000E+00
       41       .1000000E+01       .9500000E+00
       42       .1000000E+01       .1000000E+01
       43       .1000000E+01       .1000000E+01
       44       .9500000E+00       .1000000E+01
       45       .9000000E+00       .1000000E+01
       46       .8500000E+00       .1000000E+01
       47       .8000000E+00       .1000000E+01
       48       .7500000E+00       .1000000E+01
       49       .7000000E+00       .1000000E+01
       50       .6500000E+00       .1000000E+01
       51       .6000000E+00       .1000000E+01
       52       .5500000E+00       .1000000E+01
       53       .5000000E+00       .1000000E+01
       54       .4500000E+00       .1000000E+01
       55       .4000000E+00       .1000000E+01
       56       .3500000E+00       .1000000E+01
       57       .3000000E+00       .1000000E+01
       58       .2500000E+00       .1000000E+01
       59       .2000000E+00       .1000000E+01
       60       .1500000E+00       .1000000E+01
       61       .1000000E+00       .1000000E+01
       62       .5000000E-01       .1000000E+01
       63       .0000000E+00       .1000000E+01
       64       .0000000E+00       .1000000E+01
       65       .0000000E+00       .9500000E+00
       66       .0000000E+00       .9000000E+00
       67       .0000000E+00       .8500000E+00
       68       .0000000E+00       .8000000E+00
       69       .0000000E+00       .7500000E+00
       70       .0000000E+00       .7000000E+00
       71       .0000000E+00       .6500000E+00
       72       .0000000E+00       .6000000E+00
       73       .0000000E+00       .5500000E+00
       74       .0000000E+00       .5000000E+00
       75       .0000000E+00       .4500000E+00
       76       .0000000E+00       .4000000E+00
       77       .0000000E+00       .3500000E+00
       78       .0000000E+00       .3000000E+00
       79       .0000000E+00       .2500000E+00
       80       .0000000E+00       .2000000E+00
       81       .0000000E+00       .1500000E+00
       82       .0000000E+00       .1000000E+00
       83       .0000000E+00       .5000000E-01
       84       .0000000E+00       .0000000E+00
       85       .4167000E-01       .4167000E-01
       86       .1250000E+00       .4167000E-01
       87       .2083300E+00       .4167000E-01
       88       .2916700E+00       .4167000E-01
       89       .3750000E+00       .4167000E-01
       90       .4583300E+00       .4167000E-01
       91       .5416700E+00       .4167000E-01
       92       .6250000E+00       .4167000E-01
       93       .7083300E+00       .4167000E-01
       94       .7916700E+00       .4167000E-01
       95       .8750000E+00       .4167000E-01
       96       .9583300E+00       .4167000E-01
       97       .4167000E-01       .1250000E+00
       98       .1250000E+00       .1250000E+00
       99       .2083300E+00       .1250000E+00
      100       .2916700E+00       .1250000E+00
      101       .3750000E+00       .1250000E+00
      102       .4583300E+00       .1250000E+00
      103       .5416700E+00       .1250000E+00
      104       .6250000E+00       .1250000E+00
      105       .7083300E+00       .1250000E+00
      106       .7916700E+00       .1250000E+00
      107       .8750000E+00       .1250000E+00
      108       .9583300E+00       .1250000E+00
      109       .4167000E-01       .2083300E+00
      110       .1250000E+00       .2083300E+00
      111       .2083300E+00       .2083300E+00
      112       .2916700E+00       .2083300E+00
      113       .3750000E+00       .2083300E+00
      114       .4583300E+00       .2083300E+00
      115       .5416700E+00       .2083300E+00
      116       .6250000E+00       .2083300E+00
      117       .7083300E+00       .2083300E+00
      118       .7916700E+00       .2083300E+00
      119       .8750000E+00       .2083300E+00
      120       .9583300E+00       .2083300E+00
      121       .4167000E-01       .2916700E+00
      122       .1250000E+00       .2916700E+00
      123       .2083300E+00       .2916700E+00
      124       .2916700E+00       .2916700E+00
      125       .3750000E+00       .2916700E+00
      126       .4583300E+00       .2916700E+00
      127       .5416700E+00       .2916700E+00
      128       .6250000E+00       .2916700E+00
      129       .7083300E+00       .2916700E+00
      130       .7916700E+00       .2916700E+00
      131       .8750000E+00       .2916700E+00
      132       .9583300E+00       .2916700E+00
      133       .4167000E-01       .3750000E+00
      134       .1250000E+00       .3750000E+00
      135       .2083300E+00       .3750000E+00
      136       .2916700E+00       .3750000E+00
      137       .3750000E+00       .3750000E+00
      138       .4583300E+00       .3750000E+00
      139       .5416700E+00       .3750000E+00
      140       .6250000E+00       .3750000E+00
      141       .7083300E+00       .3750000E+00
      142       .7916700E+00       .3750000E+00
      143       .8750000E+00       .3750000E+00
      144       .9583300E+00       .3750000E+00
      145       .4167000E-01       .4583300E+00
      146       .1250000E+00       .4583300E+00
      147       .2083300E+00       .4583300E+00
      148       .2916700E+00       .4583300E+00
      149       .3750000E+00       .4583300E+00
      150       .4583300E+00       .4583300E+00
      151       .5416700E+00       .4583300E+00
      152       .6250000E+00       .4583300E+00
      153       .7083300E+00       .4583300E+00
      154       .7916700E+00       .4583300E+00
      155       .8750000E+00       .4583300E+00
      156       .9583300E+00       .4583300E+00
      157       .4167000E-01       .5416700E+00
      158       .1250000E+00       .5416700E+00
      159       .2083300E+00       .5416700E+00
      160       .2916700E+00       .5416700E+00
      161       .3750000E+00       .5416700E+00
      162       .4583300E+00       .5416700E+00
      163       .5416700E+00       .5416700E+00
      164       .6250000E+00       .5416700E+00
      165       .7083300E+00       .5416700E+00
      166       .7916700E+00       .5416700E+00
      167       .8750000E+00       .5416700E+00
      168       .9583300E+00       .5416700E+00
      169       .4167000E-01       .6250000E+00
      170       .1250000E+00       .6250000E+00
      171       .2083300E+00       .6250000E+00
      172       .2916700E+00       .6250000E+00
      173       .3750000E+00       .6250000E+00
      174       .4583300E+00       .6250000E+00
      175       .5416700E+00       .6250000E+00
      176       .6250000E+00       .6250000E+00
      177       .7083300E+00       .6250000E+00
      178       .7916700E+00       .6250000E+00
      179       .8750000E+00       .6250000E+00
      180       .9583300E+00       .6250000E+00
      181       .4167000E-01       .7083300E+00
      182       .1250000E+00       .7083300E+00
      183       .2083300E+00       .7083300E+00
      184       .2916700E+00       .7083300E+00
      185       .3750000E+00       .7083300E+00
      186       .4583300E+00       .7083300E+00
      187       .5416700E+00       .7083300E+00
      188       .6250000E+00       .7083300E+00
      189       .7083300E+00       .7083300E+00
      190       .7916700E+00       .7083300E+00
      191       .8750000E+00       .7083300E+00
      192       .9583300E+00       .7083300E+00
      193       .4167000E-01       .7916700E+00
      194       .1250000E+00       .7916700E+00
      195       .2083300E+00       .7916700E+00
      196       .2916700E+00       .7916700E+00
      197       .3750000E+00       .7916700E+00
      198       .4583300E+00       .7916700E+00
      199       .5416700E+00       .7916700E+00
      200       .6250000E+00       .7916700E+00
      201       .7083300E+00       .7916700E+00
      202       .7916700E+00       .7916700E+00
      203       .8750000E+00       .7916700E+00
      204       .9583300E+00       .7916700E+00
      205       .4167000E-01       .8750000E+00
      206       .1250000E+00       .8750000E+00
      207       .2083300E+00       .8750000E+00
      208       .2916700E+00       .8750000E+00
      209       .3750000E+00       .8750000E+00
      210       .4583300E+00       .8750000E+00
      211       .5416700E+00       .8750000E+00
      212       .6250000E+00       .8750000E+00
      213       .7083300E+00       .8750000E+00
      214       .7916700E+00       .8750000E+00
      215       .8750000E+00       .8750000E+00
      216       .9583300E+00       .8750000E+00
      217       .4167000E-01       .9583300E+00
      218       .1250000E+00       .9583300E+00
      219       .2083300E+00       .9583300E+00
      220       .2916700E+00       .9583300E+00
      221       .3750000E+00       .9583300E+00
      222       .4583300E+00       .9583300E+00
      223       .5416700E+00       .9583300E+00
      224       .6250000E+00       .9583300E+00
      225       .7083300E+00       .9583300E+00
      226       .7916700E+00       .9583300E+00
      227       .8750000E+00       .9583300E+00
      228       .9583300E+00       .9583300E+00


  boundary conditions

     node      code     prescribed value
       1        0         84          .0000000E+00
       2        0          0          .0000000E+00
       3        0          0          .0000000E+00
       4        0          0          .0000000E+00
       5        0          0          .0000000E+00
       6        0          0          .0000000E+00
       7        0          0          .0000000E+00
       8        0          0          .0000000E+00
       9        0          0          .0000000E+00
      10        0          0          .0000000E+00
      11        0          0          .0000000E+00
      12        0          0          .0000000E+00
      13        0          0          .0000000E+00
      14        0          0          .0000000E+00
      15        0          0          .0000000E+00
      16        0          0          .0000000E+00
      17        0          0          .0000000E+00
      18        0          0          .0000000E+00
      19        0          0          .0000000E+00
      20        0          0          .0000000E+00
      21        0         22          .0000000E+00
      22        0         21          .1000000E+01
      23        0          0          .1000000E+01
      24        0          0          .1000000E+01
      25        0          0          .1000000E+01
      26        0          0          .1000000E+01
      27        0          0          .1000000E+01
      28        0          0          .1000000E+01
      29        0          0          .1000000E+01
      30        0          0          .1000000E+01
      31        0          0          .1000000E+01
      32        0          0          .1000000E+01
      33        0          0          .1000000E+01
      34        0          0          .1000000E+01
      35        0          0          .1000000E+01
      36        0          0          .1000000E+01
      37        0          0          .1000000E+01
      38        0          0          .1000000E+01
      39        0          0          .1000000E+01
      40        0          0          .1000000E+01
      41        0          0          .1000000E+01
      42        0         43          .1000000E+01
      43        0         42          .0000000E+00
      44        0          0          .0000000E+00
      45        0          0          .0000000E+00
      46        0          0          .0000000E+00
      47        0          0          .0000000E+00
      48        0          0          .0000000E+00
      49        0          0          .0000000E+00
      50        0          0          .0000000E+00
      51        0          0          .0000000E+00
      52        0          0          .0000000E+00
      53        0          0          .0000000E+00
      54        0          0          .0000000E+00
      55        0          0          .0000000E+00
      56        0          0          .0000000E+00
      57        0          0          .0000000E+00
      58        0          0          .0000000E+00
      59        0          0          .0000000E+00
      60        0          0          .0000000E+00
      61        0          0          .0000000E+00
      62        0          0          .0000000E+00
      63        0         64          .0000000E+00
      64        0         63          .0000000E+00
      65        0          0          .0000000E+00
      66        0          0          .0000000E+00
      67        0          0          .0000000E+00
      68        0          0          .0000000E+00
      69        0          0          .0000000E+00
      70        0          0          .0000000E+00
      71        0          0          .0000000E+00
      72        0          0          .0000000E+00
      73        0          0          .0000000E+00
      74        0          0          .0000000E+00
      75        0          0          .0000000E+00
      76        0          0          .0000000E+00
      77        0          0          .0000000E+00
      78        0          0          .0000000E+00
      79        0          0          .0000000E+00
      80        0          0          .0000000E+00
      81        0          0          .0000000E+00
      82        0          0          .0000000E+00
      83        0          0          .0000000E+00
      84        0          1          .0000000E+00


  incidence of geometric nodes

      first node      second node

       1          1       2
       2          2       3
       3          3       4
       4          4       5
       5          5       6
       6          6       7
       7          7       8
       8          8       9
       9          9      10
      10         10      11
      11         11      12
      12         12      13
      13         13      14
      14         14      15
      15         15      16
      16         16      17
      17         17      18
      18         18      19
      19         19      20
      20         20      21
      21         22      23
      22         23      24
      23         24      25
      24         25      26
      25         26      27
      26         27      28
      27         28      29
      28         29      30
      29         30      31
      30         31      32
      31         32      33
      32         33      34
      33         34      35
      34         35      36
      35         36      37
      36         37      38
      37         38      39
      38         39      40
      39         40      41
      40         41      42
      41         43      44
      42         44      45
      43         45      46
      44         46      47
      45         47      48
      46         48      49
      47         49      50
      48         50      51
      49         51      52
      50         52      53
      51         53      54
      52         54      55
      53         55      56
      54         56      57
      55         57      58
      56         58      59
      57         59      60
      58         60      61
      59         61      62
      60         62      63
      61         64      65
      62         65      66
      63         66      67
      64         67      68
      65         68      69
      66         69      70
      67         70      71
      68         71      72
      69         72      73
      70         73      74
      71         74      75
      72         75      76
      73         76      77
      74         77      78
      75         78      79
      76         79      80
      77         80      81
      78         81      82
      79         82      83
      80         83      84
 NOVAS COORDENADAS DOS NOS DUPLOS
      .0010      .0000
      .0500      .0000
      .1000      .0000
      .1500      .0000
      .2000      .0000
      .2500      .0000
      .3000      .0000
      .3500      .0000
      .4000      .0000
      .4500      .0000
      .5000      .0000
      .5500      .0000
      .6000      .0000
      .6500      .0000
      .7000      .0000
      .7500      .0000
      .8000      .0000
      .8500      .0000
      .9000      .0000
      .9500      .0000
      .9990      .0000
     1.0000      .0010
     1.0000      .0500
     1.0000      .1000
     1.0000      .1500
     1.0000      .2000
     1.0000      .2500
     1.0000      .3000
     1.0000      .3500
     1.0000      .4000
     1.0000      .4500
     1.0000      .5000
     1.0000      .5500
     1.0000      .6000
     1.0000      .6500
     1.0000      .7000
     1.0000      .7500
     1.0000      .8000
     1.0000      .8500
     1.0000      .9000
     1.0000      .9500
     1.0000      .9990
      .9990     1.0000
      .9500     1.0000
      .9000     1.0000
      .8500     1.0000
      .8000     1.0000
      .7500     1.0000
      .7000     1.0000
      .6500     1.0000
      .6000     1.0000
      .5500     1.0000
      .5000     1.0000
      .4500     1.0000
      .4000     1.0000
      .3500     1.0000
      .3000     1.0000
      .2500     1.0000
      .2000     1.0000
      .1500     1.0000
      .1000     1.0000
      .0500     1.0000
      .0010     1.0000
      .0000      .9990
      .0000      .9500
      .0000      .9000
      .0000      .8500
      .0000      .8000
      .0000      .7500
      .0000      .7000
      .0000      .6500
      .0000      .6000
      .0000      .5500
      .0000      .5000
      .0000      .4500
      .0000      .4000
      .0000      .3500
      .0000      .3000
      .0000      .2500
      .0000      .2000
      .0000      .1500
      .0000      .1000
      .0000      .0500
      .0000      .0010
   
 VALORES DE DFI  ************************************
      1   .1251
      2   .1291
      3   .1334
      4   .1379
      5   .1426
      6   .1476
      7   .1528
      8   .1583
      9   .1640
     10   .1700
     11   .1762
     12   .1827
     13   .1894
     14   .1964
     15   .2036
     16   .2110
     17   .2186
     18   .2263
     19   .2341
     20   .2420
     21   .2498
     22  -.5000
     23  -.5000
     24  -.5000
     25  -.5000
     26  -.5000
     27  -.5000
     28  -.5000
     29  -.5000
     30  -.5000
     31  -.5000
     32  -.5000
     33  -.5000
     34  -.5000
     35  -.5000
     36  -.5000
     37  -.5000
     38  -.5000
     39  -.5000
     40  -.5000
     41  -.5000
     42  -.5000
     43   .2498
     44   .2420
     45   .2341
     46   .2263
     47   .2186
     48   .2110
     49   .2036
     50   .1964
     51   .1894
     52   .1827
     53   .1762
     54   .1700
     55   .1640
     56   .1583
     57   .1528
     58   .1476
     59   .1426
     60   .1379
     61   .1334
     62   .1291
     63   .1251
     64   .1251
     65   .1289
     66   .1325
     67   .1358
     68   .1388
     69   .1414
     70   .1436
     71   .1453
     72   .1466
     73   .1473
     74   .1476
     75   .1473
     76   .1466
     77   .1453
     78   .1436
     79   .1414
     80   .1388
     81   .1358
     82   .1325
     83   .1289
     84   .1251
     85   .1319
     86   .1398
     87   .1485
     88   .1580
     89   .1686
     90   .1803
     91   .1934
     92   .2083
     93   .2256
     94   .2474
     95   .2806
     96   .3681
     97   .1384
     98   .1476
     99   .1579
    100   .1695
    101   .1827
    102   .1979
    103   .2156
    104   .2368
    105   .2632
    106   .2988
    107   .3524
    108   .4412
    109   .1440
    110   .1543
    111   .1660
    112   .1794
    113   .1948
    114   .2129
    115   .2344
    116   .2603
    117   .2925
    118   .3340
    119   .3891
    120   .4602
    121   .1483
    122   .1595
    123   .1723
    124   .1872
    125   .2044
    126   .2247
    127   .2488
    128   .2777
    129   .3128
    130   .3558
    131   .4078
    132   .4681
    133   .1513
    134   .1632
    135   .1768
    136   .1926
    137   .2110
    138   .2327
    139   .2584
    140   .2890
    141   .3253
    142   .3681
    143   .4174
    144   .4718
    145   .1529
    146   .1650
    147   .1790
    148   .1953
    149   .2144
    150   .2368
    151   .2632
    152   .2945
    153   .3312
    154   .3737
    155   .4215
    156   .4734
    157   .1529
    158   .1650
    159   .1790
    160   .1953
    161   .2144
    162   .2368
    163   .2632
    164   .2945
    165   .3312
    166   .3737
    167   .4215
    168   .4734
    169   .1513
    170   .1632
    171   .1768
    172   .1926
    173   .2110
    174   .2327
    175   .2584
    176   .2890
    177   .3253
    178   .3681
    179   .4174
    180   .4718
    181   .1483
    182   .1595
    183   .1723
    184   .1872
    185   .2044
    186   .2247
    187   .2488
    188   .2777
    189   .3128
    190   .3558
    191   .4078
    192   .4681
    193   .1440
    194   .1543
    195   .1660
    196   .1794
    197   .1948
    198   .2129
    199   .2344
    200   .2603
    201   .2925
    202   .3340
    203   .3891
    204   .4602
    205   .1384
    206   .1476
    207   .1579
    208   .1695
    209   .1827
    210   .1979
    211   .2156
    212   .2368
    213   .2632
    214   .2988
    215   .3524
    216   .4412
    217   .1319
    218   .1398
    219   .1485
    220   .1580
    221   .1686
    222   .1803
    223   .1934
    224   .2083
    225   .2256
    226   .2474
    227   .2806
    228   .3681
   
 VALORES DE WR_POS ORIGINAIS ************************
      1    .00000
      2    .00000
      3    .00000
      4    .00000
      5    .00000
      6    .00000
      7    .00000
      8    .00000
      9    .00000
     10    .00000
     11    .00000
     12    .00000
     13    .00000
     14    .00000
     15    .00000
     16    .00000
     17    .00000
     18    .00000
     19    .00000
     20    .00000
     21    .00000
     22    .00000
     23    .00000
     24    .00000
     25    .00000
     26    .00000
     27    .00000
     28    .00000
     29    .00000
     30    .00000
     31    .00000
     32    .00000
     33    .00000
     34    .00000
     35    .00000
     36    .00000
     37    .00000
     38    .00000
     39    .00000
     40    .00000
     41    .00000
     42    .00000
     43    .00000
     44    .00000
     45    .00000
     46    .00000
     47    .00000
     48    .00000
     49    .00000
     50    .00000
     51    .00000
     52    .00000
     53    .00000
     54    .00000
     55    .00000
     56    .00000
     57    .00000
     58    .00000
     59    .00000
     60    .00000
     61    .00000
     62    .00000
     63    .00000
     64    .00000
     65    .00000
     66    .00000
     67    .00000
     68    .00000
     69    .00000
     70    .00000
     71    .00000
     72    .00000
     73    .00000
     74    .00000
     75    .00000
     76    .00000
     77    .00000
     78    .00000
     79    .00000
     80    .00000
     81    .00000
     82    .00000
     83    .00000
     84    .00000
     85    .00000
     86    .00000
     87    .00000
     88    .00000
     89    .00000
     90    .00000
     91    .00000
     92    .00000
     93    .00000
     94    .00000
     95    .00000
     96    .00000
     97    .00000
     98    .00000
     99    .00000
    100    .00000
    101    .00000
    102    .00000
    103    .00000
    104    .00000
    105    .00000
    106    .00000
    107    .00000
    108    .00000
    109    .00000
    110    .00000
    111    .00000
    112    .00000
    113    .00000
    114    .00000
    115    .00000
    116    .00000
    117    .00000
    118    .00000
    119    .00000
    120    .00000
    121    .00000
    122    .00000
    123    .00000
    124    .00000
    125    .00000
    126    .00000
    127    .00000
    128    .00000
    129    .00000
    130    .00000
    131    .00000
    132    .00000
    133    .00000
    134    .00000
    135    .00000
    136    .00000
    137    .00000
    138    .00000
    139    .00000
    140    .00000
    141    .00000
    142    .00000
    143    .00000
    144    .00000
    145    .00000
    146    .00000
    147    .00000
    148    .00000
    149    .00000
    150    .00000
    151    .00000
    152    .00000
    153    .00000
    154    .00000
    155    .00000
    156    .00000
    157    .00000
    158    .00000
    159    .00000
    160    .00000
    161    .00000
    162    .00000
    163    .00000
    164    .00000
    165    .00000
    166    .00000
    167    .00000
    168    .00000
    169    .00000
    170    .00000
    171    .00000
    172    .00000
    173    .00000
    174    .00000
    175    .00000
    176    .00000
    177    .00000
    178    .00000
    179    .00000
    180    .00000
    181    .00000
    182    .00000
    183    .00000
    184    .00000
    185    .00000
    186    .00000
    187    .00000
    188    .00000
    189    .00000
    190    .00000
    191    .00000
    192    .00000
    193    .00000
    194    .00000
    195    .00000
    196    .00000
    197    .00000
    198    .00000
    199    .00000
    200    .00000
    201    .00000
    202    .00000
    203    .00000
    204    .00000
    205    .00000
    206    .00000
    207    .00000
    208    .00000
    209    .00000
    210    .00000
    211    .00000
    212    .00000
    213    .00000
    214    .00000
    215    .00000
    216    .00000
    217    .00000
    218    .00000
    219    .00000
    220    .00000
    221    .00000
    222    .00000
    223    .00000
    224    .00000
    225    .00000
    226    .00000
    227    .00000
    228    .00000
    229    .00000
    230    .00000
    231    .00000
    232    .00000
    233    .00000
    234    .00000
    235    .00000
    236    .00000
    237    .00000
    238    .00000
    239    .00000
    240    .00000
    241    .00000
    242    .00000
    243    .00000
    244    .00000
    245    .00000
    246    .00000
    247    .00000
    248    .00000
    249    .00000
    250    .00000
    251    .00000
    252    .00000
    253    .00000
    254    .00000
    255    .00000
    256    .00000
    257    .00000
    258    .00000
    259    .00000
    260    .00000
    261    .00000
    262    .00000
    263    .00000
    264    .00000
    265    .00000
    266    .00000
    267    .00000
    268    .00000
    269    .00000
    270    .00000
    271    .00000
    272    .00000
    273    .00000
    274    .00000
    275    .00000
    276    .00000
    277    .00000
    278    .00000
    279    .00000
    280    .00000
    281    .00000
    282    .00000
    283    .00000
    284    .00000
    285    .00000
    286    .00000
    287    .00000
    288    .00000
    289    .00000
    290    .00000
    291    .00000
    292    .00000
    293    .00000
    294    .00000
    295    .00000
    296    .00000
    297    .00000
    298    .00000
    299    .00000
    300    .00000
    301    .00000
    302    .00000
    303    .00000
    304    .00000
    305    .00000
    306    .00000
    307    .00000
    308    .00000
    309    .00000
    310    .00000
    311    .00000
    312    .00000
    313    .00000
    314    .00000
    315    .00000
    316    .00000
    317    .00000
    318    .00000
    319    .00000
    320    .00000
    321    .00000
    322    .00000
    323    .00000
    324    .00000
    325    .00000
    326    .00000
    327    .00000
    328    .00000
    329    .00000
    330    .00000
    331    .00000
    332    .00000
    333    .00000
    334    .00000
    335    .00000
    336    .00000
    337    .00000
    338    .00000
    339    .00000
    340    .00000
    341    .00000
    342    .00000
    343    .00000
    344    .00000
    345    .00000
    346    .00000
    347    .00000
    348    .00000
    349    .00000
    350    .00000
    351    .00000
    352    .00000
    353    .00000
    354    .00000
    355    .00000
    356    .00000
    357    .00000
    358    .00000
    359    .00000
    360    .00000
    361    .00000
    362    .00000
    363    .00000
    364    .00000
    365    .00000
    366    .00000
    367    .00000
    368    .00000
    369    .00000
    370    .00000
    371    .00000
    372    .00000
    373    .00000
    374    .00000
    375    .00000
    376    .00000
    377    .00000
    378    .00000
    379    .00000
    380    .00000
    381    .00000
    382    .00000
    383    .00000
    384    .00000
    385    .00000
    386    .00000
    387    .00000
    388    .00000
    389    .00000
    390    .00000
    391    .00000
    392    .00000
    393    .00000
    394    .00000
    395    .00000
    396    .00000
    397    .00000
    398    .00000
    399    .00000
    400    .00000
    401    .00000
    402    .00000
    403    .00000
    404    .00000
    405    .00000
    406    .00000
    407    .00000
    408    .00000
    409    .00000
    410    .00000
    411    .00000
    412    .00000
    413    .00000
    414    .00000
    415    .00000
    416    .00000
    417    .00000
    418    .00000
    419    .00000
    420    .00000
    421    .00000
    422    .00000
    423    .00000
    424    .00000
    425    .00000
    426    .00000
    427    .00000
    428    .00000
    429    .00000
    430    .00000
    431    .00000
    432    .00000
    433    .00000
    434    .00000
    435    .00000
    436    .00000
    437    .00000
    438    .00000
    439    .00000
    440    .00000
    441    .00000
    442    .00000
    443    .00000
    444    .00000
    445    .00000
    446    .00000
    447    .00000
    448    .00000
    449    .00000
    450    .00000
    451    .00000
    452    .00000
    453    .00000
    454    .00000
    455    .00000
    456    .00000
    457    .00000
    458    .00000
    459    .00000
    460    .00000
    461    .00000
    462    .00000
    463    .00000
    464    .00000
    465    .00000
    466    .00000
    467    .00000
    468    .00000
    469    .00000
    470    .00000
    471    .00000
    472    .00000
    473    .00000
    474    .00000
    475    .00000
    476    .00000
    477    .00000
    478    .00000
    479    .00000
    480    .00000
    481    .00000
    482    .00000
    483    .00000
    484    .00000
    485    .00000
    486    .00000
    487    .00000
    488    .00000
    489    .00000
    490    .00000
    491    .00000
    492    .00000
    493    .00000
    494    .00000
    495    .00000
    496    .00000
    497    .00000
    498    .00000
    499    .00000
    500    .00000
    501    .00000
    502    .00000
    503    .00000
    504    .00000
    505    .00000
    506    .00000
    507    .00000
    508    .00000
    509    .00000
    510    .00000
    511    .00000
    512    .00000
    513    .00000
    514    .00000
    515    .00000
    516    .00000
    517    .00000
    518    .00000
    519    .00000
    520    .00000
    521    .00000
    522    .00000
    523    .00000
    524    .00000
    525    .00000
    526    .00000
    527    .00000
    528    .00000
    529    .00000
    530    .00000
    531    .00000
    532    .00000
    533    .00000
    534    .00000
    535    .00000
    536    .00000
    537    .00000
    538    .00000
    539    .00000
    540    .00000
    541    .00000
    542    .00000
    543    .00000
    544    .00000
    545    .00000
    546    .00000
    547    .00000
    548    .00000
    549    .00000
    550    .00000
    551    .00000
    552    .00000
    553    .00000
    554    .00000
    555    .00000
    556    .00000
    557    .00000
    558    .00000
    559    .00000
    560    .00000
    561    .00000
    562    .00000
    563    .00000
    564    .00000
    565    .00000
    566    .00000
    567    .00000
    568    .00000
    569    .00000
    570    .00000
    571    .00000
    572    .00000
    573    .00000
    574    .00000
    575    .00000
    576    .00000
   
 VALORES DE WRA  ************************************
 WRA ORIGINAL POSSUIA         576 NUM., REDUZIDO PARA         275 NUM.
      1    .40278
      2   1.57566
      3    .79665
      4   1.12038
      5    .94475
      6   1.02882
      7    .98589
      8   1.00713
      9    .99645
     10   1.00178
     11    .99911
     12   1.00044
     13    .99978
     14   1.00011
     15    .99994
     16   1.00003
     17    .99999
     18   1.00001
     19   1.00000
     20   1.00000
     21   1.00000
     22   1.00000
     23   1.00000
     24   1.00000
     25   1.00000
     26   1.00000
     27   1.00000
     28   1.00000
     29   1.00000
     30   1.00000
     31   1.00000
     32   1.00000
     33   1.00000
     34   1.00000
     35   1.00000
     36   1.00000
     37   1.00000
     38   1.00000
     39   1.00000
     40   1.00000
     41   1.00000
     42   1.00000
     43   1.00000
     44   1.00000
     45   1.00000
     46   1.00000
     47   1.00000
     48   1.00000
     49   1.00000
     50   1.00000
     51   1.00000
     52   1.00000
     53   1.00000
     54   1.00000
     55   1.00000
     56   1.00000
     57   1.00000
     58   1.00000
     59   1.00000
     60   1.00000
     61   1.00000
     62   1.00000
     63   1.00000
     64   1.00000
     65   1.00000
     66   1.00000
     67   1.00000
     68   1.00000
     69   1.00000
     70   1.00000
     71   1.00000
     72   1.00000
     73   1.00000
     74   1.00000
     75   1.00000
     76   1.00000
     77   1.00000
     78   1.00000
     79   1.00000
     80   1.00000
     81   1.00000
     82   1.00000
     83   1.00000
     84   1.00000
     85   1.00000
     86   1.00000
     87   1.00000
     88   1.00000
     89   1.00000
     90   1.00000
     91   1.00000
     92   1.00000
     93   1.00000
     94   1.00000
     95   1.00000
     96   1.00000
     97   1.00000
     98   1.00000
     99   1.00000
    100   1.00000
    101   1.00000
    102   1.00000
    103   1.00000
    104   1.00000
    105   1.00000
    106   1.00000
    107   1.00000
    108   1.00000
    109   1.00000
    110   1.00000
    111   1.00000
    112   1.00000
    113   1.00000
    114   1.00000
    115   1.00000
    116   1.00000
    117   1.00000
    118   1.00000
    119   1.00000
    120   1.00000
    121   1.00000
    122   1.00000
    123   1.00000
    124   1.00000
    125   1.00000
    126   1.00000
    127   1.00000
    128   1.00000
    129   1.00000
    130   1.00000
    131   1.00000
    132   1.00000
    133   1.00000
    134   1.00000
    135   1.00000
    136   1.00000
    137   1.00000
    138   1.00000
    139   1.00000
    140   1.00000
    141   1.00000
    142   1.00000
    143   1.00000
    144   1.00000
    145   1.00000
    146   1.00000
    147   1.00000
    148   1.00000
    149   1.00000
    150   1.00000
    151   1.00000
    152   1.00000
    153   1.00000
    154   1.00000
    155   1.00000
    156   1.00000
    157   1.00000
    158   1.00000
    159   1.00000
    160   1.00000
    161   1.00000
    162   1.00000
    163   1.00000
    164   1.00000
    165   1.00000
    166   1.00000
    167   1.00000
    168   1.00000
    169   1.00000
    170   1.00000
    171   1.00000
    172   1.00000
    173   1.00000
    174   1.00000
    175   1.00000
    176   1.00000
    177   1.00000
    178   1.00000
    179   1.00000
    180   1.00000
    181   1.00000
    182   1.00000
    183   1.00000
    184   1.00000
    185   1.00000
    186   1.00000
    187   1.00000
    188   1.00000
    189   1.00000
    190   1.00000
    191   1.00000
    192   1.00000
    193   1.00000
    194   1.00000
    195   1.00000
    196   1.00000
    197   1.00000
    198   1.00000
    199   1.00000
    200   1.00000
    201   1.00000
    202   1.00000
    203   1.00000
    204   1.00000
    205   1.00000
    206   1.00000
    207   1.00000
    208   1.00000
    209   1.00000
    210   1.00000
    211   1.00000
    212   1.00000
    213   1.00000
    214   1.00000
    215   1.00000
    216   1.00000
    217   1.00000
    218   1.00000
    219   1.00000
    220   1.00000
    221   1.00000
    222   1.00000
    223   1.00000
    224   1.00000
    225   1.00000
    226   1.00000
    227   1.00000
    228   1.00000
    229   1.00000
    230   1.00000
    231   1.00000
    232   1.00000
    233   1.00000
    234   1.00000
    235   1.00000
    236   1.00000
    237   1.00000
    238   1.00000
    239   1.00000
    240   1.00000
    241   1.00000
    242   1.00000
    243   1.00000
    244   1.00000
    245   1.00000
    246   1.00000
    247   1.00000
    248   1.00000
    249   1.00000
    250   1.00000
    251   1.00000
    252   1.00000
    253   1.00000
    254   1.00000
    255   1.00000
    256   1.00000
    257   1.00000
    258   1.00000
    259   1.00000
    260   1.00000
    261   1.00000
    262   1.00000
    263   1.00000
    264   1.00000
    265   1.00000
    266   1.00000
    267   1.00000
    268   1.00000
    269   1.00000
    270   1.00000
    271   1.00000
    272   1.00000
    273   1.00000
    274   1.00000
    275   1.00000



           - AUTOVALORES - 
          REAL     IMAGINARIO
           1       -7.228632090521696   0.000000000000000E+000
           2        6.163878106990267   0.000000000000000E+000
           3        1.610124766821466       -1.787878881419427
           4        1.610124766821466        1.787878881419427
           5        1.785183126827082       -1.594189827069749
           6        1.785183126827082        1.594189827069749
           7        1.410061109374942       -1.942455914289068
           8        1.410061109374942        1.942455914289068
           9        1.902860336833905       -1.386184733645796
          10        1.902860336833905        1.386184733645796
          11        2.097017445934999       -1.040476211136930
          12        2.097017445934999        1.040476211136930
          13        2.191943749247225  -7.967986109502396E-001
          14        2.191943749247225   7.967986109502396E-001
          15        1.980832343532557       -1.196620366368643
          16        1.980832343532557        1.196620366368643
          17        2.218487764310906  -5.914176480107299E-001
          18        2.218487764310906   5.914176480107299E-001
          19        2.268807131133846  -3.538229716416737E-001
          20        2.268807131133846   3.538229716416737E-001
          21        1.197545165176603       -2.059393738878518
          22        1.197545165176603        2.059393738878518
          23        2.222557456065123  -1.002057112922319E-001
          24        2.222557456065123   1.002057112922319E-001
          25        2.217953884884118   0.000000000000000E+000
          26   9.907541755083690E-001       -2.170119176342235
          27   9.907541755083690E-001        2.170119176342235
          28        2.122797745573885  -2.625805530334388E-001
          29        2.122797745573885   2.625805530334388E-001
          30   7.465377779561355E-001       -2.252297531878207
          31   7.465377779561355E-001        2.252297531878207
          32        1.995203613253474  -4.688877571286839E-001
          33        1.995203613253474   4.688877571286839E-001
          34   5.076363851571417E-001       -2.301958886800633
          35   5.076363851571417E-001        2.301958886800633
          36        1.879751483890527  -6.205739137105610E-001
          37        1.879751483890527   6.205739137105610E-001
          38   2.328388717254374E-001       -2.313013478428998
          39   2.328388717254374E-001        2.313013478428998
          40        1.742468037013190  -8.147789290674169E-001
          41        1.742468037013190   8.147789290674169E-001
          42        1.576490739769077  -9.425786809174095E-001
          43        1.576490739769077   9.425786809174095E-001
          44   1.955916424804638E-003       -2.236763593664032
          45   1.955916424804638E-003        2.236763593664032
          46        1.422508868617379       -1.080207463376355
          47        1.422508868617379        1.080207463376355
          48  -2.047222217009336E-001       -2.204957121318667
          49  -2.047222217009336E-001        2.204957121318667
          50        1.259540517373082       -1.176384824230794
          51        1.259540517373082        1.176384824230794
          52        1.092086461286365       -1.289870388922572
          53        1.092086461286365        1.289870388922572
          54  -4.249102212922906E-001       -2.094893328550945
          55  -4.249102212922906E-001        2.094893328550945
          56   9.307241649913866E-001       -1.373152074401864
          57   9.307241649913866E-001        1.373152074401864
          58  -6.014198314054673E-001       -2.013252005465796
          59  -6.014198314054673E-001        2.013252005465796
          60   8.217459749245305E-001       -1.356040161950519
          61   8.217459749245305E-001        1.356040161950519
          62  -8.007269923859617E-001       -1.875545753811997
          63  -8.007269923859617E-001        1.875545753811997
          64   6.291806376315920E-001       -1.388267602663095
          65   6.291806376315920E-001        1.388267602663095
          66  -9.584487686324594E-001       -1.732244232396910
          67  -9.584487686324594E-001        1.732244232396910
          68   4.314071070565315E-001       -1.381843936640346
          69   4.314071070565315E-001        1.381843936640346
          70       -1.117419413620407       -1.540698273321412
          71       -1.117419413620407        1.540698273321412
          72       -1.199505506687210       -1.334260528753531
          73       -1.199505506687210        1.334260528753531
          74   2.447389193118759E-001       -1.384033512168694
          75   2.447389193118759E-001        1.384033512168694
          76       -1.286581299382342       -1.144606450167780
          77       -1.286581299382342        1.144606450167780
          78       -1.329824261639828  -9.167405961169469E-001
          79       -1.329824261639828   9.167405961169469E-001
          80   4.463258857340080E-002       -1.340603361842575
          81   4.463258857340080E-002        1.340603361842575
          82       -1.346677526056854  -7.158813569111793E-001
          83       -1.346677526056854   7.158813569111793E-001
          84       -1.356318303634904  -4.832049741045763E-001
          85       -1.356318303634904   4.832049741045763E-001
          86  -1.009217688710276E-001       -1.254704236923730
          87  -1.009217688710276E-001        1.254704236923730
          88  -2.280254132262662E-001       -1.206533930077981
          89  -2.280254132262662E-001        1.206533930077981
          90       -1.301422657916322  -2.572225979805876E-001
          91       -1.301422657916322   2.572225979805876E-001
          92   3.454440935114293E-001       -1.040253430639234
          93   3.454440935114293E-001        1.040253430639234
          94   6.344005868339330E-001  -8.316058847832529E-001
          95   6.344005868339330E-001   8.316058847832529E-001
          96   9.973074864449845E-001  -1.864248700098246E-001
          97   9.973074864449845E-001   1.864248700098246E-001
          98   5.095138387100483E-001  -9.217712287839505E-001
          99   5.095138387100483E-001   9.217712287839505E-001
         100   8.165768558073518E-001  -6.083930332934263E-001
         101   8.165768558073518E-001   6.083930332934263E-001
         102   9.472775584490276E-001  -3.483899981180898E-001
         103   9.472775584490276E-001   3.483899981180898E-001
         104   8.944221065999715E-001  -4.627927205663706E-001
         105   8.944221065999715E-001   4.627927205663706E-001
         106   9.902518121777535E-001  -3.755024900198733E-002
         107   9.902518121777535E-001   3.755024900198733E-002
         108   9.799142009281959E-001  -1.058352290444520E-001
         109   9.799142009281959E-001   1.058352290444520E-001
         110   7.300984461135324E-001  -6.979617135039703E-001
         111   7.300984461135324E-001   6.979617135039703E-001
         112   9.503103120680150E-001  -1.791419316546587E-001
         113   9.503103120680150E-001   1.791419316546587E-001
         114   9.293764114052681E-001  -2.358780726594160E-001
         115   9.293764114052681E-001   2.358780726594160E-001
         116   9.368572890095825E-001  -7.211477594551327E-002
         117   9.368572890095825E-001   7.211477594551327E-002
         118   9.349712845043388E-001  -2.564048651858808E-002
         119   9.349712845043388E-001   2.564048651858808E-002
         120   8.944792596836323E-001  -3.539131977568936E-001
         121   8.944792596836323E-001   3.539131977568936E-001
         122   9.004208607923139E-001  -2.075308583195605E-001
         123   9.004208607923139E-001   2.075308583195605E-001
         124   8.867857634244230E-001  -2.999042453302633E-001
         125   8.867857634244230E-001   2.999042453302633E-001
         126   8.787147784786045E-001  -2.906237766153902E-001
         127   8.787147784786045E-001   2.906237766153902E-001
         128   8.435461992119963E-001  -4.006887171330904E-001
         129   8.435461992119963E-001   4.006887171330904E-001
         130   8.191300733225762E-001  -4.700842341179618E-001
         131   8.191300733225762E-001   4.700842341179618E-001
         132   8.318234901930930E-001  -4.292025047487550E-001
         133   8.318234901930930E-001   4.292025047487550E-001
         134   7.564729581443170E-001  -5.690244005656607E-001
         135   7.564729581443170E-001   5.690244005656607E-001
         136   7.733422204649471E-001  -5.228003639869623E-001
         137   7.733422204649471E-001   5.228003639869623E-001
         138   7.749942780021202E-001  -5.017676703096523E-001
         139   7.749942780021202E-001   5.017676703096523E-001
         140   6.959058664201268E-001  -6.421235200314234E-001
         141   6.959058664201268E-001   6.421235200314234E-001
         142   7.172516721828262E-001  -5.886995967042733E-001
         143   7.172516721828262E-001   5.886995967042733E-001
         144   6.576471132548548E-001  -6.724971928870973E-001
         145   6.576471132548548E-001   6.724971928870973E-001
         146  -3.581177972683300E-001       -1.102566019173033
         147  -3.581177972683300E-001        1.102566019173033
         148   1.606523561562975E-001       -1.044236231838800
         149   1.606523561562975E-001        1.044236231838800
         150   2.339654736684876E-002       -1.077729325557968
         151   2.339654736684876E-002        1.077729325557968
         152   6.286712177276708E-001  -6.806234830647285E-001
         153   6.286712177276708E-001   6.806234830647285E-001
         154   5.843065021218792E-001  -7.094594534606995E-001
         155   5.843065021218792E-001   7.094594534606995E-001
         156   5.510626533883060E-001  -7.422106382429605E-001
         157   5.510626533883060E-001   7.422106382429605E-001
         158   5.491615626618933E-001  -7.444047317046899E-001
         159   5.491615626618933E-001   7.444047317046899E-001
         160   5.048206183374150E-001  -7.819208174313197E-001
         161   5.048206183374150E-001   7.819208174313197E-001
         162       -1.277096687204611  -6.692622194722299E-002
         163       -1.277096687204611   6.692622194722299E-002
         164   4.436547740994518E-001  -8.261090064948974E-001
         165   4.436547740994518E-001   8.261090064948974E-001
         166   7.878046134980090E-001  -1.990162881223644E-001
         167   7.878046134980090E-001   1.990162881223644E-001
         168   7.993697828310739E-001  -5.182528203811280E-002
         169   7.993697828310739E-001   5.182528203811280E-002
         170  -4.285934564134234E-001       -1.047997573260855
         171  -4.285934564134234E-001        1.047997573260855
         172  -1.567468653036056E-001       -1.056669761550804
         173  -1.567468653036056E-001        1.056669761550804
         174   4.405246989260914E-001  -7.989256158741844E-001
         175   4.405246989260914E-001   7.989256158741844E-001
         176   7.320549314707994E-001  -3.100252947835002E-001
         177   7.320549314707994E-001   3.100252947835002E-001
         178   6.846519001194531E-001  -4.334392371647891E-001
         179   6.846519001194531E-001   4.334392371647891E-001
         180  -2.995227852002089E-001       -1.051083619340612
         181  -2.995227852002089E-001        1.051083619340612
         182   3.777048697806286E-001  -8.351367249134587E-001
         183   3.777048697806286E-001   8.351367249134587E-001
         184   3.259155008008201E-001  -8.637564861930571E-001
         185   3.259155008008201E-001   8.637564861930571E-001
         186  -5.556093192430662E-001  -9.790183536135264E-001
         187  -5.556093192430662E-001   9.790183536135264E-001
         188  -4.865253897212984E-001  -9.970756666663089E-001
         189  -4.865253897212984E-001   9.970756666663089E-001
         190   2.856694558346153E-001  -8.660285295901589E-001
         191   2.856694558346153E-001   8.660285295901589E-001
         192   3.192247738671359E-001  -8.339284403978802E-001
         193   3.192247738671359E-001   8.339284403978802E-001
         194   5.727964177146829E-001  -5.337140044975344E-001
         195   5.727964177146829E-001   5.337140044975344E-001
         196   2.122157802149016E-001  -8.972646399095979E-001
         197   2.122157802149016E-001   8.972646399095979E-001
         198  -6.352682958492131E-001  -9.230615683705866E-001
         199  -6.352682958492131E-001   9.230615683705866E-001
         200       -1.208176054715143  -1.616088333162485E-001
         201       -1.208176054715143   1.616088333162485E-001
         202  -8.171811770675392E-001  -8.154080010662599E-001
         203  -8.171811770675392E-001   8.154080010662599E-001
         204   5.088688452551260E-001  -5.832131269477835E-001
         205   5.088688452551260E-001   5.832131269477835E-001
         206   1.581212240655447E-001  -8.984289070979482E-001
         207   1.581212240655447E-001   8.984289070979482E-001
         208  -6.662596380930308E-001  -8.843344332823381E-001
         209  -6.662596380930308E-001   8.843344332823381E-001
         210   2.181305722588295E-001  -8.458583774171820E-001
         211   2.181305722588295E-001   8.458583774171820E-001
         212   4.089859673226116E-001  -6.630759401703616E-001
         213   4.089859673226116E-001   6.630759401703616E-001
         214   9.574039704529186E-002  -9.004037767362854E-001
         215   9.574039704529186E-002   9.004037767362854E-001
         216   6.473059547300832E-001  -1.055370734999100E-001
         217   6.473059547300832E-001   1.055370734999100E-001
         218   6.471520972684551E-001  -3.781024691551932E-003
         219   6.471520972684551E-001   3.781024691551932E-003
         220   5.983181962326706E-001  -3.006723817109793E-001
         221   5.983181962326706E-001   3.006723817109793E-001
         222   6.334601771209563E-001  -9.022590284123931E-002
         223   6.334601771209563E-001   9.022590284123931E-002
         224   6.212200490620269E-001  -1.969778682562278E-001
         225   6.212200490620269E-001   1.969778682562278E-001
         226   6.148224890512836E-001  -1.912698914847509E-001
         227   6.148224890512836E-001   1.912698914847509E-001
         228   3.316816964486124E-001  -7.095987513583431E-001
         229   3.316816964486124E-001   7.095987513583431E-001
         230   6.253096194360364E-002  -8.998660156243385E-001
         231   6.253096194360364E-002   8.998660156243385E-001
         232   1.015018588527458E-001  -8.618988104427389E-001
         233   1.015018588527458E-001   8.618988104427389E-001
         234   2.248022985516761E-001  -7.766072518759104E-001
         235   2.248022985516761E-001   7.766072518759104E-001
         236  -8.293495383433991E-003  -9.085715759646280E-001
         237  -8.293495383433991E-003   9.085715759646280E-001
         238  -5.708735970236278E-002  -9.193365063014993E-001
         239  -5.708735970236278E-002   9.193365063014993E-001
         240   5.327390797265876E-001  -4.002643584554781E-001
         241   5.327390797265876E-001   4.002643584554781E-001
         242   5.610595928788156E-001  -2.695764217478305E-001
         243   5.610595928788156E-001   2.695764217478305E-001
         244   5.351133149222822E-001  -3.474556422478058E-001
         245   5.351133149222822E-001   3.474556422478058E-001
         246       -1.056489894582727  -5.268114717616425E-001
         247       -1.056489894582727   5.268114717616425E-001
         248   4.654668622593736E-001  -4.740886514963644E-001
         249   4.654668622593736E-001   4.740886514963644E-001
         250       -1.143967843970135  -3.197720809671774E-001
         251       -1.143967843970135   3.197720809671774E-001
         252   4.620955712567552E-001  -4.306617373869937E-001
         253   4.620955712567552E-001   4.306617373869937E-001
         254   1.049951696966708E-001  -8.056610956991372E-001
         255   1.049951696966708E-001   8.056610956991372E-001
         256   4.740512039505046E-002  -8.318424551962556E-001
         257   4.740512039505046E-002   8.318424551962556E-001
         258  -1.625161550494392E-002  -8.548445611584387E-001
         259  -1.625161550494392E-002   8.548445611584387E-001
         260  -1.243120826619392E-001  -8.920600705306381E-001
         261  -1.243120826619392E-001   8.920600705306381E-001
         262  -7.696856499667826E-002  -8.734505038723155E-001
         263  -7.696856499667826E-002   8.734505038723155E-001
         264   3.793440604355175E-001  -5.469137998134526E-001
         265   3.793440604355175E-001   5.469137998134526E-001
         266   4.064176082607086E-001  -4.882768949835193E-001
         267   4.064176082607086E-001   4.882768949835193E-001
         268  -1.765014975220826E-001  -8.968788057832027E-001
         269  -1.765014975220826E-001   8.968788057832027E-001
         270  -9.292926921350680E-001  -6.579033447822106E-001
         271  -9.292926921350680E-001   6.579033447822106E-001
         272   2.975897316043597E-001  -5.890861839086344E-001
         273   2.975897316043597E-001   5.890861839086344E-001
         274   3.169311786612977E-001  -5.578603403342819E-001
         275   3.169311786612977E-001   5.578603403342819E-001
         276  -2.245224334114968E-001  -8.735357726450824E-001
         277  -2.245224334114968E-001   8.735357726450824E-001
         278  -2.838828964639555E-001  -8.802971912449664E-001
         279  -2.838828964639555E-001   8.802971912449664E-001
         280  -7.548146528896138E-001  -7.629679381582259E-001
         281  -7.548146528896138E-001   7.629679381582259E-001
         282  -1.658406990724922E-001  -8.453146683039521E-001
         283  -1.658406990724922E-001   8.453146683039521E-001
         284   2.031618323577411E-001  -6.393358566307488E-001
         285   2.031618323577411E-001   6.393358566307488E-001
         286  -1.857655131898729E-001  -8.392941320160030E-001
         287  -1.857655131898729E-001   8.392941320160030E-001
         288   2.353782320065323E-001  -5.821670916722284E-001
         289   2.353782320065323E-001   5.821670916722284E-001
         290  -4.104692692218304E-001  -8.414535115582091E-001
         291  -4.104692692218304E-001   8.414535115582091E-001
         292  -3.375307147381109E-001  -8.364039084124972E-001
         293  -3.375307147381109E-001   8.364039084124972E-001
         294   1.482707515304140E-001  -6.256219317896543E-001
         295   1.482707515304140E-001   6.256219317896543E-001
         296   1.090903429226533E-001  -6.539815243702591E-001
         297   1.090903429226533E-001   6.539815243702591E-001
         298   3.791260346154484E-001  -2.506642694643356E-001
         299   3.791260346154484E-001   2.506642694643356E-001
         300   3.625458803449697E-001  -2.170395072464755E-001
         301   3.625458803449697E-001   2.170395072464755E-001
         302   3.875150036216630E-001  -1.967883813536318E-002
         303   3.875150036216630E-001   1.967883813536318E-002
         304   3.841162199451844E-001  -2.981410652819060E-002
         305   3.841162199451844E-001   2.981410652819060E-002
         306   3.876260521337719E-001  -7.032315905189562E-002
         307   3.876260521337719E-001   7.032315905189562E-002
         308   3.745619198383446E-001  -1.598390299290645E-001
         309   3.745619198383446E-001   1.598390299290645E-001
         310   3.745636035876956E-001  -7.965054163717271E-002
         311   3.745636035876956E-001   7.965054163717271E-002
         312   3.743504537001542E-001  -1.166433874074889E-001
         313   3.743504537001542E-001   1.166433874074889E-001
         314   3.611191613534137E-001  -1.242649465996737E-001
         315   3.611191613534137E-001   1.242649465996737E-001
         316   3.302673168568712E-001  -2.820492981208520E-001
         317   3.302673168568712E-001   2.820492981208520E-001
         318   3.425787855716669E-001  -1.631408313974512E-001
         319   3.425787855716669E-001   1.631408313974512E-001
         320   3.292638780416924E-001  -2.013206132629176E-001
         321   3.292638780416924E-001   2.013206132629176E-001
         322  -2.818562342417097E-001  -8.206671714738775E-001
         323  -2.818562342417097E-001   8.206671714738775E-001
         324  -2.776705885395623E-001  -8.137801514082717E-001
         325  -2.776705885395623E-001   8.137801514082717E-001
         326   3.078235173562310E-001  -2.431292505765210E-001
         327   3.078235173562310E-001   2.431292505765210E-001
         328   2.883230058055708E-001  -3.236107072349031E-001
         329   2.883230058055708E-001   3.236107072349031E-001
         330   2.854748251311577E-001  -2.807262615479724E-001
         331   2.854748251311577E-001   2.807262615479724E-001
         332   7.185652686862165E-003  -6.766108098347390E-001
         333   7.185652686862165E-003   6.766108098347390E-001
         334   2.573767178991531E-001  -3.222037815325300E-001
         335   2.573767178991531E-001   3.222037815325300E-001
         336   4.701688088194544E-002  -6.258596393653202E-001
         337   4.701688088194544E-002   6.258596393653202E-001
         338   2.361761610227099E-001  -3.735284923247005E-001
         339   2.361761610227099E-001   3.735284923247005E-001
         340   2.264181283898973E-001  -3.583895967758624E-001
         341   2.264181283898973E-001   3.583895967758624E-001
         342   2.077049802811573E-001  -3.782638555488112E-001
         343   2.077049802811573E-001   3.782638555488112E-001
         344   1.511070234772258E-001  -4.452560358033237E-001
         345   1.511070234772258E-001   4.452560358033237E-001
         346   1.711516578719532E-001  -4.057340733770160E-001
         347   1.711516578719532E-001   4.057340733770160E-001
         348   1.744013796047568E-001  -3.785666663960494E-001
         349   1.744013796047568E-001   3.785666663960494E-001
         350   1.357672957508662E-001  -4.209331827294603E-001
         351   1.357672957508662E-001   4.209331827294603E-001
         352  -2.909188010408947E-002  -6.223117586557957E-001
         353  -2.909188010408947E-002   6.223117586557957E-001
         354   4.862743973400437E-002  -5.229054489954361E-001
         355   4.862743973400437E-002   5.229054489954361E-001
         356   8.899098046261285E-002  -4.443505869041860E-001
         357   8.899098046261285E-002   4.443505869041860E-001
         358  -1.090626698471469E-001  -6.608989984332485E-001
         359  -1.090626698471469E-001   6.608989984332485E-001
         360  -5.086533657536554E-001  -7.837479098130634E-001
         361  -5.086533657536554E-001   7.837479098130634E-001
         362  -4.319662031842012E-001  -7.812372494856539E-001
         363  -4.319662031842012E-001   7.812372494856539E-001
         364  -4.080074926434106E-001  -7.788355564746161E-001
         365  -4.080074926434106E-001   7.788355564746161E-001
         366   5.338093103930015E-002  -4.694873073854460E-001
         367   5.338093103930015E-002   4.694873073854460E-001
         368   4.236939916298919E-002  -4.553191966370353E-001
         369   4.236939916298919E-002   4.553191966370353E-001
         370   2.238000832722242E-003  -5.211833288129949E-001
         371   2.238000832722242E-003   5.211833288129949E-001
         372  -3.836329874033972E-001  -7.605786450319042E-001
         373  -3.836329874033972E-001   7.605786450319042E-001
         374  -4.307243921694154E-003  -4.915993172304888E-001
         375  -4.307243921694154E-003   4.915993172304888E-001
         376  -1.171093842806480E-001  -6.025676305715463E-001
         377  -1.171093842806480E-001   6.025676305715463E-001
         378  -3.257568308986147E-002  -4.660876416786879E-001
         379  -3.257568308986147E-002   4.660876416786879E-001
         380  -5.173234763411923E-002  -5.004639505748919E-001
         381  -5.173234763411923E-002   5.004639505748919E-001
         382  -6.223996812236137E-001  -7.317765429867739E-001
         383  -6.223996812236137E-001   7.317765429867739E-001
         384  -7.935629886462525E-001  -6.362844839178410E-001
         385  -7.935629886462525E-001   6.362844839178410E-001
         386  -8.313754857046602E-001  -6.065029589275622E-001
         387  -8.313754857046602E-001   6.065029589275622E-001
         388  -9.744885811078277E-002  -5.219967437174331E-001
         389  -9.744885811078277E-002   5.219967437174331E-001
         390  -2.072649657806127E-001  -6.280246449159944E-001
         391  -2.072649657806127E-001   6.280246449159944E-001
         392  -4.462339638373944E-001  -7.178682852970628E-001
         393  -4.462339638373944E-001   7.178682852970628E-001
         394  -5.217362905309038E-001  -7.191122294224479E-001
         395  -5.217362905309038E-001   7.191122294224479E-001
         396  -5.092432259361086E-001  -7.182446745424373E-001
         397  -5.092432259361086E-001   7.182446745424373E-001
         398  -8.552680849662459E-001  -5.641556280874598E-001
         399  -8.552680849662459E-001   5.641556280874598E-001
         400  -9.881475634842352E-001  -3.963735614083087E-001
         401  -9.881475634842352E-001   3.963735614083087E-001
         402  -9.181325367505100E-001  -4.938345686829029E-001
         403  -9.181325367505100E-001   4.938345686829029E-001
         404  -7.013627786277541E-001  -6.514586204026146E-001
         405  -7.013627786277541E-001   6.514586204026146E-001
         406  -7.255365726151517E-001  -6.373573218438837E-001
         407  -7.255365726151517E-001   6.373573218438837E-001
         408  -9.490792456642933E-001  -4.266325647269434E-001
         409  -9.490792456642933E-001   4.266325647269434E-001
         410  -8.932446153027428E-001  -4.919970895972246E-001
         411  -8.932446153027428E-001   4.919970895972246E-001
         412  -5.898758982924707E-001  -6.886548452250244E-001
         413  -5.898758982924707E-001   6.886548452250244E-001
         414  -6.499802706063087E-001  -6.661696334526368E-001
         415  -6.499802706063087E-001   6.661696334526368E-001
         416  -4.881797890291467E-001  -6.782634753250403E-001
         417  -4.881797890291467E-001   6.782634753250403E-001
         418  -5.320213524200179E-001  -6.779928116858909E-001
         419  -5.320213524200179E-001   6.779928116858909E-001
         420  -6.007768899164425E-001  -6.535693914831398E-001
         421  -6.007768899164425E-001   6.535693914831398E-001
         422  -6.271673780010314E-001  -6.475558678480474E-001
         423  -6.271673780010314E-001   6.475558678480474E-001
         424  -7.490717980759512E-001  -5.944549466922922E-001
         425  -7.490717980759512E-001   5.944549466922922E-001
         426  -5.359347822904086E-001  -6.583952408459578E-001
         427  -5.359347822904086E-001   6.583952408459578E-001
         428  -4.356091966871177E-001  -6.630276290520295E-001
         429  -4.356091966871177E-001   6.630276290520295E-001
         430  -7.927683086991799E-001  -5.517886676464404E-001
         431  -7.927683086991799E-001   5.517886676464404E-001
         432  -1.733121682601856E-001  -5.817054832241992E-001
         433  -1.733121682601856E-001   5.817054832241992E-001
         434  -3.982270120441206E-001  -6.468628673402732E-001
         435  -3.982270120441206E-001   6.468628673402732E-001
         436  -1.561909080949813E-001  -5.385685987005522E-001
         437  -1.561909080949813E-001   5.385685987005522E-001
         438  -1.428122509375106E-001  -5.044617035010792E-001
         439  -1.428122509375106E-001   5.044617035010792E-001
         440  -3.459986984623901E-001  -6.247382536906871E-001
         441  -3.459986984623901E-001   6.247382536906871E-001
         442  -2.026811633901793E-001  -5.522055882756187E-001
         443  -2.026811633901793E-001   5.522055882756187E-001
         444  -2.589465398409569E-001  -5.810583582438282E-001
         445  -2.589465398409569E-001   5.810583582438282E-001
         446  -3.094936967310450E-001  -5.973211500913842E-001
         447  -3.094936967310450E-001   5.973211500913842E-001
         448  -2.473468850831591E-001  -5.632216934306454E-001
         449  -2.473468850831591E-001   5.632216934306454E-001
         450  -7.134861487806277E-001  -5.737912231940644E-001
         451  -7.134861487806277E-001   5.737912231940644E-001
         452       -1.036366404069789  -2.566300657690239E-001
         453       -1.036366404069789   2.566300657690239E-001
         454  -5.816552868790412E-001  -5.873144304603678E-001
         455  -5.816552868790412E-001   5.873144304603678E-001
         456  -6.850536082622881E-001  -5.590563481634062E-001
         457  -6.850536082622881E-001   5.590563481634062E-001
         458  -8.341914333650133E-001  -4.713973649767257E-001
         459  -8.341914333650133E-001   4.713973649767257E-001
         460  -9.963135990947012E-001  -2.795436946716273E-001
         461  -9.963135990947012E-001   2.795436946716273E-001
         462  -8.650073112834273E-001  -4.390330570965759E-001
         463  -8.650073112834273E-001   4.390330570965759E-001
         464       -1.036400809132949  -1.456410258938750E-001
         465       -1.036400809132949   1.456410258938750E-001
         466       -1.018201554488043  -1.473928762283410E-001
         467       -1.018201554488043   1.473928762283410E-001
         468  -9.083411717538377E-001  -3.322651515463448E-001
         469  -9.083411717538377E-001   3.322651515463448E-001
         470  -9.034060974403557E-001  -3.374199831996689E-001
         471  -9.034060974403557E-001   3.374199831996689E-001
         472       -1.026428626943146  -7.162607606034094E-003
         473       -1.026428626943146   7.162607606034094E-003
         474  -9.691769386463096E-001  -2.253285544734369E-001
         475  -9.691769386463096E-001   2.253285544734369E-001
         476       -1.009887319925326  -1.386842764381325E-003
         477       -1.009887319925326   1.386842764381325E-003
         478  -9.904380928979553E-001  -9.253466955637417E-002
         479  -9.904380928979553E-001   9.253466955637417E-002
         480  -9.861483403156182E-001  -1.124011907787112E-001
         481  -9.861483403156182E-001   1.124011907787112E-001
         482  -9.492419515657127E-001  -2.255705272627381E-001
         483  -9.492419515657127E-001   2.255705272627381E-001
         484  -3.005577351382305E-001  -5.685222103401709E-001
         485  -3.005577351382305E-001   5.685222103401709E-001
         486  -2.987182338163348E-001  -5.332451334302333E-001
         487  -2.987182338163348E-001   5.332451334302333E-001
         488  -2.069427743868744E-001  -4.428655005970734E-001
         489  -2.069427743868744E-001   4.428655005970734E-001
         490  -6.442011685502864E-001  -5.270456227316711E-001
         491  -6.442011685502864E-001   5.270456227316711E-001
         492  -7.374848333853106E-001  -4.677002189912200E-001
         493  -7.374848333853106E-001   4.677002189912200E-001
         494  -2.784064865063776E-001  -4.610538332006132E-001
         495  -2.784064865063776E-001   4.610538332006132E-001
         496  -3.563535782557346E-001  -5.105935131630343E-001
         497  -3.563535782557346E-001   5.105935131630343E-001
         498  -3.746102683028861E-001  -5.146720940466403E-001
         499  -3.746102683028861E-001   5.146720940466403E-001
         500  -8.685001384593909E-001  -2.990547447049705E-001
         501  -8.685001384593909E-001   2.990547447049705E-001
         502  -4.197062902093134E-001  -4.708479696387402E-001
         503  -4.197062902093134E-001   4.708479696387402E-001
         504  -3.726573900788968E-001  -4.154722117283640E-001
         505  -3.726573900788968E-001   4.154722117283640E-001
         506  -7.813053799312234E-001  -3.650806597201896E-001
         507  -7.813053799312234E-001   3.650806597201896E-001
         508  -6.891208962506836E-001  -4.276622568776587E-001
         509  -6.891208962506836E-001   4.276622568776587E-001
         510  -4.536779539765353E-001  -4.492871055027631E-001
         511  -4.536779539765353E-001   4.492871055027631E-001
         512  -4.672192623685120E-001  -4.327060915331346E-001
         513  -4.672192623685120E-001   4.327060915331346E-001
         514  -5.215164707513295E-001  -4.214843612113475E-001
         515  -5.215164707513295E-001   4.214843612113475E-001
         516  -6.501383711249220E-001  -3.994868228305971E-001
         517  -6.501383711249220E-001   3.994868228305971E-001
         518  -8.179338684522952E-001  -2.729035764816161E-001
         519  -8.179338684522952E-001   2.729035764816161E-001
         520  -7.278458745933072E-001  -3.426535673539413E-001
         521  -7.278458745933072E-001   3.426535673539413E-001
         522  -4.532792606481050E-001  -3.755679242459331E-001
         523  -4.532792606481050E-001   3.755679242459331E-001
         524  -5.240348976065981E-001  -3.886273750642253E-001
         525  -5.240348976065981E-001   3.886273750642253E-001
         526  -7.509630320415212E-001  -2.826766449923060E-001
         527  -7.509630320415212E-001   2.826766449923060E-001
         528  -8.467641842105568E-001  -1.609503277091856E-001
         529  -8.467641842105568E-001   1.609503277091856E-001
         530  -5.607562186239716E-001  -3.603237335713286E-001
         531  -5.607562186239716E-001   3.603237335713286E-001
         532  -6.067769375729659E-001  -3.202956815995017E-001
         533  -6.067769375729659E-001   3.202956815995017E-001
         534  -7.681762822544926E-001  -2.226063530534991E-001
         535  -7.681762822544926E-001   2.226063530534991E-001
         536  -6.366158043147004E-001  -2.907547558813783E-001
         537  -6.366158043147004E-001   2.907547558813783E-001
         538  -8.405619329775824E-001  -4.102134363845212E-002
         539  -8.405619329775824E-001   4.102134363845212E-002
         540  -6.752279905487257E-001  -2.494964491552858E-001
         541  -6.752279905487257E-001   2.494964491552858E-001
         542  -7.779262792569115E-001  -1.622868411397083E-001
         543  -7.779262792569115E-001   1.622868411397083E-001
         544  -6.985350260155543E-001  -2.005262984824346E-001
         545  -6.985350260155543E-001   2.005262984824346E-001
         546  -7.857539446251594E-001  -1.034492787375421E-001
         547  -7.857539446251594E-001   1.034492787375421E-001
         548  -7.246359938487510E-001  -1.537934914776998E-001
         549  -7.246359938487510E-001   1.537934914776998E-001
         550  -7.827135057781365E-001  -4.284729909609487E-002
         551  -7.827135057781365E-001   4.284729909609487E-002
         552  -7.780163353179426E-001   0.000000000000000E+000
         553  -7.650128610134063E-001   0.000000000000000E+000
         554  -7.562048317745045E-001  -5.864976892585913E-002
         555  -7.562048317745045E-001   5.864976892585913E-002
         556  -7.374841618465786E-001  -1.001014719451843E-001
         557  -7.374841618465786E-001   1.001014719451843E-001
         558  -5.221580765587126E-001  -3.364026630705578E-001
         559  -5.221580765587126E-001   3.364026630705578E-001
         560  -5.269599384331278E-001  -3.006433190223327E-001
         561  -5.269599384331278E-001   3.006433190223327E-001
         562  -5.798441354496602E-001  -2.273236737854751E-001
         563  -5.798441354496602E-001   2.273236737854751E-001
         564  -5.433296103455880E-001  -2.168467197162274E-001
         565  -5.433296103455880E-001   2.168467197162274E-001
         566  -6.143815467030509E-001  -1.291950845714245E-001
         567  -6.143815467030509E-001   1.291950845714245E-001
         568  -5.750453928047089E-001  -1.335981271565827E-001
         569  -5.750453928047089E-001   1.335981271565827E-001
         570  -6.335760183348678E-001  -3.774953914146301E-002
         571  -6.335760183348678E-001   3.774953914146301E-002
         572  -5.771517381378326E-001   0.000000000000000E+000
         573  -5.383927858035656E-001   0.000000000000000E+000
         574   2.991783143109421E-001   0.000000000000000E+000
         575  -6.392402612135306E-003  -1.222949213153342E-001
         576  -6.392402612135306E-003   1.222949213153342E-001



           - AUTOVALORES DIFERENTES E REAIS e positivos - 
          REAL
           1   2.991783143109421E-001
           2        2.217953884884118
           3        6.163878106990267
